01/93 -2838 -417 3255
02/93 -233 -3165 3398
02/93 -2662 -2237 4899
02/93 849 1803 -2652
02/93 -1893 -1245 3138
03/93 600 -3466 2866
03/93 8417 -9138 721
03/93 14277 -9381 -4896
03/93 14298 -9240 -5058
03/93 13998 -5136 -8862
04/93 20095 -9139 -10956
04/93 926 -1751 825
04/93 -3327 1163 2164
04/93 -1914 5563 -3649
05/93 10887 -5561 -5326
05/93 10762 -1081 -9681
05/93 26997 -4239 -22758
05/93 20535 3137 -23672
06/93 20150 7424 -27574
06/93 14386 1813 -16199
06/93 -7781 5698 2083
06/93 -13580 4106 9474
06/93 -14992 5522 9470
07/93 -11857 3441 8416
07/93 -4462 -6262 10724
07/93 -5644 -1731 7375
07/93 6645 -1739 -4906
08/93 6399 -1492 -4907
08/93 14586 -8643 -5943
08/93 10940 -6593 -4347
08/93 -8425 4117 4308
08/93 -3638 5157 -1519
09/93 -3443 4329 -886
09/93 7176 -1431 -5745
09/93 4616 -2805 -1811
09/93 4600 -4076 -524
10/93 1712 526 -2238
10/93 4972 -2229 -2743
10/93 10061 -5106 -4955
10/93 33005 -11652 -21353
11/93 43284 -8053 -35231
11/93 39427 -10266 -29161
11/93 37978 -6273 -31705
11/93 42039 -6732 -35307
11/93 52967 -11719 -41248
12/93 46554 -18786 -27768
12/93 40984 -22296 -18688
12/93 40552 -19289 -21263
12/93 32393 -18192 -14201
01/94 49041 -21823 -27218
01/94 19966 -12527 -7439
01/94 15400 -7920 -7480
01/94 6097 -2846 -3251
02/94 3466 -2386 -1080
02/94 32248 -10383 -21865
02/94 25511 -9838 -15673
02/94 33424 -5008 -28416
03/94 46604 -11375 -35229
03/94 47209 -9477 -37732
03/94 41228 -5881 -35347
03/94 46503 -12684 -33819
03/94 43643 -12338 -31305
04/94 19623 7275 -26898
04/94 11983 18080 -30063
04/94 19036 7859 -26895
04/94 8437 13519 -21956
05/94 23401 1362 -24763
05/94 15625 2845 -18470
05/94 21317 203 -21520
05/94 25811 -13001 -12810
05/94 31721 -13542 -18179
06/94 22565 -6901 -15664
06/94 26173 -11796 -14377
06/94 31437 -7580 -23857
06/94 26296 -10460 -15836
07/94 26390 -6570 -19820
07/94 33700 -4018 -29682
07/94 19601 1625 -21226
07/94 13494 4256 -17750
08/94 8281 -1282 -6999
08/94 27540 -9038 -18502
08/94 23806 -6936 -16870
08/94 26909 -10581 -16328
08/94 28259 -10066 -18193
09/94 35124 -18639 -16485
09/94 37175 -17801 -19374
09/94 48795 -24319 -24476
09/94 44771 -21908 -22863
10/94 45489 -11760 -33729
10/94 48334 -17688 -30646
10/94 40290 -11740 -28550
10/94 38157 -10651 -27506
11/94 46808 -15057 -31751
11/94 35939 -10645 -25294
11/94 36921 -17617 -19304
11/94 31397 -10755 -20642
11/94 24523 -6677 -17846
12/94 19214 -8658 -10556
12/94 16793 -5029 -11764
12/94 18908 -8558 -10350
12/94 23545 -10282 -13263
01/95 28890 -12134 -16756
01/95 29960 -15348 -14612
01/95 18306 -9632 -8674
01/95 24732 -7333 -17399
01/95 15179 -11104 -4075
02/95 17030 -9991 -7039
02/95 19266 -11761 -7505
02/95 24690 -11328 -13362
02/95 38706 -18608 -20098
03/95 36374 -16848 -19526
03/95 40967 -24664 -16303
03/95 30229 -15856 -14373
03/95 37060 -22872 -14188
04/95 28624 -19748 -8876
04/95 33621 -24977 -8644
04/95 34986 -24172 -10814
04/95 30006 -16040 -13966
05/95 31198 -19520 -11678
05/95 38899 -22521 -16378
05/95 43870 -30916 -12954
05/95 14422 -8205 -6217
05/95 14592 -5675 -8917
06/95 21793 -8574 -13219
06/95 29950 -15073 -14877
06/95 28094 -9493 -18601
06/95 17956 -9389 -8567
07/95 34263 -17345 -16918
07/95 37128 -21832 -15296
07/95 29244 -14211 -15033
07/95 42751 -18045 -24706
08/95 50711 -20896 -29815
08/95 46699 -11893 -34806
08/95 46757 -13735 -33022
08/95 44727 -9488 -35239
08/95 34252 -10493 -23759
09/95 20710 -5049 -15661
09/95 8354 1861 -10215
09/95 10436 -976 -9460
09/95 10792 4329 -15121
10/95 9290 7786 -17076
10/95 -809 6839 -6030
10/95 7752 1985 -9737
10/95 3998 4715 -8713
10/95 10622 697 -11319
11/95 3877 2613 -6490
11/95 7380 385 -7765
11/95 5744 5788 -11532
11/95 605 9085 -9690
12/95 3330 4077 -7407
12/95 8154 1918 -10072
12/95 8385 1594 -9979
12/95 2646 4208 -6854
01/96 1474 3364 -4838
01/96 3004 1218 -4222
01/96 7185 658 -7843
01/96 -9818 13347 -3529
01/96 -8026 11263 -3237
02/96 -5390 14630 -9240
02/96 -9841 14338 -4497
02/96 40962 -6896 -34066
02/96 52485 -16613 -35872
03/96 45395 -8738 -36657
03/96 24388 1309 -25697
03/96 24754 8172 -32926
03/96 22244 8140 -30384
04/96 24411 5608 -30019
04/96 23528 4661 -28189
04/96 28196 4528 -32724
04/96 25873 5920 -31793
04/96 18155 12032 -30187
05/96 20818 8522 -29340
05/96 -9447 28418 -18971
05/96 14517 6805 -21322
05/96 17380 3828 -21208
06/96 32712 -601 -32111
06/96 29509 -1203 -28306
06/96 25737 1740 -27477
06/96 13483 7586 -21069
07/96 -4279 19986 -15707
07/96 11871 6346 -18217
07/96 16197 3797 -19994
07/96 -3884 19192 -15308
07/96 -4879 19214 -14335
08/96 -19806 26320 -6514
08/96 -18904 30425 -11521
08/96 -10064 20284 -10220
08/96 1533 15259 -16792
09/96 17739 4191 -21930
09/96 25687 -1319 -24368
09/96 16370 -5121 -11249
09/96 8503 4367 -12870
10/96 -10982 15686 -4704
10/96 -12539 13021 -482
10/96 -8545 8448 97
10/96 -5779 5676 103
10/96 -3915 4776 -861
11/96 -11388 11438 -50
11/96 -11859 8312 3547
11/96 -11905 16978 -5073
11/96 -13675 16380 -2705
12/96 -19410 24920 -5510
12/96 -10673 21751 -11078
12/96 9705 1239 -10944
12/96 18052 -3137 -14915
12/96 15403 31 -15434
01/97 38007 -12774 -25233
01/97 34384 -10735 -23649
01/97 39875 -13046 -26829
01/97 35573 -8220 -27353
02/97 29606 -6931 -22675
02/97 9228 8733 -17961
02/97 -9491 11521 -2030
02/97 1018 5146 -6164
03/97 31889 -7553 -24336
03/97 31893 -7850 -24043
03/97 38668 -15707 -22961
03/97 29656 -5704 -23952
04/97 53013 -22350 -30663
04/97 53056 -20760 -32296
04/97 51911 -20648 -31263
04/97 61251 -26565 -34686
04/97 61317 -26705 -34612
05/97 24969 992 -25961
05/97 26055 -4437 -21618
05/97 25104 -2189 -22915
05/97 28517 -962 -27555
06/97 4938 10925 -15863
06/97 -3528 15635 -12107
06/97 5257 10525 -15782
06/97 -3316 18742 -15426
07/97 -7997 25134 -17137
07/97 -7938 19503 -11565
07/97 -17718 24230 -6512
07/97 -21773 29217 -7444
07/97 -3142 18752 -15610
08/97 322 7785 -8107
08/97 6308 10470 -16778
08/97 8934 3384 -12318
08/97 18152 -531 -17621
09/97 33848 -17577 -16271
09/97 32948 -12679 -20269
09/97 -888 8809 -7921
09/97 -32037 33971 -1934
09/97 -33280 33367 -87
10/97 -42142 38648 3494
10/97 -26752 27591 -839
10/97 -21741 27913 -6172
10/97 -23681 27404 -3723
11/97 -21253 20601 652
11/97 -20538 17136 3402
11/97 -37067 34483 2584
11/97 -37953 21443 16510
12/97 -34880 30891 3989
12/97 5861 3507 -9368
12/97 -21647 21516 131
12/97 -30737 32325 -1588
12/97 -34379 30633 3746
12/97 -14854 16354 -1500
01/98 -21188 12164 9024
01/98 -27577 14785 12792
01/98 -23887 11993 11894
01/98 -10074 5359 4715
02/98 -21970 15693 6277
02/98 -11235 12145 -910
02/98 -41165 34777 6388
02/98 -30923 24599 6324
03/98 -15347 12248 3099
03/98 9808 -1273 -8535
03/98 8385 -5759 -2626
03/98 6544 -7887 1343
03/98 6110 -13432 7322
04/98 -20654 12034 8620
04/98 -12688 4175 8513
04/98 -10009 7471 2538
04/98 24052 -9305 -14747
05/98 31789 -15538 -16251
05/98 -18954 -20950 39904
05/98 28055 -17890 -10165
05/98 12028 -5575 -6453
06/98 -12644 7525 5119
06/98 -18129 9885 8244
06/98 -44277 33006 11271
06/98 -36590 25232 11358
06/98 -52262 33074 19188
07/98 -38129 27922 10207
07/98 -30691 24703 5988
07/98 -34118 27272 6846
07/98 -24753 21447 3306
08/98 -37020 24142 12878
08/98 -57240 40051 17189
08/98 -55748 40884 14864
08/98 -63491 47795 15696
09/98 -62640 49545 13095
09/98 -26221 29510 -3289
09/98 -19582 14001 5581
09/98 -24936 25068 -132
09/98 -27035 25927 1108
10/98 8531 8583 -17114
10/98 -806 -6424 7230
10/98 1555 -1866 311
10/98 15333 -18033 2700
11/98 17399 -20574 3175
11/98 20810 -24540 3730
11/98 22708 -22302 -406
11/98 14212 -25237 11025
12/98 5944 -13089 7145
12/98 10448 -23986 13538
12/98 -15310 5502 9808
12/98 -8523 -1170 9693
12/98 2011 -2507 496
01/99 12615 -7300 -5315
01/99 44668 -39427 -5241
01/99 35710 -30075 -5635
01/99 32501 -21583 -10918
02/99 43059 -28736 -14323
02/99 53643 -39882 -13761
02/99 45704 -29476 -16228
02/99 57191 -26698 -30493
03/99 38550 -18004 -20546
03/99 40039 -14161 -25878
03/99 34358 -9251 -25107
03/99 32806 -2687 -30119
03/99 17561 58 -17619
04/99 12545 2697 -15242
04/99 -19321 32143 -12822
04/99 -7253 18266 -11013
04/99 -6609 15654 -9045
05/99 5773 10725 -16498
05/99 34246 -9334 -24912
05/99 46184 -22036 -24148
05/99 37101 -11279 -25822
06/99 60544 -30587 -29957
06/99 77191 -44254 -32937
06/99 81629 -58399 -23230
06/99 62073 -46791 -15282
06/99 52973 -39859 -13114
07/99 48082 -31495 -16587
07/99 43096 -23879 -19217
07/99 17619 -8723 -8896
07/99 45277 -22479 -22798
08/99 50409 -32813 -17596
08/99 67293 -43904 -23389
08/99 47838 -22849 -24989
08/99 53480 -24377 -29103
08/99 55717 -32874 -22843
09/99 75897 -51753 -24144
09/99 96094 -60228 -35866
09/99 82801 -54739 -28062
09/99 62249 -50310 -11939
10/99 70562 -44090 -26472
10/99 73559 -41884 -31675
10/99 91472 -50629 -40843
10/99 95779 -55343 -40436
11/99 69466 -38185 -31281
11/99 43005 -26773 -16232
11/99 48064 -33088 -14976
11/99 48037 -28337 -19700
11/99 60784 -40259 -20525
12/99 47205 -27713 -19492
12/99 32015 -16108 -15907
12/99 56311 -35874 -20437
12/99 62946 -41118 -21828
01/00 82436 -56351 -26085
01/00 90667 -70389 -20278
01/00 91755 -72320 -19435
01/00 84942 -72859 -12083
02/00 50425 -35062 -15363
02/00 40348 -24528 -15820
02/00 31980 -26156 -5824
02/00 2440 -2456 16
02/00 -11470 12494 -1024
03/00 -26516 23139 3377
03/00 -36680 34898 1782
03/00 -55019 46514 8505
03/00 -56726 51693 5033
04/00 -47837 49511 -1674
04/00 -24920 39518 -14598
04/00 -55966 52812 3154
04/00 -52467 55078 -2611
05/00 -52313 58426 -6113
05/00 -53743 58204 -4461
05/00 -27228 44206 -16978
05/00 12144 4730 -16874
05/00 -6276 24612 -18336
06/00 -29009 31823 -2814
06/00 -22825 28334 -5509
06/00 -20305 32625 -12320
06/00 -42179 50224 -8045
07/00 -51444 63751 -12307
07/00 -52829 62401 -9572
07/00 -47177 56889 -9712
07/00 -49800 56588 -6788
08/00 -66675 62741 3934
08/00 -76900 67248 9652
08/00 -60582 54927 5655
08/00 -66775 64357 2418
08/00 -68814 71604 -2790
09/00 -67733 70013 -2280
09/00 -77990 91249 -13259
09/00 -81037 92783 -11746
09/00 -106354 114001 -7647
10/00 -106391 116613 -10222
10/00 -100374 101841 -1467
10/00 -120033 113464 6569
10/00 -91183 91740 -557
10/00 -111311 100670 10641
11/00 -121576 112702 8874
11/00 -115131 107787 7344
11/00 -121228 116099 5129
11/00 -130040 111607 18433
12/00 -99108 76848 22260
12/00 -79762 62699 17063
12/00 -81722 68166 13556
12/00 -89588 76748 12840
01/01 -100811 91720 9091
01/01 -97682 90807 6875
01/01 -110882 87124 23758
01/01 -102285 84869 17416
01/01 -143140 109238 33902
02/01 -124358 95621 28737
02/01 -123633 98743 24890
02/01 -95397 82433 12964
02/01 -91299 74641 16658
03/01 -107414 94651 12763
03/01 -110506 96734 13772
03/01 -118596 103159 15437
03/01 -87090 88039 -949
04/01 -90974 95989 -5015
04/01 -93553 101951 -8398
04/01 -62186 75431 -13245
04/01 -38946 59243 -20297
05/01 -39218 50533 -11315
05/01 -45143 55357 -10214
05/01 -16495 44294 -27799
05/01 -6443 42048 -35605
05/01 3362 24834 -28196
06/01 4994 23919 -28913
06/01 11200 20082 -31282
06/01 -13223 40929 -27706
06/01 -37640 54068 -16428
07/01 -26646 51135 -24489
07/01 -21199 43659 -22460
07/01 -14447 40957 -26510
07/01 -41767 55308 -13541
07/01 -58055 64292 -6237
08/01 -50396 55037 -4641
08/01 -78160 69851 8309
08/01 -54275 61185 -6910
08/01 -91161 91444 -283
09/01 -40957 58019 -17062
09/01 -30357 49965 -19608
09/01 -41168 44316 -3148
09/01 -46139 53406 -7267
10/01 -39788 37490 2298
10/01 -31354 32641 -1287
10/01 -34898 29075 5823
10/01 -47852 43412 4440
10/01 -50094 52416 -2322
11/01 -39524 54021 -14497
11/01 -38174 52126 -13952
11/01 -43092 47568 -4476
11/01 -36949 45126 -8177
12/01 5375 19925 -25300
12/01 -15097 35697 -20600
12/01 -9707 45898 -36191
12/01 3378 39127 -42505
12/01 -14082 53109 -39027
01/02 3827 37715 -41542
01/02 11950 33583 -45533
01/02 15804 35699 -51503
01/02 5454 32746 -38200
02/02 8577 33412 -41989
02/02 17234 34850 -52084
02/02 1328 33498 -34826
02/02 -2464 42123 -39659
03/02 6308 48225 -54533
03/02 476 54384 -54860
03/02 14702 43968 -58670
03/02 25259 26229 -51488
04/02 41407 18715 -60122
04/02 46189 21757 -67946
04/02 33847 37552 -71399
04/02 29536 46799 -76335
04/02 29423 26310 -55733
05/02 41220 16873 -58093
05/02 68418 -2315 -66103
05/02 64857 -13368 -51489
05/02 47287 -4051 -43236
06/02 69350 -20497 -48853
06/02 72651 -18406 -54245
06/02 73820 -25369 -48451
06/02 75616 -25900 -49716
07/02 54607 -21979 -32628
07/02 48566 -24922 -23644
07/02 49523 -5765 -43758
07/02 48981 3521 -52502
07/02 22958 14080 -37038
08/02 24643 16138 -40781
08/02 46158 35000 -81158
08/02 9363 24206 -33569
08/02 -3856 59112 -55256
09/02 18681 26944 -45625
09/02 51046 -946 -50100
09/02 67224 -23182 -44042
09/02 110025 -54849 -55176
10/02 118964 -67657 -51307
10/02 155368 -99247 -56121
10/02 163542 -115422 -48120
10/02 124291 -68767 -55524
10/02 122295 -77907 -44388
11/02 136110 -80970 -55140
11/02 119954 -67598 -52356
11/02 77846 -27677 -50169
11/02 4723 50403 -55126
12/02 -67 57387 -57320
12/02 6562 53196 -59758
12/02 23646 25773 -49419
12/02 5708 33460 -39168
12/02 -32083 55279 -23196
01/03 -27046 42007 -14961
01/03 -10435 39498 -29063
01/03 -1797 30530 -28733
01/03 -18441 50501 -32060
02/03 -38153 46365 -8212
02/03 -48972 68007 -19035
02/03 -40541 56539 -15998
02/03 -42919 65952 -23033
03/03 -6677 43063 -36386
03/03 16683 12271 -28954
03/03 70269 -21418 -48851
03/03 60547 -4484 -56063
04/03 51386 10819 -62205
04/03 40171 26979 -67150
04/03 40533 26737 -67270
04/03 38308 23475 -61783
04/03 38258 21460 -59718
05/03 7962 27158 -35120
05/03 21501 -1425 -20076
05/03 13935 6565 -20500
05/03 -1059 43124 -42065
06/03 -17984 56223 -38239
06/03 23925 22087 -46012
06/03 72460 -18561 -53899
06/03 59981 2278 -62259
07/03 102751 -40626 -62125
07/03 94053 -31270 -62783
07/03 120462 -59304 -61158
07/03 86644 -35502 -51142
07/03 71077 -43736 -27341
08/03 36512 15165 -51677
08/03 40467 956 -41423
08/03 28580 25844 -54424
08/03 53071 -4668 -48403
09/03 80997 -14513 -66484
09/03 58366 -10760 -47606
09/03 61247 -14445 -46802
09/03 63642 3211 -66853
09/03 93564 -36056 -57508
10/03 174543 -98729 -75814
10/03 163255 -96741 -66514
10/03 154440 -81564 -72876
10/03 141437 -67684 -73753
11/03 168776 -63615 -105161
11/03 180118 -62391 -117727
11/03 179037 -78528 -100509
11/03 123486 -37504 -85982
12/03 160066 -83046 -77020
12/03 188165 -72496 -115669
12/03 164305 -72450 -91855
12/03 147856 -58770 -89086
12/03 158816 -53397 -105419
01/04 173245 -79191 -94054
01/04 140709 -51526 -89183
01/04 146383 -59685 -86698
01/04 169998 -72583 -97415
02/04 166521 -49823 -116698
02/04 157614 -53187 -104427
02/04 121851 -12128 -109723
02/04 69476 52831 -122307
03/04 117401 -1047 -116354
03/04 137115 -23302 -113813
03/04 126283 -40105 -86178
03/04 183650 -91671 -91979
03/04 188656 -70956 -117700
04/04 194717 -70563 -124154
04/04 218478 -100749 -117729
04/04 232784 -114820 -117964
04/04 287337 -191271 -96066
05/04 278056 -165896 -112160
05/04 239706 -151847 -87859
05/04 269021 -168126 -100895
05/04 228824 -130267 -98557
06/04 296973 -173219 -123754
06/04 302520 -182370 -120150
06/04 245735 -119798 -125937
06/04 281429 -174984 -106445
06/04 313543 -202921 -110622
07/04 307313 -191544 -115769
07/04 337351 -216251 -121100
07/04 324652 -211749 -112903
07/04 307655 -171740 -135915
08/04 288668 -170852 -117816
08/04 258506 -143629 -114877
08/04 205881 -106385 -99496
08/04 208182 -110472 -97710
08/04 148403 -33316 -115087
09/04 181345 -50387 -130958
09/04 108321 640 -108961
09/04 80619 32283 -112902
09/04 39927 75554 -115481
10/04 62332 53444 -115776
10/04 37727 58206 -95933
10/04 -1425 95845 -94420
10/04 -16678 125467 -108789
11/04 16970 101527 -118497
11/04 18754 131544 -150298
11/04 41135 101454 -142589
11/04 27081 135371 -162452
11/04 124303 67427 -191730
12/04 143945 22206 -166151
12/04 98315 49275 -147590
12/04 76394 29590 -105984
12/04 80583 47583 -128166
01/05 138198 31985 -170183
01/05 162417 -5137 -157280
01/05 122432 33546 -155978
01/05 277863 -53586 -224277
02/05 291504 -55456 -236048
02/05 220379 -6381 -213998
02/05 155176 45792 -200968
02/05 156927 86920 -243847
03/05 308906 -20190 -288716
03/05 450187 -110143 -340044
03/05 508893 -147054 -361839
03/05 576211 -219385 -356826
03/05 525204 -214230 -310974
04/05 502541 -201595 -300946
04/05 412621 -189254 -223367
04/05 388933 -196675 -192258
04/05 319500 -129266 -190234
05/05 262164 -101098 -161066
05/05 290276 -127198 -163078
05/05 301901 -126874 -175027
05/05 105408 74544 -179952
05/05 116137 33762 -149899
06/05 148247 20135 -168382
06/05 193845 -30553 -163292
06/05 216060 -51033 -165027
06/05 192155 -20904 -171251
07/05 93220 57302 -150522
07/05 153845 10714 -164559
07/05 163319 929 -164248
07/05 165499 23410 -188909
08/05 126148 111075 -237223
08/05 122223 75981 -198204
08/05 90574 98409 -188983
08/05 127593 58841 -186434
08/05 89085 26703 -115788
09/05 157703 10389 -168092
09/05 124847 2756 -127603
09/05 87429 -19654 -67775
09/05 110515 23533 -134048
10/05 156689 8777 -165466
10/05 142527 18213 -160740
10/05 128295 37210 -165505
10/05 239142 -83318 -155824
11/05 229289 -66527 -162762
11/05 143324 10220 -153544
11/05 67159 12391 -79550
11/05 82208 52198 -134406
11/05 97115 59809 -156924
12/05 70117 61595 -131712
12/05 56330 111130 -167460
12/05 78298 108692 -186990
12/05 39112 109642 -148754
01/06 8485 136957 -145442
01/06 43488 107991 -151479
01/06 -4074 117996 -113922
01/06 -15208 163267 -148059
01/06 23544 158743 -182287
02/06 44924 137913 -182837
02/06 36811 150834 -187645
02/06 28457 146596 -175053
02/06 -27634 182758 -155124
03/06 24598 147973 -172571
03/06 9181 183337 -192518
03/06 2037 263723 -265760
03/06 49291 173662 -222953
04/06 63373 151221 -214594
04/06 29823 172680 -202503
04/06 20412 176482 -196894
04/06 176792 -487 -176305
05/06 163433 28186 -191619
05/06 179375 27300 -206675
05/06 87725 106571 -194296
05/06 73853 92608 -166461
05/06 73305 60016 -133321
06/06 64580 70754 -135334
06/06 72550 42593 -115143
06/06 57490 62253 -119743
06/06 34431 89040 -123471
07/06 -10448 148224 -137776
07/06 -16888 138698 -121810
07/06 741 119260 -120001
07/06 -37789 152893 -115104
08/06 -100915 197651 -96736
08/06 -185814 261215 -75401
08/06 -266731 312492 -45761
08/06 -322153 347559 -25406
08/06 -406335 430530 -24195
09/06 -323659 389405 -65746
09/06 -382840 438138 -55298
09/06 -401314 478610 -77296
09/06 -380694 475578 -94884
10/06 -468706 520871 -52165
10/06 -398196 461044 -62848
10/06 -352537 435773 -83236
10/06 -326907 424998 -98091
10/06 -279269 375508 -96239
11/06 -291764 350696 -58932
11/06 -282529 339733 -57204
11/06 -275334 396023 -120689
11/06 -298655 364760 -66105
12/06 -247294 314946 -67652
12/06 -302875 354647 -51772
12/06 -247889 332180 -84291
12/06 -215924 313689 -97765
01/07 -225448 333771 -108323
01/07 -181910 301405 -119495
01/07 -146037 289357 -143320
01/07 -143784 294701 -150917
01/07 -130035 253402 -123367
02/07 -147889 260148 -112259
02/07 -87432 220082 -132650
02/07 -126150 207289 -81139
02/07 -205689 296152 -90463
03/07 -249430 325194 -75764
03/07 -327285 367558 -40273
03/07 -414105 442957 -28852
03/07 -370260 438849 -68589
04/07 -354582 442904 -88322
04/07 -272284 412517 -140233
04/07 -242019 405604 -163585
04/07 -275032 415106 -140074
05/07 -280904 405604 -124700
05/07 -326025 418341 -92316
05/07 -350643 439967 -89324
05/07 -296711 400206 -103495
05/07 -214698 358100 -143402
06/07 -64795 213689 -148894
06/07 -99828 246227 -146399
06/07 -68050 245304 -177254
06/07 -150728 345434 -194706
07/07 -152369 347785 -195416
07/07 -120339 280236 -159897
07/07 -172434 335733 -163299
07/07 -238775 352266 -113491
07/07 -429306 514606 -85300
08/07 -490116 606509 -116393
08/07 -519241 608492 -89251
08/07 -419198 479381 -60183
08/07 -322345 392830 -70485
09/07 -267567 326978 -59411
09/07 -239674 333389 -93715
09/07 -238665 311068 -72403
09/07 -228874 292584 -63710
10/07 -282737 349516 -66779
10/07 -206563 298061 -91498
10/07 -150672 263348 -112676
10/07 -160795 265020 -104225
10/07 -222495 311043 -88548
11/07 -339277 392641 -53364
11/07 -289022 367218 -78196
11/07 -311112 461456 -150344
11/07 -351093 409134 -58041
12/07 -377730 442087 -64357
12/07 -295145 376397 -81252
12/07 -214495 292990 -78495
12/07 -173296 248426 -75130
12/07 -159672 236037 -76365
01/08 -103388 180425 -77037
01/08 -71563 137012 -65449
01/08 -60958 171332 -110374
01/08 -19871 109325 -89454
02/08 -5499 113089 -107590
02/08 -10824 118463 -107639
02/08 -49036 142174 -93138
02/08 -36889 169205 -132316
03/08 -169435 223301 -53866
03/08 -30922 101004 -70082
03/08 115971 -12404 -103567
03/08 158154 -81557 -76597
04/08 173043 -85187 -87856
04/08 180323 -85916 -94407
04/08 195520 -85745 -109775
04/08 190213 -94821 -95392
04/08 195678 -60563 -135115
05/08 188875 -82809 -106066
05/08 116183 -37806 -78377
05/08 76165 30307 -106472
05/08 82581 42514 -125095
06/08 78658 67041 -145699
06/08 94434 23696 -118130
06/08 158790 -6028 -152762
06/08 126718 3057 -129775
07/08 117495 -13282 -104213
07/08 66299 15822 -82121
07/08 80301 -43577 -36724
07/08 168221 -109016 -59205
07/08 218307 -127952 -90355
08/08 132658 -84436 -48222
08/08 112332 -71622 -40710
08/08 105825 -63047 -42778
08/08 28402 -5273 -23129
09/08 35337 23982 -59319
09/08 34762 21454 -56216
09/08 52688 -10544 -42144
09/08 80534 -21215 -59319
09/08 75780 -48722 -27058
10/08 24502 51054 -75556
10/08 86973 -21973 -65000
10/08 80299 -3497 -76802
10/08 87754 -26682 -61072
11/08 47301 20425 -67726
11/08 60767 -5431 -55336
11/08 29487 16375 -45862
11/08 -15882 74489 -58607
12/08 22017 16518 -38535
12/08 50465 11383 -61848
12/08 65084 2678 -67762
12/08 47844 9603 -57447
12/08 35453 16111 -51564
01/09 46435 15451 -61886
01/09 59522 10164 -69686
01/09 72338 2139 -74477
01/09 42745 24853 -67598
02/09 78582 -1822 -76760
02/09 49154 -8075 -41079
02/09 28561 -8614 -19947
02/09 66542 -26928 -39614
03/09 68481 -62995 -5486
03/09 90098 -60500 -29598
03/09 79726 -67536 -12190
03/09 42717 -41651 -1066
03/09 72031 -46741 -25290
04/09 91794 -60342 -31452
04/09 78997 -37717 -41280
04/09 123999 -88280 -35719
04/09 125129 -81920 -43209
05/09 151790 -96549 -55241
05/09 116514 -51596 -64918
05/09 141962 -78979 -62983
05/09 213466 -179409 -34057
06/09 157425 -135172 -22253
06/09 113814 -97648 -16166
06/09 123921 -93727 -30194
06/09 135716 -87147 -48569
06/09 170966 -112393 -58573
07/09 173827 -124849 -48978
07/09 151143 -110214 -40929
07/09 140763 -75628 -65135
07/09 212967 -112734 -100233
08/09 216119 -117186 -98933
08/09 230176 -117788 -112388
08/09 221996 -112878 -109118
08/09 157527 -69627 -87900
09/09 143925 -125334 -18591
09/09 163600 -114472 -49128
09/09 114725 -87000 -27725
09/09 135055 -96143 -38912
09/09 108931 -67301 -41630
10/09 45033 -11215 -33818
10/09 68832 -39503 -29329
10/09 83567 -40772 -42795
10/09 179830 -71221 -108609
11/09 168076 -86551 -81525
11/09 164762 -71377 -93385
11/09 104383 -96723 -7660
11/09 73520 -70192 -3328
12/09 15365 -9312 -6053
12/09 27166 -8671 -18495
12/09 57210 -52781 -4429
12/09 107816 -84970 -22846
12/09 171617 -136356 -35261
01/10 221621 -149232 -72389
01/10 236194 -190708 -45486
01/10 186097 -143801 -42296
01/10 200375 -150466 -49909
02/10 140775 -129810 -10965
02/10 164330 -141303 -23027
02/10 156587 -144835 -11752
02/10 129078 -125386 -3692
03/10 99169 -107926 8757
03/10 100715 -106396 5681
03/10 63216 -89597 26381
03/10 153807 -157546 3739
03/10 283979 -249917 -34062
04/10 321841 -244733 -77108
04/10 356573 -274741 -81832
04/10 285470 -245711 -39759
04/10 237417 -218249 -19168
05/10 256704 -257880 1176
05/10 245961 -239797 -6164
05/10 253826 -267229 13403
05/10 226542 -196006 -30536
06/10 159999 -152592 -7407
06/10 235451 -192234 -43217
06/10 197237 -157587 -39650
06/10 183140 -136812 -46328
06/10 188969 -161338 -27631
07/10 136010 -115440 -20570
07/10 138334 -106157 -32177
07/10 183889 -144529 -39360
07/10 168055 -140551 -27504
08/10 211965 -191152 -20813
08/10 58455 -51888 -6567
08/10 56811 -47577 -9234
08/10 15001 -19920 4919
08/10 -59818 62919 -3101
09/10 24288 21780 -46068
09/10 9069 25888 -34957
09/10 -33215 53335 -20120
09/10 -5650 35115 -29465
10/10 -11593 23597 -12004
10/10 -54903 55748 -845
10/10 -74761 67347 7414
10/10 -4530 15756 -11226
11/10 -5817 38329 -32512
11/10 -36816 58661 -21845
11/10 -56691 97346 -40655
11/10 14837 27281 -42118
11/10 84175 -67655 -16520
12/10 97689 -45374 -52315
12/10 41204 -8104 -33100
12/10 139745 -77923 -61822
12/10 138833 -105593 -33240
01/11 129514 -76393 -53121
01/11 139335 -80696 -58639
01/11 148949 -86562 -62387
01/11 174149 -114318 -59831
02/11 179104 -133830 -45274
02/11 177910 -96155 -81755
02/11 196502 -116504 -79998
02/11 229611 -148229 -81382
03/11 135630 -73958 -61672
03/11 154343 -56717 -97626
03/11 172544 -117744 -54800
03/11 122927 -58430 -64497
03/11 115757 -16139 -99618
04/11 201986 -80665 -121321
04/11 205327 -81914 -123413
04/11 166320 -52892 -113428
04/11 148846 -34414 -114432
05/11 154933 -56111 -98822
05/11 190521 -131800 -58721
05/11 199338 -150044 -49294
05/11 129054 -83915 -45139
05/11 130308 -78572 -51736
06/11 62061 -36270 -25791
06/11 98874 -50348 -48526
06/11 62146 -13579 -48567
06/11 120672 -66963 -53709
07/11 136917 -92723 -44194
07/11 86353 -64456 -21897
07/11 68116 -38523 -29593
07/11 58975 -24347 -34628
08/11 89201 -72946 -16255
08/11 37321 9814 -47135
08/11 42310 -9687 -32623
08/11 60360 -13598 -46762
08/11 27289 137 -27426
09/11 59239 -35952 -23287
09/11 89708 -82901 -6807
09/11 142202 -113181 -29021
09/11 112704 -94945 -17759
10/11 121113 -114014 -7099
10/11 216140 -173836 -42304
10/11 163644 -136183 -27461
10/11 108563 -65880 -42683
11/11 134868 -128693 -6175
11/11 122355 -96175 -26180
11/11 95635 -99542 3907
11/11 22914 -15291 -7623
11/11 -8493 17301 -8808
12/11 -1859 9779 -7920
12/11 -20966 11792 9174
12/11 33685 -22541 -11144
12/11 27598 -2981 -24617
01/12 10459 6236 -16695
01/12 15661 20276 -35937
01/12 -49750 92503 -42753
01/12 138445 -43877 -94568
01/12 83967 -29583 -54384
02/12 109577 -43460 -66117
02/12 78754 -44400 -34354
02/12 110234 -65285 -44949
02/12 62768 -22496 -40272
03/12 90794 -23341 -67453
03/12 144382 -77289 -67093
03/12 275635 -180172 -95463
03/12 302648 -195717 -106931
04/12 312890 -212127 -100763
04/12 278038 -206589 -71449
04/12 237430 -176282 -61148
04/12 230112 -157090 -73022
05/12 191923 -144756 -47167
05/12 186151 -132728 -53423
05/12 164656 -163392 -1264
05/12 158074 -136190 -21884
05/12 93490 -81078 -12412
06/12 35128 -37892 2764
06/12 89585 -95385 5800
06/12 39720 -22997 -16723
06/12 57433 -55639 -1794
07/12 73728 -73378 -350
07/12 44431 -36583 -7848
07/12 49366 -65894 16528
07/12 61142 -77414 16272
07/12 29497 2055 -31552
08/12 40433 -14595 -25838
08/12 -22752 32336 -9584
08/12 -66560 97540 -30980
08/12 -54785 50692 4093
09/12 -130974 108685 22289
09/12 -123717 106560 17157
09/12 -123359 122436 923
09/12 -94028 83526 10502
10/12 -179998 161790 18208
10/12 -143926 118290 25636
10/12 -130595 135965 -5370
10/12 -62992 79296 -16304
10/12 -117919 169456 -51537
11/12 -50729 110357 -59628
11/12 -113676 158519 -44843
11/12 -112938 161413 -48475
11/12 -130872 187654 -56782
12/12 -146279 202691 -56412
12/12 -141135 136979 4156
12/12 -38479 67142 -28663
12/12 -33541 74151 -40610
12/12 -35853 78927 -43074
01/13 67409 44806 -112215
01/13 83496 27298 -110794
01/13 46138 66723 -112861
01/13 85452 42552 -128004
02/13 84229 46906 -131135
02/13 91446 51549 -142995
02/13 71734 53288 -125022
02/13 -56061 115908 -59847
03/13 -37154 76818 -39664
03/13 101125 -57346 -43779
03/13 42058 -3295 -38763
03/13 -34050 98190 -64140
04/13 -81632 110692 -29060
04/13 -104123 120779 -16656
04/13 -88354 135372 -47018
04/13 -77440 120640 -43200
04/13 -88073 132044 -43971
05/13 22996 37956 -60952
05/13 89687 -11153 -78534
05/13 66545 20206 -86751
05/13 138288 -35505 -102783
06/13 130163 19684 -149847
06/13 182782 -9195 -173587
06/13 130630 31229 -161859
06/13 110711 33011 -143722
07/13 190185 -22917 -167268
07/13 230270 -47110 -183160
07/13 178308 17735 -196043
07/13 246325 -32312 -214013
07/13 193526 11903 -205429
08/13 222185 -20096 -202089
08/13 291834 -66432 -225402
08/13 230562 -24840 -205722
08/13 305290 -110825 -194465
09/13 304070 -103094 -200976
09/13 309149 -85324 -223825
09/13 292888 -126026 -166862
09/13 234334 -89107 -145227
10/13 168272 -28536 -139736
10/13 229427 -87571 -141856
10/13 285071 -99788 -185283
10/13 272696 -142550 -130146
10/13 245881 -125670 -120211
11/13 323635 -189188 -134447
11/13 336799 -181079 -155720
11/13 338392 -180363 -158029
11/13 318038 -155554 -162484
12/13 383247 -167360 -215887
12/13 376660 -150029 -226631
12/13 380281 -155209 -225072
12/13 327541 -105768 -221773
12/13 417158 -173674 -243484
01/14 375929 -128045 -247884
01/14 268624 -50790 -217834
01/14 283391 -58391 -225000
01/14 295306 -117759 -177547
02/14 315561 -135301 -180260
02/14 335805 -142533 -193272
02/14 218393 -57144 -161249
02/14 173927 -12967 -160960
03/14 239096 -101370 -137726
03/14 294907 -118210 -176697
03/14 225806 -55014 -170792
03/14 239456 -61765 -177691
04/14 286739 -68776 -217963
04/14 358676 -155174 -203502
04/14 330777 -162278 -168499
04/14 312102 -145865 -166237
04/14 298911 -114425 -184486
05/14 324657 -129409 -195248
05/14 278375 -82180 -196195
05/14 254303 -97895 -156408
05/14 195475 -19078 -176397
06/14 163442 -43295 -120147
06/14 220973 -71903 -149070
06/14 270963 -85830 -185133
06/14 229823 -27292 -202531
07/14 256377 -69358 -187019
07/14 316596 -96772 -219824
07/14 259415 -53626 -205789
07/14 231144 -38159 -192985
07/14 204614 -5806 -198808
08/14 259580 -45131 -214449
08/14 223957 -50180 -173777
08/14 200277 -43534 -156743
08/14 155443 7940 -163383
09/14 231761 -82658 -149103
09/14 235390 -33267 -202123
09/14 221948 -6799 -215149
09/14 236337 8844 -245181
09/14 237419 -12505 -224914
10/14 287422 -92329 -195093
10/14 332006 -123168 -208838
10/14 243245 -90010 -153235
10/14 168694 -35824 -132870
11/14 166491 -47286 -119205
11/14 246269 -112458 -133811
11/14 237211 -127328 -109883
11/14 212299 -75327 -136972
12/14 287106 -162524 -124582
12/14 348135 -201335 -146800
12/14 392371 -258250 -134121
12/14 385693 -235916 -149777
12/14 408599 -261282 -147317
01/15 363976 -243180 -120796
01/15 309615 -181584 -128031
01/15 238474 -145598 -92876
01/15 197415 -107892 -89523
02/15 191753 -118780 -72973
02/15 129069 -44816 -84253
02/15 152174 -67208 -84966
02/15 190414 -109710 -80704
03/15 254923 -139474 -115449
03/15 281548 -138257 -143291
03/15 226542 -107530 -119012
03/15 259190 -179807 -79383
03/15 226795 -113810 -112985
04/15 239791 -162427 -77364
04/15 174976 -111903 -63073
04/15 253714 -153366 -100348
04/15 174562 -98565 -75997
05/15 310349 -183116 -127233
05/15 290906 -132444 -158462
05/15 237296 -85838 -151458
05/15 224446 -83534 -140912
06/15 242661 -73605 -169056
06/15 226433 -36579 -189854
06/15 253505 -96449 -157056
06/15 223503 -46736 -176767
06/15 136505 -3504 -133001
07/15 148432 -32738 -115694
07/15 145800 -5599 -140201
07/15 129440 27400 -156840
07/15 93070 65642 -158712
08/15 126791 32498 -159289
08/15 110906 47807 -158713
08/15 122577 7301 -129878
08/15 90829 1313 -92142
09/15 105187 -2795 -102392
09/15 128067 -23926 -104141
09/15 138331 -39478 -98853
09/15 93345 -8529 -84816
09/15 47914 22490 -70404
10/15 68049 -2543 -65506
10/15 51248 17692 -68940
10/15 101746 -37813 -63933
10/15 88475 -35663 -52812
11/15 245920 -164264 -81656
11/15 166405 -36936 -129469
11/15 205599 -48056 -157543
11/15 145631 35112 -180743
12/15 139948 15519 -155467
12/15 189267 -24549 -164718
12/15 141996 -11443 -130553
12/15 144101 -12210 -131891
12/15 107049 42981 -150030
01/16 130976 18286 -149262
01/16 201803 -43236 -158567
01/16 147575 -67746 -79829
01/16 35491 44541 -80032
02/16 70640 5853 -76493
02/16 124975 -62300 -62675
02/16 92793 -40277 -52516
02/16 -52313 84659 -32346
03/16 49672 2554 -52226
03/16 -3847 68087 -64240
03/16 -9502 65098 -55596
03/16 13198 50105 -63303
03/16 71862 -16863 -54999
04/16 163793 -117305 -46488
04/16 93532 -24364 -69168
04/16 74718 -24279 -50439
04/16 146342 -63775 -82567
05/16 164108 -82020 -82088
05/16 158489 -79260 -79229
05/16 178395 -112328 -66067
05/16 188535 -80252 -108283
05/16 213596 -140962 -72634
06/16 68509 15195 -83704
06/16 25605 45088 -70693
06/16 -60179 114665 -54486
06/16 -33609 83924 -50315
07/16 -40860 96109 -55249
07/16 -106268 131361 -25093
07/16 -50492 109371 -58879
07/16 -140552 185521 -44969
08/16 -76967 121220 -44253
08/16 -67370 118245 -50875
08/16 30180 26619 -56799
08/16 26319 48395 -74714
08/16 -6420 101516 -95096
09/16 -29593 104792 -75199
09/16 39906 68591 -108497
09/16 -35685 116880 -81195
09/16 -71056 140413 -69357
10/16 -35454 127169 -91715
10/16 61051 43827 -104878
10/16 43726 99922 -143648
10/16 65747 74506 -140253
11/16 188491 -35057 -153434
11/16 207795 -71660 -136135
11/16 31258 137396 -168654
11/16 7615 172648 -180263
11/16 296736 -96267 -200469
12/16 434578 -228604 -205974
12/16 441404 -268395 -173009
12/16 406984 -221058 -185926
12/16 546029 -341075 -204954
01/17 548697 -344931 -203766
01/17 644559 -394689 -249870
01/17 593813 -375736 -218077
01/17 478362 -297179 -181183
01/17 525913 -353651 -172262
02/17 524122 -304577 -219545
02/17 562700 -341524 -221176
02/17 518981 -302299 -216682
02/17 594711 -409659 -185052
03/17 525309 -298514 -226795
03/17 411989 -194392 -217597
03/17 327185 -100354 -226831
03/17 264839 -69677 -195162
04/17 242840 -55766 -187074
04/17 252058 -64529 -187529
04/17 197003 -41300 -155703
04/17 -56005 214642 -158637
05/17 -37945 179870 -141925
05/17 -24508 229119 -204611
05/17 -41248 240010 -198762
05/17 -185491 362501 -177010
05/17 -90113 258165 -168052
06/17 -59974 212066 -152092
06/17 -116293 273969 -157676
06/17 -200875 345172 -144297
06/17 -143874 302098 -158224
07/17 -101597 262962 -161365
07/17 -63836 257027 -193191
07/17 -132044 282329 -150285
07/17 -97813 280684 -182871
08/17 -45056 210880 -165824
08/17 -46704 229836 -183132
08/17 -49945 200592 -150647
08/17 -80303 261245 -180942
08/17 -123701 283719 -160018
09/17 -62634 221806 -159172
09/17 -108347 251679 -143332
09/17 -144751 270120 -125369
09/17 -121033 256626 -135593
10/17 -48466 232156 -183690
10/17 14705 192606 -207311
10/17 104546 106291 -210837
10/17 85298 153597 -238895
10/17 255073 2724 -257797
11/17 195713 50063 -245776
11/17 133459 74836 -208295
11/17 117453 111080 -228533
11/17 86636 123936 -210572
12/17 197975 14345 -212320
12/17 160931 44741 -205672
12/17 242045 -44230 -197815
12/17 274926 -83666 -191260
01/18 292210 -75840 -216370
01/18 437758 -196853 -240905
01/18 323916 -89259 -234657
01/18 397481 -117877 -279604
01/18 499265 -215600 -283665
02/18 578177 -327540 -250637
02/18 544599 -296935 -247664
02/18 485506 -214480 -271026
02/18 631797 -342889 -288908
03/18 612841 -362150 -250691
03/18 511659 -271369 -240290
03/18 551119 -313304 -237815
03/18 535439 -305212 -230227
04/18 566052 -375365 -190687
04/18 535978 -330635 -205343
04/18 543822 -371689 -172133
04/18 666213 -462133 -204080
05/18 659408 -445678 -213730
05/18 639852 -408629 -231223
05/18 616983 -381922 -235061
05/18 630213 -358627 -271586
05/18 699183 -471067 -228116
06/18 580450 -397546 -182904
06/18 546268 -335994 -210274
06/18 563167 -359463 -203704
06/18 523352 -355324 -168028
07/18 668468 -500076 -168392
07/18 614541 -439148 -175393
07/18 647675 -469138 -178537
07/18 698504 -509498 -189006
07/18 783016 -590128 -192888
08/18 774028 -586299 -187729
08/18 843257 -698194 -145063
08/18 852899 -700514 -152385
08/18 667882 -529820 -138062
09/18 738907 -682757 -56150
09/18 736595 -682684 -53911
09/18 730767 -684712 -46055
09/18 846693 -756316 -90377
10/18 812324 -740192 -72132
10/18 727351 -622422 -104929
10/18 701660 -615970 -85690
10/18 635029 -544033 -90996
10/18 584835 -502839 -81996
11/18 650680 -539186 -111494
11/18 442166 -333195 -108971
11/18 460615 -367265 -93350
11/18 420922 -284223 -136699
12/18 377307 -293186 -84121
12/18 414180 -393802 -20378
12/18 397340 -380779 -16561
12/18 319719 -317632 -2087
12/18 321916 -308287 -13629
01/19 177746 -188068 10322
01/19 156598 -200184 43586
01/19 112854 -125752 12898
01/19 109314 -134447 25133
02/19 119063 -162950 43887
02/19 126603 -165489 38886
02/19 191580 -215091 23511
02/19 178045 -233995 55950
03/19 202112 -233376 31264
03/19 124729 -176434 51705
03/19 101027 -163974 62947
03/19 112102 -166518 54416
04/19 164266 -224223 59957
04/19 217234 -261564 44330
04/19 263707 -275650 11943
04/19 311601 -323791 12190
04/19 249014 -287921 38907
05/19 292190 -330562 38372
05/19 300975 -352817 51842
05/19 331218 -423351 92133
05/19 306309 -376173 69864
06/19 418961 -467702 48741
06/19 311124 -365988 54864
06/19 340399 -402984 62585
06/19 219912 -281099 61187
07/19 259443 -288884 29441
07/19 215177 -288836 73659
07/19 289324 -347222 57898
07/19 311782 -380169 68387
07/19 311918 -383842 71924
08/19 321413 -390886 69473
08/19 331680 -414346 82666
08/19 334999 -401804 66805
08/19 221938 -309904 87966
09/19 348610 -377867 29257
09/19 243084 -300433 57349
09/19 197395 -229963 32568
09/19 127868 -196306 68438
10/19 91721 -163610 71889
10/19 68361 -122560 54199
10/19 39989 -99692 59703
10/19 63012 -84353 21341
10/19 125228 -116066 -9162
11/19 240121 -231456 -8665
11/19 188050 -148794 -39256
11/19 182638 -183524 886
11/19 125305 -145745 20440
12/19 241919 -221895 -20024
12/19 217135 -178921 -38214
12/19 253862 -245337 -8525
12/19 266190 -268686 2496
12/19 253088 -234750 -18338
01/20 186487 -179230 -7257
01/20 217766 -223573 5807
01/20 302156 -302532 376
01/20 270523 -270472 -51
02/20 347669 -358928 11259
02/20 401665 -398919 -2746
02/20 285873 -306250 20377
02/20 257791 -274024 16233
03/20 110973 -156684 45711
03/20 174228 -214583 40355
03/20 166737 -251113 84376
03/20 149573 -212029 62456
03/20 7156 -53036 45880
04/20 34346 -61024 26678
04/20 25955 -70798 44843
04/20 -15384 -34098 49482
04/20 -6311 -49424 55735
05/20 90098 -142271 52173
05/20 97267 -151487 54220
05/20 53372 -93132 39760
05/20 -6794 -38056 44850
06/20 18498 -52920 34422
06/20 -7301 2254 5047
06/20 -16726 -10885 27611
06/20 -33408 6516 26892
06/20 -56651 31015 25636
07/20 -68452 43187 25265
07/20 -111081 58107 52974
07/20 -86584 29044 57540
07/20 -140695 73192 67503
08/20 -124263 92065 32198
08/20 -62847 5500 57347
08/20 -140654 87004 53650
08/20 -84544 72337 12207
09/20 10080 -13477 3397
09/20 -19749 9507 10242
09/20 -59356 14777 44579
09/20 -140594 82180 58414
09/20 -184263 128576 55687
10/20 -91699 69513 22186
10/20 -99519 75257 24262
10/20 -53006 22996 30010
10/20 13934 16212 -30146
11/20 25382 -5690 -19692
11/20 -53057 94616 -41559
11/20 -103569 152319 -48750
11/20 -77329 114975 -37646
12/20 20265 25748 -46013
12/20 8654 29189 -37843
12/20 -6602 27379 -20777
12/20 -11639 50169 -38530
12/20 -6134 25249 -19115
01/21 14539 27695 -42234
01/21 162475 -50189 -112286
01/21 74968 46576 -121544
01/21 91064 36878 -127942
02/21 77594 58687 -136281
02/21 86115 79543 -165658
02/21 64055 103413 -167468
02/21 181377 2789 -184166
03/21 278002 -95611 -182391
03/21 250678 -46131 -204547
03/21 204053 4104 -208157
03/21 150830 12297 -163127
03/21 246189 -89802 -156387
04/21 128010 84559 -212569
04/21 233204 -2652 -230552
04/21 223746 15607 -239353
04/21 208930 55759 -264689
05/21 239211 -7245 -231966
05/21 249219 1217 -250436
05/21 220783 31654 -252437
05/21 174988 104398 -279386
06/21 210157 54844 -265001
06/21 100142 173420 -273562
06/21 209999 34336 -244335
06/21 263172 -2312 -260860
06/21 304490 -59960 -244530
07/21 279342 -25593 -253749
07/21 184216 55987 -240203
07/21 164936 88926 -253862
07/21 36905 164491 -201396
08/21 108613 87735 -196348
08/21 103879 108809 -212688
08/21 65390 145216 -210606
08/21 94012 113312 -207324
08/21 247621 -29819 -217802
09/21 225778 780 -226558
09/21 91595 129423 -221018
09/21 168160 61221 -229381
09/21 108708 181207 -289915
10/21 192710 141333 -334043
10/21 163158 156042 -319200
10/21 319388 -544 -318844
10/21 441515 -114845 -326670
11/21 606611 -268669 -337942
11/21 572247 -267332 -304915
11/21 598591 -294141 -304450
11/21 626237 -323415 -302822
11/21 567638 -313371 -254267
12/21 538925 -267006 -271919
12/21 532167 -273856 -258311
12/21 572563 -339299 -233264
12/21 458479 -213310 -245169
01/22 516075 -276923 -239152
01/22 602618 -343839 -258779
01/22 538664 -271442 -267222
01/22 500631 -264656 -235975
02/22 563801 -274875 -288926
