01/93 2530 -1017 -1513
02/93 851 134 -985
02/93 238 1316 -1554
02/93 234 1286 -1520
02/93 1021 220 -1241
03/93 2614 -517 -2097
03/93 4540 -3536 -1004
03/93 5476 -2629 -2847
03/93 3393 -1098 -2295
03/93 3436 -965 -2471
04/93 3013 -524 -2489
04/93 2687 -475 -2212
04/93 3241 -693 -2548
04/93 2771 -675 -2096
05/93 2478 229 -2707
05/93 1860 229 -2089
05/93 3282 229 -3511
05/93 2752 -204 -2548
06/93 3253 -179 -3074
06/93 3054 -184 -2870
06/93 2979 -454 -2525
06/93 2731 -856 -1875
06/93 3830 -2573 -1257
07/93 4531 -2714 -1817
07/93 3226 -1828 -1398
07/93 3729 -1859 -1870
07/93 873 1130 -2003
08/93 -304 2269 -1965
08/93 -2583 3894 -1311
08/93 -1968 3717 -1749
08/93 -667 1860 -1193
08/93 -1161 2530 -1369
09/93 -1952 3169 -1217
09/93 -3148 5474 -2326
09/93 -5199 5840 -641
09/93 -4578 5590 -1012
10/93 -3306 4390 -1084
10/93 -3631 4867 -1236
10/93 -3622 4910 -1288
10/93 -2888 4729 -1841
11/93 -3849 5450 -1601
11/93 -4115 5699 -1584
11/93 -3936 5323 -1387
11/93 -6132 7290 -1158
11/93 -5899 7116 -1217
12/93 -5478 8145 -2667
12/93 -5340 7777 -2437
12/93 -5473 8217 -2744
12/93 -2575 4600 -2025
01/94 -750 4088 -3338
01/94 -1407 4225 -2818
01/94 -22 2673 -2651
01/94 1894 164 -2058
02/94 863 969 -1832
02/94 5810 -2540 -3270
02/94 3407 -678 -2729
02/94 2723 599 -3322
03/94 2849 1052 -3901
03/94 3031 271 -3302
03/94 3179 -41 -3138
03/94 1396 1366 -2762
03/94 3371 800 -4171
04/94 2011 1403 -3414
04/94 1557 1424 -2981
04/94 2536 988 -3524
04/94 3790 -667 -3123
05/94 3969 -534 -3435
05/94 3038 -945 -2093
05/94 4305 -1469 -2836
05/94 3897 -1099 -2798
05/94 3583 -1553 -2030
06/94 154 1440 -1594
06/94 955 349 -1304
06/94 968 1190 -2158
06/94 -253 2698 -2445
07/94 246 1899 -2145
07/94 -49 1704 -1655
07/94 7603 -4749 -2854
07/94 7110 -4383 -2727
08/94 6385 -4676 -1709
08/94 258 1822 -2080
08/94 -1984 2684 -700
08/94 962 2390 -3352
08/94 4210 842 -5052
09/94 3542 1387 -4929
09/94 2701 1427 -4128
09/94 2978 1904 -4882
09/94 2665 1335 -4000
10/94 2653 932 -3585
10/94 2954 922 -3876
10/94 2043 903 -2946
10/94 2422 1427 -3849
11/94 2290 1436 -3726
11/94 3623 919 -4542
11/94 3772 256 -4028
11/94 2720 1852 -4572
11/94 3813 756 -4569
12/94 2192 1828 -4020
12/94 2394 -733 -1661
12/94 -515 2053 -1538
12/94 -156 1754 -1598
01/95 -177 1601 -1424
01/95 2342 -727 -1615
01/95 4699 -1222 -3477
01/95 5184 -725 -4459
01/95 4627 533 -5160
02/95 5493 891 -6384
02/95 4716 865 -5581
02/95 4352 840 -5192
02/95 4526 427 -4953
03/95 4719 123 -4842
03/95 4064 304 -4368
03/95 4217 -631 -3586
03/95 5147 -364 -4783
04/95 3534 -951 -2583
04/95 3829 -840 -2989
04/95 4056 -926 -3130
04/95 5187 -1301 -3886
05/95 4379 -785 -3594
05/95 2494 -200 -2294
05/95 6187 -3409 -2778
05/95 2632 -76 -2556
05/95 1442 987 -2429
06/95 940 1143 -2083
06/95 1587 515 -2102
06/95 1967 -126 -1841
06/95 2843 -73 -2770
07/95 1959 -268 -1691
07/95 3730 -1504 -2226
07/95 3266 -1589 -1677
07/95 2962 -1433 -1529
08/95 3312 -1060 -2252
08/95 2740 -646 -2094
08/95 3150 -489 -2661
08/95 1987 921 -2908
08/95 553 202 -755
09/95 44 322 -366
09/95 258 49 -307
09/95 297 519 -816
09/95 858 160 -1018
10/95 322 210 -532
10/95 797 -90 -707
10/95 31 180 -211
10/95 -222 695 -473
10/95 -510 1992 -1482
11/95 -900 2562 -1662
11/95 67 700 -767
11/95 -2905 3841 -936
11/95 -4193 4681 -488
12/95 -4018 5130 -1112
12/95 -3686 5259 -1573
12/95 -1996 3843 -1847
12/95 -2408 3813 -1405
01/96 -2631 3733 -1102
01/96 2582 -1586 -996
01/96 1307 -707 -600
01/96 992 -752 -240
01/96 2046 -1536 -510
02/96 2024 -1815 -209
02/96 1012 -1834 822
02/96 2160 -1843 -317
02/96 2213 -1266 -947
03/96 2752 -2330 -422
03/96 1241 -1195 -46
03/96 453 -1057 604
03/96 918 -1149 231
04/96 2013 -2745 732
04/96 2208 -2432 224
04/96 2325 -1903 -422
04/96 1608 -1342 -266
04/96 3885 -3002 -883
05/96 2781 -2234 -547
05/96 2693 -2342 -351
05/96 1918 -1583 -335
05/96 2035 -1196 -839
06/96 2159 -215 -1944
06/96 3202 -1 -3201
06/96 3480 -897 -2583
06/96 3047 -474 -2573
07/96 1264 924 -2188
07/96 2340 305 -2645
07/96 2038 -194 -1844
07/96 1581 345 -1926
07/96 3061 61 -3122
08/96 1483 -54 -1429
08/96 2038 -591 -1447
08/96 888 499 -1387
08/96 1936 981 -2917
09/96 2767 1406 -4173
09/96 2893 146 -3039
09/96 2110 256 -2366
09/96 3161 -199 -2962
10/96 4047 -1043 -3004
10/96 4230 -1218 -3012
10/96 4077 -1243 -2834
10/96 3401 -1419 -1982
10/96 1832 -500 -1332
11/96 1556 -545 -1011
11/96 202 194 -396
11/96 2552 -582 -1970
11/96 3814 -357 -3457
12/96 2536 151 -2687
12/96 2018 -442 -1576
12/96 1824 -57 -1767
12/96 2191 -393 -1798
12/96 1922 23 -1945
01/97 2113 163 -2276
01/97 2848 -29 -2819
01/97 2809 265 -3074
01/97 4241 -430 -3811
02/97 2665 7 -2672
02/97 2047 292 -2339
02/97 382 426 -808
02/97 5222 -1847 -3375
03/97 2673 241 -2914
03/97 2418 848 -3266
03/97 4622 146 -4768
03/97 1741 1745 -3486
04/97 3297 792 -4089
04/97 3813 676 -4489
04/97 4065 142 -4207
04/97 4803 -1134 -3669
04/97 5127 -1048 -4079
05/97 4682 -408 -4274
05/97 5498 -1064 -4434
05/97 7541 -2327 -5214
05/97 6483 -805 -5678
06/97 6328 -708 -5620
06/97 5308 320 -5628
06/97 4680 -492 -4188
06/97 4183 -233 -3950
07/97 3383 608 -3991
07/97 1478 1968 -3446
07/97 1950 1750 -3700
07/97 1547 2423 -3970
07/97 2090 1577 -3667
08/97 6668 -2958 -3710
08/97 6706 -3178 -3528
08/97 6058 -2452 -3606
08/97 6260 -2383 -3877
09/97 9046 -5125 -3921
09/97 9739 -6294 -3445
09/97 7125 -4117 -3008
09/97 7069 -3568 -3501
09/97 8657 -5268 -3389
10/97 7796 -3642 -4154
10/97 4747 -995 -3752
10/97 4870 -1504 -3366
10/97 1865 -942 -923
11/97 3381 -604 -2777
11/97 3435 -1138 -2297
11/97 1783 -680 -1103
11/97 2011 -4059 2048
12/97 -240 -1907 2147
12/97 4234 -2015 -2219
12/97 5543 -2982 -2561
12/97 -11 1184 -1173
12/97 -3037 3994 -957
12/97 12 842 -854
01/98 -969 1302 -333
01/98 -2430 2495 -65
01/98 -2752 2459 293
01/98 -1965 1896 69
02/98 126 -32 -94
02/98 992 -241 -751
02/98 -196 755 -559
02/98 -1597 2771 -1174
03/98 -1758 2869 -1111
03/98 -962 1264 -302
03/98 -1424 459 965
03/98 1587 -2701 1114
03/98 1259 -984 -275
04/98 284 -456 172
04/98 -102 432 -330
04/98 727 627 -1354
04/98 2095 -72 -2023
05/98 3032 -2049 -983
05/98 2662 -1059 -1603
05/98 2432 -1241 -1191
05/98 277 166 -443
06/98 -1551 2706 -1155
06/98 2090 -150 -1940
06/98 -2299 1805 494
06/98 -1860 745 1115
06/98 -4015 3140 875
07/98 -3766 3357 409
07/98 -4346 3736 610
07/98 -4316 3869 447
07/98 -2738 3043 -305
08/98 -2968 2833 135
08/98 -5376 3905 1471
08/98 -7519 5101 2418
08/98 -6796 5434 1362
09/98 -8632 7310 1322
09/98 -10609 8549 2060
09/98 -15284 7178 8106
09/98 -9561 7250 2311
09/98 -7201 4922 2279
10/98 -5703 4797 906
10/98 -5910 5448 462
10/98 -5113 4308 805
10/98 -5010 3780 1230
11/98 -5920 4907 1013
11/98 -5386 4518 868
11/98 -6033 4183 1850
11/98 -5013 4245 768
12/98 -6439 5097 1342
12/98 -6203 4504 1699
12/98 -6051 3415 2636
12/98 -8089 4331 3758
12/98 -6906 3601 3305
01/99 -6614 3305 3309
01/99 -4254 1363 2891
01/99 -5211 1884 3327
01/99 -5670 2249 3421
02/99 -6496 2820 3676
02/99 -5147 2399 2748
02/99 -3322 1028 2294
02/99 -3683 1445 2238
03/99 -4166 3199 967
03/99 -5453 3550 1903
03/99 -4871 4095 776
03/99 -3213 3294 -81
03/99 -2866 2782 84
04/99 -5210 4508 702
04/99 -3584 2361 1223
04/99 -2483 1601 882
04/99 -1147 973 174
05/99 -412 134 278
05/99 437 -2585 2148
05/99 996 -712 -284
05/99 1837 -851 -986
06/99 2241 322 -2563
06/99 1096 1309 -2405
06/99 1334 894 -2228
06/99 2711 -1072 -1639
06/99 3712 -1788 -1924
07/99 346 821 -1167
07/99 -260 980 -720
07/99 -1100 1273 -173
07/99 413 827 -1240
08/99 1793 -411 -1382
08/99 2794 -123 -2671
08/99 -841 2256 -1415
08/99 -499 1999 -1500
08/99 1598 -887 -711
09/99 3092 -1503 -1589
09/99 2571 -1393 -1178
09/99 1898 -1189 -709
09/99 1118 -947 -171
10/99 684 -97 -587
10/99 55 -71 16
10/99 2601 -677 -1924
10/99 1883 -1425 -458
11/99 1717 -1702 -15
11/99 -11 -310 321
11/99 -314 0 314
11/99 -703 408 295
11/99 1903 -1764 -139
12/99 -713 982 -269
12/99 -425 -148 573
12/99 -449 20 429
12/99 118 -225 107
01/00 -735 431 304
01/00 1097 -1425 328
01/00 1578 -1884 306
01/00 1384 -1233 -151
02/00 1959 -1344 -615
02/00 6964 -6272 -692
02/00 8628 -5514 -3114
02/00 4628 -3111 -1517
03/00 6111 -2953 -3158
03/00 5795 -3619 -2176
03/00 5178 -3190 -1988
03/00 3132 -145 -2987
04/00 2403 -196 -2207
04/00 2387 -954 -1433
04/00 3811 -1094 -2717
04/00 4651 -2092 -2559
05/00 5421 -2126 -3295
05/00 6760 -3483 -3277
05/00 8699 -1918 -6781
05/00 8810 -3843 -4967
05/00 5424 -1167 -4257
06/00 9806 -5361 -4445
06/00 7489 -3577 -3912
06/00 8856 -5282 -3574
06/00 8184 -5617 -2567
07/00 9834 -8634 -1200
07/00 8522 -7694 -828
07/00 11262 -8713 -2549
07/00 11006 -8121 -2885
08/00 8870 -6335 -2535
08/00 8565 -5299 -3266
08/00 8070 -5087 -2983
08/00 6394 -3581 -2813
08/00 4792 -1967 -2825
09/00 -1172 32 1140
09/00 765 502 -1267
09/00 -2732 2500 232
09/00 -6906 6112 794
10/00 -10534 10991 -457
10/00 -10793 11108 -315
10/00 -8614 8685 -71
10/00 -11238 10782 456
10/00 -12534 10473 2061
11/00 -9588 9457 131
11/00 -10386 10379 7
11/00 -11524 9355 2169
11/00 -13790 11292 2498
12/00 -16924 14512 2412
12/00 -16890 12175 4715
12/00 -15246 9211 6035
12/00 -16205 8276 7929
01/01 -17314 10705 6609
01/01 -7443 3637 3806
01/01 -8244 3890 4354
01/01 -6833 3148 3685
01/01 -7853 5183 2670
02/01 -5176 4715 461
02/01 -8810 7478 1332
02/01 -11484 7091 4393
02/01 -12174 9959 2215
03/01 -11340 7260 4080
03/01 -11064 8024 3040
03/01 -11237 5476 5761
03/01 -11966 6589 5377
04/01 -10921 7770 3151
04/01 -8797 6219 2578
04/01 -7808 6585 1223
04/01 -928 2317 -1389
05/01 1397 226 -1623
05/01 2134 -670 -1464
05/01 4184 -447 -3737
05/01 5888 -1012 -4876
05/01 5620 -1587 -4033
06/01 7287 -1689 -5598
06/01 7490 -1612 -5878
06/01 4643 -397 -4246
06/01 6125 -772 -5353
07/01 9461 -4172 -5289
07/01 12929 -5527 -7402
07/01 15376 -5667 -9709
07/01 16145 -5365 -10780
07/01 12642 -3327 -9315
08/01 15122 -4529 -10593
08/01 14563 -6036 -8527
08/01 18270 -9213 -9057
08/01 18701 -10433 -8268
09/01 22640 -10252 -12388
09/01 23377 -12277 -11100
09/01 16505 -8890 -7615
09/01 15114 -7436 -7678
10/01 13120 -6398 -6722
10/01 14368 -7024 -7344
10/01 10524 -5496 -5028
10/01 12686 -5404 -7282
10/01 10107 -4855 -5252
11/01 13948 -9412 -4536
11/01 15927 -11166 -4761
11/01 16744 -11483 -5261
11/01 21979 -12463 -9516
12/01 15096 -9590 -5506
12/01 10142 -5714 -4428
12/01 14292 -7716 -6576
12/01 13705 -8291 -5414
12/01 16970 -9188 -7782
01/02 18756 -10566 -8190
01/02 21047 -9405 -11642
01/02 25772 -12858 -12914
01/02 18838 -5674 -13164
02/02 23239 -10372 -12867
02/02 22559 -10083 -12476
02/02 26432 -9594 -16838
02/02 22016 -4489 -17527
03/02 18452 -3771 -14681
03/02 21917 -6804 -15113
03/02 21251 -4422 -16829
03/02 25398 -8006 -17392
04/02 29346 -9748 -19598
04/02 27012 -9199 -17813
04/02 25164 -10550 -14614
04/02 27575 -13022 -14553
04/02 28348 -12751 -15597
05/02 27349 -12599 -14750
05/02 30995 -14342 -16653
05/02 29777 -15918 -13859
05/02 27049 -13968 -13081
06/02 22418 -14577 -7841
06/02 24515 -16616 -7899
06/02 20611 -14827 -5784
06/02 23115 -13796 -9319
07/02 25615 -17825 -7790
07/02 23961 -17949 -6012
07/02 18742 -14158 -4584
07/02 17517 -10117 -7400
07/02 19259 -12664 -6595
08/02 17312 -13144 -4168
08/02 15667 -9103 -6564
08/02 15986 -9034 -6952
08/02 15572 -7892 -7680
09/02 6333 -2148 -4185
09/02 9621 -4296 -5325
09/02 8445 -1743 -6702
09/02 8640 -794 -7846
10/02 7331 -1227 -6104
10/02 7404 -715 -6689
10/02 9743 -1441 -8302
10/02 17111 -7102 -10009
10/02 18233 -7984 -10249
11/02 17161 -7372 -9789
11/02 13082 -4583 -8499
11/02 8814 1882 -10696
11/02 8653 1773 -10426
12/02 12895 -133 -12762
12/02 12854 -2216 -10638
12/02 6417 2802 -9219
12/02 1787 7693 -9480
12/02 -2846 9134 -6288
01/03 904 9095 -9999
01/03 2414 8794 -11208
01/03 2076 8837 -10913
01/03 2552 7471 -10023
02/03 1609 7963 -9572
02/03 -215 11154 -10939
02/03 -745 10219 -9474
02/03 -4579 12038 -7459
03/03 -6478 15625 -9147
03/03 -7229 13643 -6414
03/03 -668 9668 -9000
03/03 -1544 8880 -7336
04/03 8024 1292 -9316
04/03 9616 -625 -8991
04/03 11889 398 -12287
04/03 12981 -989 -11992
04/03 8139 528 -8667
05/03 2391 4450 -6841
05/03 3659 1867 -5526
05/03 5682 2690 -8372
05/03 2162 9068 -11230
06/03 -2829 11475 -8646
06/03 -3479 4611 -1132
06/03 -134 4885 -4751
06/03 -760 3404 -2644
07/03 6131 358 -6489
07/03 -2606 7453 -4847
07/03 -4741 10088 -5347
07/03 1915 11116 -13031
07/03 6087 7659 -13746
08/03 23484 -4665 -18819
08/03 24303 -5551 -18752
08/03 24217 -6491 -17726
08/03 24204 -3783 -20421
09/03 26619 -2684 -23935
09/03 22376 -6785 -15591
09/03 7485 6386 -13871
09/03 -678 12497 -11819
09/03 -11686 16763 -5077
10/03 -9918 17371 -7453
10/03 -8087 17092 -9005
10/03 5569 9367 -14936
10/03 -1658 15912 -14254
11/03 2377 13703 -16080
11/03 5265 10393 -15658
11/03 705 10979 -11684
11/03 -2761 12639 -9878
12/03 2696 16461 -19157
12/03 -10595 27339 -16744
12/03 -7868 23894 -16026
12/03 -22560 40521 -17961
12/03 -36013 47937 -11924
01/04 -37607 48135 -10528
01/04 -28993 39703 -10710
01/04 -32848 43064 -10216
01/04 -38840 50664 -11824
02/04 -36556 51356 -14800
02/04 -10300 20808 -10508
02/04 -11045 29397 -18352
02/04 -20134 41720 -21586
03/04 -23025 43832 -20807
03/04 -15383 34391 -19008
03/04 -13372 25577 -12205
03/04 -6799 15816 -9017
03/04 4963 7336 -12299
04/04 22036 703 -22739
04/04 22506 -697 -21809
04/04 26057 2093 -28150
04/04 27903 4377 -32280
05/04 27821 4684 -32505
05/04 32223 -1326 -30897
05/04 29158 3802 -32960
05/04 27276 9642 -36918
06/04 18664 12461 -31125
06/04 20183 7301 -27484
06/04 16933 13886 -30819
06/04 17215 14022 -31237
06/04 13848 20739 -34587
07/04 13134 13692 -26826
07/04 12173 12109 -24282
07/04 5977 18077 -24054
07/04 7683 18485 -26168
08/04 3660 17275 -20935
08/04 913 11844 -12757
08/04 1995 10958 -12953
08/04 6506 9533 -16039
08/04 13401 2614 -16015
09/04 17047 -674 -16373
09/04 11827 4320 -16147
09/04 197 16186 -16383
09/04 -10531 24235 -13704
10/04 440 13907 -14347
10/04 -4759 14109 -9350
10/04 -6411 13771 -7360
10/04 3084 8404 -11488
11/04 -4264 13761 -9497
11/04 3620 13064 -16684
11/04 11576 8480 -20056
11/04 17349 2238 -19587
11/04 26988 -1459 -25529
12/04 33480 -7283 -26197
12/04 30280 -4479 -25801
12/04 27952 -6193 -21759
12/04 30567 -7571 -22996
01/05 38918 -16540 -22378
01/05 42684 -14472 -28212
01/05 37505 -9082 -28423
01/05 45246 -26 -45220
02/05 35374 7158 -42532
02/05 23876 26688 -50564
02/05 23571 26462 -50033
02/05 44798 9878 -54676
03/05 20590 49544 -70134
03/05 7192 42814 -50006
03/05 23154 32735 -55889
03/05 9139 39764 -48903
03/05 18691 35214 -53905
04/05 9924 38513 -48437
04/05 9181 32228 -41409
04/05 -3555 35059 -31504
04/05 3467 31912 -35379
05/05 11188 29801 -40989
05/05 8425 36271 -44696
05/05 14550 38620 -53170
05/05 24589 30986 -55575
05/05 33774 20040 -53814
06/05 14852 25126 -39978
06/05 42201 13780 -55981
06/05 49373 10706 -60079
06/05 43214 6145 -49359
07/05 56491 1365 -57856
07/05 67870 -10723 -57147
07/05 60054 -6268 -53786
07/05 55662 -2056 -53606
08/05 60384 -6818 -53566
08/05 63710 -10387 -53323
08/05 56039 2564 -58603
08/05 47115 14651 -61766
08/05 34920 21861 -56781
09/05 20425 28981 -49406
09/05 21321 28853 -50174
09/05 -12111 51555 -39444
09/05 -6331 41560 -35229
10/05 22957 18114 -41071
10/05 24134 12110 -36244
10/05 22042 7187 -29229
10/05 28021 4184 -32205
11/05 31830 3520 -35350
11/05 20465 14328 -34793
11/05 31458 7156 -38614
11/05 14223 19206 -33429
11/05 15263 36602 -51865
12/05 -8124 48092 -39968
12/05 671 39263 -39934
12/05 -15800 54789 -38989
12/05 16237 21473 -37710
01/06 23756 13998 -37754
01/06 14306 1588 -15894
01/06 20330 -5437 -14893
01/06 25424 -5668 -19756
01/06 36690 -16261 -20429
02/06 28745 3956 -32701
02/06 40984 -8543 -32441
02/06 29062 -1476 -27586
02/06 49818 -14076 -35742
03/06 44209 -15828 -28381
03/06 54030 -16870 -37160
03/06 834 36835 -37669
03/06 5133 37381 -42514
04/06 10535 26367 -36902
04/06 17693 1837 -19530
04/06 -15654 24090 -8436
04/06 -5665 21884 -16219
05/06 -9949 21294 -11345
05/06 -24313 31773 -7460
05/06 -70425 43942 26483
05/06 -30260 19468 10792
05/06 -19767 31978 -12211
06/06 -10943 -1664 12607
06/06 4598 -12855 8257
06/06 36202 -22714 -13488
06/06 17553 -6939 -10614
07/06 20428 -23267 2839
07/06 -7384 8172 -788
07/06 -5670 -1427 7097
07/06 -6705 2689 4016
08/06 41557 -56281 14724
08/06 48318 -76953 28635
08/06 68033 -92942 24909
08/06 65779 -99488 33709
08/06 76949 -90873 13924
09/06 26534 -64963 38429
09/06 41441 -79475 38034
09/06 61409 -94221 32812
09/06 26506 -60702 34196
10/06 7437 -54641 47204
10/06 6506 -52632 46126
10/06 13537 -52692 39155
10/06 12797 -28642 15845
10/06 -4598 -22000 26598
11/06 499 -17727 17228
11/06 28584 -42685 14101
11/06 67784 -80018 12234
11/06 37520 -80846 43326
12/06 19060 -44971 25911
12/06 14424 -44065 29641
12/06 42710 -61930 19220
12/06 50716 -64117 13401
01/07 61994 -65970 3976
01/07 66429 -78837 12408
01/07 79134 -90107 10973
01/07 94669 -103288 8619
01/07 91154 -88526 -2628
02/07 107529 -112210 4681
02/07 89599 -97972 8373
02/07 100607 -112882 12275
02/07 95334 -115301 19967
03/07 90587 -125928 35341
03/07 92527 -108486 15959
03/07 96947 -124250 27303
03/07 99104 -132708 33604
04/07 76227 -136779 60552
04/07 106013 -159646 53633
04/07 87408 -141142 53734
04/07 138522 -190221 51699
05/07 187672 -239700 52028
05/07 208085 -259019 50934
05/07 194529 -253590 59061
05/07 48326 -180809 132483
05/07 111521 -157321 45800
06/07 104773 -146374 41601
06/07 67395 -120003 52608
06/07 33646 -74838 41192
06/07 -15389 -12741 28130
07/07 -9745 -25908 35653
07/07 1128 -33000 31872
07/07 -10096 -25856 35952
07/07 -22494 6058 16436
07/07 -5793 -32386 38179
08/07 37221 -74499 37278
08/07 41703 -77569 35866
08/07 -50758 45658 5100
08/07 -69665 48399 21266
09/07 -49405 45866 3539
09/07 -41574 30884 10690
09/07 -41784 13966 27818
09/07 -30262 4608 25654
10/07 -29118 -4707 33825
10/07 -51881 17169 34712
10/07 -47061 -11896 58957
10/07 -35767 -4468 40235
10/07 -43275 9784 33491
11/07 -35227 -1689 36916
11/07 -33308 26858 6450
11/07 -67954 61114 6840
11/07 -121561 129044 -7483
12/07 -145724 161891 -16167
12/07 -147881 131141 16740
12/07 -143836 117314 26522
12/07 -119393 105664 13729
12/07 -113225 88053 25172
01/08 -124160 81952 42208
01/08 -190890 140247 50643
01/08 19955 88192 -108147
01/08 4641 -29821 25180
02/08 -22402 -22813 45215
02/08 -36926 10576 26350
02/08 -27977 -1382 29359
02/08 -17047 10838 6209
03/08 -16540 -230 16770
03/08 -66316 74202 -7886
03/08 -89874 63405 26469
03/08 -72575 68921 3654
04/08 -49112 45121 3991
04/08 -34380 20992 13388
04/08 -1204 -15019 16223
04/08 -16357 6923 9434
04/08 -37519 25310 12209
05/08 -75476 65976 9500
05/08 -62652 54685 7967
05/08 -43145 35878 7267
05/08 22142 -12787 -9355
06/08 46450 -58981 12531
06/08 21015 -11181 -9834
06/08 -1904 24065 -22161
06/08 1959 -9184 7225
07/08 8586 -20570 11984
07/08 -9829 -24011 33840
07/08 12791 -38395 25604
07/08 26617 -47351 20734
07/08 35180 -58066 22886
08/08 46505 -69214 22709
08/08 43287 -74551 31264
08/08 1868 -22653 20785
08/08 -2828 -3301 6129
09/08 -29256 16379 12877
09/08 -39137 8598 30539
09/08 18525 -24356 5831
09/08 -26141 5546 20595
09/08 -2381 -25441 27822
10/08 -22527 3619 18908
10/08 -37699 24695 13004
10/08 -34984 24639 10345
10/08 -25472 14453 11019
11/08 -18655 3790 14865
11/08 -22558 11520 11038
11/08 3294 -12676 9382
11/08 11379 -9900 -1479
12/08 21815 -16956 -4859
12/08 -6033 6955 -922
12/08 7781 -10668 2887
12/08 19640 -15013 -4627
12/08 17833 -21869 4036
01/09 24262 -23229 -1033
01/09 6321 -16020 9699
01/09 -21001 2787 18214
01/09 -21363 8035 13328
02/09 -21000 8984 12016
02/09 -20130 3749 16381
02/09 -31507 18456 13051
02/09 -30480 18377 12103
03/09 -37322 18482 18840
03/09 -42205 25382 16823
03/09 -46361 39462 6899
03/09 -51552 46397 5155
03/09 -72410 51357 21053
04/09 -67687 49901 17786
04/09 -53442 33464 19978
04/09 -25912 22217 3695
04/09 -20081 7994 12087
05/09 -36242 29884 6358
05/09 -48735 39618 9117
05/09 -84730 79884 4846
05/09 -76524 76273 251
06/09 -83844 71155 12689
06/09 -67818 82883 -15065
06/09 -34484 55454 -20970
06/09 -61135 76960 -15825
06/09 -66517 78805 -12288
07/09 -109671 105935 3736
07/09 -134524 120730 13794
07/09 -147839 149397 -1558
07/09 -155117 157152 -2035
08/09 -126406 134824 -8418
08/09 -109411 141669 -32258
08/09 -137143 158041 -20898
08/09 -165773 171940 -6167
09/09 -154907 176705 -21798
09/09 -196401 216936 -20535
09/09 -177011 202489 -25478
09/09 -181248 207184 -25936
09/09 -147010 169498 -22488
10/09 -125048 158012 -32964
10/09 -107614 143454 -35840
10/09 -148050 179882 -31832
10/09 -126743 164993 -38250
11/09 -117768 152135 -34367
11/09 -186230 221816 -35586
11/09 -180376 216576 -36200
11/09 -161618 214632 -53014
12/09 -176777 213880 -37103
12/09 -168249 204891 -36642
12/09 -145296 178768 -33472
12/09 -154618 195407 -40789
12/09 -121486 153721 -32235
01/10 -62538 91546 -29008
01/10 -97345 140313 -42968
01/10 -97900 136252 -38352
01/10 -110747 144295 -33548
02/10 -147506 168907 -21401
02/10 -177116 203985 -26869
02/10 -156506 184625 -28119
02/10 -108588 135073 -26485
03/10 -108792 140393 -31601
03/10 -92171 121203 -29032
03/10 -53368 83378 -30010
03/10 -27401 54675 -27274
03/10 -29380 80592 -51212
04/10 -47337 83295 -35958
04/10 -39276 69265 -29989
04/10 -76774 114409 -37635
04/10 -40488 76477 -35989
05/10 12132 47664 -59796
05/10 -38353 70966 -32613
05/10 -55286 79782 -24496
05/10 -30696 47994 -17298
06/10 -37556 55397 -17841
06/10 -15651 38881 -23230
06/10 -18013 40919 -22906
06/10 -27226 50498 -23272
06/10 10523 21268 -31791
07/10 53853 -34266 -19587
07/10 60511 -39353 -21158
07/10 48904 -28158 -20746
07/10 34228 -24300 -9928
08/10 9285 -10086 801
08/10 -14036 15294 -1258
08/10 -7592 7679 -87
08/10 -8419 7615 804
08/10 6815 -9859 3044
09/10 16571 -27069 10498
09/10 64449 -56354 -8095
09/10 2994 3933 -6927
09/10 -30504 29814 690
10/10 -71810 75117 -3307
10/10 -55534 62053 -6519
10/10 -76859 80595 -3736
10/10 -53257 50327 2930
11/10 -54333 40862 13471
11/10 5336 -11125 5789
11/10 34321 -35142 821
11/10 54349 -51316 -3033
11/10 34946 -31094 -3852
12/10 28208 -29499 1291
12/10 82830 -54766 -28064
12/10 104902 -65921 -38981
12/10 90319 -43798 -46521
01/11 82327 -43301 -39026
01/11 62724 -30245 -32479
01/11 16449 10867 -27316
01/11 4136 20778 -24914
02/11 -37769 64793 -27024
02/11 81908 -34443 -47465
02/11 93923 -35086 -58837
02/11 83720 -35393 -48327
03/11 67671 -25076 -42595
03/11 -5652 51780 -46128
03/11 -31208 57349 -26141
03/11 -74673 100977 -26304
03/11 -59484 101144 -41660
04/11 58515 5310 -63825
04/11 2426 74250 -76676
04/11 -72398 135476 -63078
04/11 -133755 178620 -44865
05/11 -171254 221904 -50650
05/11 -175756 218602 -42846
05/11 -157504 209354 -51850
05/11 -170795 214158 -43363
05/11 -163406 203794 -40388
06/11 -150335 194889 -44554
06/11 -161140 199459 -38319
06/11 -76997 114352 -37355
06/11 -20228 62476 -42248
07/11 -9754 53722 -43968
07/11 15881 25023 -40904
07/11 36319 7194 -43513
07/11 28081 13367 -41448
08/11 -38797 63874 -25077
08/11 -36745 59902 -23157
08/11 -13408 22222 -8814
08/11 -12777 25997 -13220
08/11 -7992 16018 -8026
09/11 33271 -34043 772
09/11 14459 -4206 -10253
09/11 -49180 62554 -13374
09/11 -29371 38726 -9355
10/11 21 25446 -25467
10/11 -19387 36437 -17050
10/11 -40247 48702 -8455
10/11 -55892 58466 -2574
11/11 -60888 59442 1446
11/11 -106956 107458 -502
11/11 -83839 87637 -3798
11/11 -20578 26630 -6052
11/11 -48984 38708 10276
12/11 -46797 48151 -1354
12/11 -97259 94493 2766
12/11 -89896 76268 13628
12/11 -50143 45000 5143
01/12 -27745 18471 9274
01/12 -27511 24168 3343
01/12 -177437 159354 18083
01/12 -179911 158488 21423
01/12 -226408 200157 26251
02/12 -188644 172609 16035
02/12 -102270 91031 11239
02/12 -34649 26731 7918
02/12 -33580 25187 8393
03/12 -63104 63579 -475
03/12 499 14459 -14958
03/12 56360 -33148 -23212
03/12 93772 -62689 -31083
04/12 47298 -26900 -20398
04/12 22229 -11245 -10984
04/12 -40733 26703 14030
04/12 -110888 99913 10975
05/12 -160622 140891 19731
05/12 -162886 138268 24618
05/12 -132319 108975 23344
05/12 -81086 60655 20431
05/12 -104840 79441 25399
06/12 -165522 124263 41259
06/12 -116301 61145 55156
06/12 -89915 36494 53421
06/12 -51707 14077 37630
07/12 -53680 16743 36937
07/12 -99492 61025 38467
07/12 -223260 168870 54390
07/12 -250606 193035 57571
07/12 -288966 234808 54158
08/12 -268845 210398 58447
08/12 -194740 149116 45624
08/12 -206232 168750 37482
08/12 -165817 124761 41056
09/12 -204774 144110 60664
09/12 -151324 108239 43085
09/12 -168465 117554 50911
09/12 -146121 94343 51778
10/12 -158675 100365 58310
10/12 -139370 81936 57434
10/12 -103248 46170 57078
10/12 -18661 -5546 24207
10/12 -15593 -3245 18838
11/12 -31387 4145 27242
11/12 -52286 4875 47411
11/12 -149220 82510 66710
11/12 -85433 28183 57250
12/12 -67170 13999 53171
12/12 -109236 60391 48845
12/12 -219410 168622 50788
12/12 -206403 156284 50119
12/12 -215319 163545 51774
01/13 -163077 129620 33457
01/13 -172485 123850 48635
01/13 -161783 111205 50578
01/13 -114926 96382 18544
02/13 -90216 51213 39003
02/13 -143223 96562 46661
02/13 -101090 58920 42170
02/13 -192966 139976 52990
03/13 -232493 163379 69114
03/13 -193690 145530 48160
03/13 -184610 136908 47702
03/13 -206090 151606 54484
04/13 -197529 121941 75588
04/13 -198299 140532 57767
04/13 -121317 72670 48647
04/13 -109005 55580 53425
04/13 -93884 46631 47253
05/13 -85554 43426 42128
05/13 -82792 35184 47608
05/13 -53641 17580 36061
05/13 -41734 -17137 58871
06/13 24574 -33608 9034
06/13 4817 -2133 -2684
06/13 -25870 25489 381
06/13 26020 -9812 -16208
07/13 10213 14308 -24521
07/13 12153 11717 -23870
07/13 13391 8215 -21606
07/13 -31740 31995 -255
07/13 -59934 45908 14026
08/13 -60790 55990 4800
08/13 -50813 50518 295
08/13 -47399 50372 -2973
08/13 -10857 27715 -16858
09/13 21208 6320 -27528
09/13 63094 -28673 -34421
09/13 81461 -46220 -35241
09/13 40004 -19178 -20826
10/13 12620 -5670 -6950
10/13 22485 -23741 1256
10/13 38170 -32275 -5895
10/13 8082 -13066 4984
10/13 8902 -12820 3918
11/13 -9086 10691 -1605
11/13 -36467 28650 7817
11/13 -41863 34011 7852
11/13 -68296 53090 15206
12/13 -76908 62144 14764
12/13 -80202 71333 8869
12/13 -36562 32141 4421
12/13 -31024 34559 -3535
12/13 -1210 4165 -2955
01/14 12238 -8024 -4214
01/14 41411 -31226 -10185
01/14 14411 -4970 -9441
01/14 10269 -4179 -6090
02/14 -37195 23566 13629
02/14 -34293 23284 11009
02/14 -3725 -660 4385
02/14 -12000 9990 2010
03/14 -33107 25150 7957
03/14 -6595 12476 -5881
03/14 3808 3137 -6945
03/14 33001 -5594 -27407
04/14 82846 -48504 -34342
04/14 111358 -88093 -23265
04/14 65614 -52583 -13031
04/14 56960 -39691 -17269
04/14 42024 -27153 -14871
05/14 40145 -14349 -25796
05/14 447 22740 -23187
05/14 -13672 37162 -23490
05/14 -25059 53736 -28677
06/14 -26707 57830 -31123
06/14 9461 24284 -33745
06/14 57648 -26573 -31075
06/14 76182 -19400 -56782
07/14 30741 6962 -37703
07/14 65105 -13720 -51385
07/14 59851 -7279 -52572
07/14 63827 -18777 -45050
07/14 -54042 91787 -37745
08/14 -36262 79305 -43043
08/14 -68638 85143 -16505
08/14 -70393 100080 -29687
08/14 1140 44343 -45483
09/14 -20159 54025 -33866
09/14 62800 -8536 -54264
09/14 144404 -96810 -47594
09/14 208915 -160427 -48488
09/14 186103 -138378 -47725
10/14 141105 -78838 -62267
10/14 31921 11387 -43308
10/14 37482 -14074 -23408
10/14 4287 20607 -24894
11/14 31915 3508 -35423
11/14 65625 -33292 -32333
11/14 62167 -23184 -38983
11/14 72466 -24267 -48199
12/14 88465 -48038 -40427
12/14 123663 -72797 -50866
12/14 119732 -65241 -54491
12/14 104792 -46887 -57905
12/14 104576 -43883 -60693
01/15 113080 -55405 -57675
01/15 92586 -39796 -52790
01/15 55630 -7014 -48616
01/15 -3498 40420 -36922
02/15 46456 -2608 -43848
02/15 80349 -26840 -53509
02/15 61975 -6646 -55329
02/15 71711 -23832 -47879
03/15 77364 -32407 -44957
03/15 45499 -3763 -41736
03/15 14953 19523 -34476
03/15 -53320 90519 -37199
03/15 -101081 138968 -37887
04/15 -95936 125376 -29440
04/15 -133719 158146 -24427
04/15 -143562 178831 -35269
04/15 -136435 173495 -37060
05/15 -129266 169298 -40032
05/15 -77722 114693 -36971
05/15 -67254 100536 -33282
05/15 -111796 162908 -51112
06/15 -127161 158548 -31387
06/15 -36933 68786 -31853
06/15 -89163 130724 -41561
06/15 -88485 112088 -23603
06/15 -117189 143833 -26644
07/15 -144847 171371 -26524
07/15 -87503 114444 -26941
07/15 -81473 116323 -34850
07/15 -86652 119643 -32991
08/15 -66075 98261 -32186
08/15 -125243 162874 -37631
08/15 -70660 108844 -38184
08/15 -110113 142318 -32205
09/15 -94711 110408 -15697
09/15 -39894 58057 -18163
09/15 -18673 25679 -7006
09/15 -23499 29325 -5826
09/15 -11951 27870 -15919
10/15 9713 5573 -15286
10/15 13306 -2782 -10524
10/15 16752 -7448 -9304
10/15 -9262 18175 -8913
11/15 48523 -30558 -17965
11/15 59623 -25646 -33977
11/15 87794 -53765 -34029
11/15 104395 -68276 -36119
12/15 102664 -70602 -32062
12/15 157104 -114602 -42502
12/15 136009 -99666 -36343
12/15 151466 -118261 -33205
12/15 149685 -104896 -44789
01/16 143648 -106061 -37587
01/16 161502 -126172 -35330
01/16 178760 -141157 -37603
01/16 160434 -119757 -40677
02/16 94441 -62998 -31443
02/16 102783 -78446 -24337
02/16 95271 -65199 -30072
02/16 60616 -48207 -12409
03/16 71571 -38042 -33529
03/16 88467 -62290 -26177
03/16 96702 -70282 -26420
03/16 147892 -111890 -36002
03/16 150209 -113711 -36498
04/16 112636 -97485 -15151
04/16 94808 -71803 -23005
04/16 115804 -85125 -30679
04/16 124856 -96084 -28772
05/16 129904 -103397 -26507
05/16 115328 -90344 -24984
05/16 157583 -120590 -36993
05/16 193920 -147430 -46490
05/16 210187 -192797 -17390
06/16 232949 -206727 -26222
06/16 49045 -21901 -27144
06/16 -20564 35855 -15291
06/16 -1313 13931 -12618
07/16 -92328 99907 -7579
07/16 -21373 38278 -16905
07/16 5817 10508 -16325
07/16 26031 -6907 -19124
08/16 -26266 48086 -21820
08/16 -62852 89953 -27101
08/16 -30997 61775 -30778
08/16 -41860 68972 -27112
08/16 -30539 65585 -35046
09/16 379 28841 -29220
09/16 -3 36087 -36084
09/16 -8563 31520 -22957
09/16 -27833 56487 -28654
10/16 353 24050 -24403
10/16 53841 -19891 -33950
10/16 64378 -18867 -45511
10/16 28675 24489 -53164
11/16 19515 21578 -41093
11/16 -48183 86958 -38775
11/16 33209 17153 -50362
11/16 70359 -26409 -43950
11/16 68201 -13462 -54739
12/16 61835 -13752 -48083
12/16 62292 -12350 -49942
12/16 89791 -25122 -64669
12/16 94124 -32189 -61935
01/17 93686 -49398 -44288
01/17 80789 -14503 -66286
01/17 51080 4814 -55894
01/17 51804 -2361 -49443
01/17 26613 31304 -57917
02/17 32638 13226 -45864
02/17 33523 29961 -63484
02/17 13105 48101 -61206
02/17 77124 -29719 -47405
03/17 184668 -136505 -48163
03/17 218423 -163641 -54782
03/17 214829 -158477 -56352
03/17 70239 -25426 -44813
04/17 42083 -8748 -33335
04/17 -9852 26652 -16800
04/17 -14612 29703 -15091
04/17 -1216 18976 -17760
05/17 16163 7622 -23785
05/17 32628 9080 -41708
05/17 32786 23485 -56271
05/17 62183 -19326 -42857
05/17 62123 -10999 -51124
06/17 61936 -39318 -22618
06/17 103727 -80165 -23562
06/17 156663 -112867 -43796
06/17 179150 -141958 -37192
07/17 301962 -257187 -44775
07/17 302495 -256813 -45682
07/17 306771 -274213 -32558
07/17 273674 -245506 -28168
08/17 229568 -196486 -33082
08/17 196181 -164534 -31647
08/17 149580 -129860 -19720
08/17 137166 -116639 -20527
08/17 141091 -130449 -10642
09/17 176139 -171602 -4537
09/17 123033 -102806 -20227
09/17 124351 -99387 -24964
09/17 214401 -182897 -31504
10/17 268939 -226840 -42099
10/17 293921 -251044 -42877
10/17 352835 -312453 -40382
10/17 339387 -295748 -43639
10/17 284881 -239716 -45165
11/17 225029 -174905 -50124
11/17 250086 -198648 -51438
11/17 277560 -227294 -50266
11/17 274288 -246433 -27855
12/17 237119 -189128 -47991
12/17 231165 -170440 -60725
12/17 231597 -178628 -52969
12/17 236259 -191429 -44830
01/18 277486 -237925 -39561
01/18 324733 -267622 -57111
01/18 345706 -290642 -55064
01/18 359598 -301086 -58512
01/18 392849 -329066 -63783
02/18 256192 -210758 -45434
02/18 192350 -133986 -58364
02/18 198669 -156952 -41717
02/18 167337 -104947 -62390
03/18 155209 -92794 -62415
03/18 180637 -119263 -61374
03/18 232425 -184036 -48389
03/18 157453 -113227 -44226
04/18 170581 -132636 -37945
04/18 130210 -81805 -48405
04/18 137271 -86748 -50523
04/18 123072 -69264 -53808
05/18 104366 -61236 -43130
05/18 103089 -54256 -48833
05/18 79232 -31029 -48203
05/18 46426 4524 -50950
05/18 -22453 62892 -40439
06/18 34783 3490 -38273
06/18 60084 -17571 -42513
06/18 54000 4404 -58404
06/18 27562 23451 -51013
07/18 57137 -11043 -46094
07/18 51580 -59 -51521
07/18 77330 -19143 -58187
07/18 111411 -49057 -62354
07/18 162554 -99059 -63495
08/18 152655 -93582 -59073
08/18 152856 -86846 -66010
08/18 148271 -97333 -50938
08/18 197550 -142738 -54812
09/18 198817 -148064 -50753
09/18 237051 -197128 -39923
09/18 258886 -209367 -49519
09/18 325574 -289832 -35742
10/18 338210 -293018 -45192
10/18 291010 -243564 -47446
10/18 299943 -259716 -40227
10/18 355267 -316754 -38513
10/18 358581 -322503 -36078
11/18 368257 -333480 -34777
11/18 395884 -362374 -33510
11/18 400864 -361057 -39807
11/18 334755 -291386 -43369
12/18 387512 -361560 -25952
12/18 429391 -417237 -12154
12/18 316534 -321015 4481
12/18 267949 -272290 4341
12/18 215639 -235851 20212
01/19 284329 -308933 24604
01/19 239366 -267209 27843
01/19 228000 -258445 30445
01/19 233002 -262732 29730
02/19 336029 -383605 47576
02/19 280019 -351964 71945
02/19 279417 -334844 55427
02/19 84456 -144747 60291
03/19 99871 -180062 80191
03/19 82949 -133391 50442
03/19 53110 -126219 73109
03/19 84221 -154014 69793
04/19 22757 -86567 63810
04/19 50901 -129458 78557
04/19 110674 -171622 60948
04/19 65797 -130846 65049
04/19 -19191 -47497 66688
05/19 -8642 -67889 76531
05/19 -32579 -33305 65884
05/19 -53318 -33815 87133
05/19 31508 -102797 71289
06/19 -9940 -46058 55998
06/19 101573 -175614 74041
06/19 73810 -153826 80016
06/19 186973 -269742 82769
07/19 202128 -305068 102940
07/19 227799 -312954 85155
07/19 211730 -306840 95110
07/19 145154 -260646 115492
07/19 209601 -314415 104814
08/19 200146 -308867 108721
08/19 238696 -325363 86667
08/19 232675 -332426 99751
08/19 194538 -271062 76524
09/19 93571 -173197 79626
09/19 23138 -143259 120121
09/19 66076 -159535 93459
09/19 38459 -126907 88448
10/19 -90586 -32814 123400
10/19 150392 -262856 112464
10/19 140807 -236445 95638
10/19 132622 -224187 91565
10/19 100250 -182701 82451
11/19 52806 -148441 95635
11/19 75095 -149775 74680
11/19 180039 -263061 83022
11/19 284153 -279069 -5084
12/19 288352 -368806 80454
12/19 260521 -341164 80643
12/19 252642 -326747 74105
12/19 205653 -272214 66561
12/19 257182 -319327 62145
01/20 252765 -329579 76814
01/20 203743 -281692 77949
01/20 237923 -321377 83454
01/20 78329 -175967 97638
02/20 14927 -101035 86108
02/20 112105 -202639 90534
02/20 101953 -194329 92376
02/20 15694 -101732 86038
03/20 -53203 -41801 95004
03/20 -71333 -36065 107398
03/20 -36424 -49979 86403
03/20 6051 -96574 90523
03/20 85630 -168455 82825
04/20 83449 -150090 66641
04/20 125231 -190146 64915
04/20 161474 -239358 77884
04/20 174518 -242917 68399
05/20 124230 -201672 77442
05/20 135882 -221752 85870
05/20 195777 -270834 75057
05/20 146523 -189237 42714
06/20 157686 -231889 74203
06/20 202092 -242365 40273
06/20 196269 -280998 84729
06/20 218981 -303674 84693
06/20 206326 -289516 83190
07/20 205353 -289112 83759
07/20 188669 -273779 85110
07/20 129277 -208758 79481
07/20 144843 -229311 84468
08/20 157928 -250202 92274
08/20 181098 -258009 76911
08/20 174951 -250753 75802
08/20 162886 -239919 77033
09/20 135825 -209837 74012
09/20 176413 -251802 75389
09/20 159347 -239533 80186
09/20 183383 -258757 75374
09/20 131724 -205815 74091
10/20 165297 -239613 74316
10/20 170152 -245205 75053
10/20 180789 -241850 61061
10/20 174475 -240265 65790
11/20 250638 -315566 64928
11/20 298578 -346055 47477
11/20 316141 -373360 57219
11/20 260094 -303588 43494
12/20 276305 -320621 44316
12/20 198442 -256453 58011
12/20 133467 -196096 62629
12/20 88615 -160184 71569
12/20 63406 -136126 72720
01/21 110575 -183767 73192
01/21 220808 -291031 70223
01/21 212413 -285305 72892
01/21 166827 -236229 69402
02/21 146834 -210220 63386
02/21 97239 -169516 72277
02/21 85740 -142489 56749
02/21 -29660 -39871 69531
03/21 211452 -257527 46075
03/21 366500 -407364 40864
03/21 309918 -316515 6597
03/21 355567 -371353 15786
03/21 322028 -346692 24664
04/21 354777 -375820 21043
04/21 286809 -312432 25623
04/21 214465 -237430 22965
04/21 193539 -224732 31193
05/21 226934 -263456 36522
05/21 142732 -185549 42817
05/21 171811 -213033 41222
05/21 87467 -141877 54410
06/21 44148 -83061 38913
06/21 71107 -115533 44426
06/21 75769 -116940 41171
06/21 140046 -152907 12861
06/21 186384 -191256 4872
07/21 200657 -198362 -2295
07/21 128908 -131440 2532
07/21 46804 -58083 11279
07/21 46056 -54331 8275
08/21 -32724 14591 18133
08/21 -45893 34628 11265
08/21 -43298 30197 13101
08/21 -824 -9366 10190
08/21 12656 -20570 7914
09/21 57753 -65257 7504
09/21 8404 -24633 16229
09/21 12631 -30401 17770
09/21 63290 -62829 -461
10/21 53740 -42527 -11213
10/21 60855 -40946 -19909
10/21 172598 -132952 -39646
10/21 154788 -112318 -42470
11/21 116263 -63108 -53155
11/21 68313 -16737 -51576
11/21 63501 -5445 -58056
11/21 98539 -46620 -51919
11/21 35095 15670 -50765
12/21 21757 32605 -54362
12/21 26586 45198 -71784
12/21 -10366 79333 -68967
12/21 -25765 87804 -62039
01/22 26847 41999 -68846
01/22 16145 51817 -67962
01/22 26788 38636 -65424
01/22 32983 31877 -64860
02/22 53949 47474 -101423
