02/93 -1012 1169 -157
03/93 -357 979 -622
03/93 -494 928 -434
03/93 -420 920 -500
03/93 -334 1026 -692
03/93 187 766 -953
04/93 390 918 -1308
04/93 223 965 -1188
04/93 -155 1070 -915
04/93 -563 1243 -680
05/93 -344 1089 -745
05/93 -308 1090 -782
05/93 -178 806 -628
05/93 -38 947 -909
06/93 -327 1076 -749
06/93 -951 1353 -402
06/93 -610 1437 -827
06/93 -746 1392 -646
06/93 -688 1396 -708
07/93 -625 1336 -711
07/93 -520 1435 -915
07/93 -908 1665 -757
07/93 -870 1515 -645
08/93 -1199 1642 -443
08/93 -1049 1521 -472
08/93 -1060 1173 -113
08/93 -754 957 -203
08/93 -925 1317 -392
09/93 -402 630 -228
09/93 463 762 -1225
09/93 930 593 -1523
09/93 952 567 -1519
10/93 1033 59 -1092
10/93 980 180 -1160
10/93 454 378 -832
10/93 960 331 -1291
11/93 479 601 -1080
11/93 288 473 -761
11/93 374 478 -852
11/93 473 575 -1048
11/93 665 115 -780
12/93 988 123 -1111
12/93 414 -12 -402
12/93 427 319 -746
12/93 262 335 -597
01/94 -350 267 83
01/94 -913 949 -36
01/94 -1659 1393 266
01/94 -1258 1502 -244
02/94 -1651 1897 -246
02/94 -1857 2767 -910
02/94 -2003 2368 -365
02/94 -1687 2628 -941
03/94 -1557 2531 -974
03/94 -411 1267 -856
03/94 230 942 -1172
03/94 732 611 -1343
03/94 61 878 -939
04/94 23 230 -253
04/94 277 131 -408
04/94 556 -98 -458
04/94 371 48 -419
05/94 -238 370 -132
05/94 589 692 -1281
05/94 645 447 -1092
05/94 868 62 -930
05/94 1042 5 -1047
06/94 798 99 -897
06/94 479 141 -620
06/94 820 6 -826
06/94 319 43 -362
07/94 -248 -116 364
07/94 -967 -225 1192
07/94 -896 357 539
07/94 -801 488 313
08/94 -725 689 36
08/94 -1769 1125 644
08/94 -1938 1170 768
08/94 -1470 780 690
08/94 -1542 1389 153
09/94 367 -263 -104
09/94 -1011 1108 -97
09/94 288 -148 -140
09/94 -187 12 175
10/94 -66 202 -136
10/94 -268 284 -16
10/94 -127 582 -455
10/94 -148 378 -230
11/94 -305 79 226
11/94 -676 811 -135
11/94 -1257 1257 0
11/94 -1947 2149 -202
11/94 -1230 1324 -94
12/94 -1664 1578 86
12/94 -1337 1027 310
12/94 -306 457 -151
12/94 -637 425 212
01/95 54 115 -169
01/95 -422 611 -189
01/95 -506 374 132
01/95 -1485 1809 -324
01/95 -368 385 -17
02/95 440 90 -530
02/95 832 -52 -780
02/95 1656 -348 -1308
02/95 1558 -634 -924
03/95 1369 -290 -1079
03/95 208 300 -508
03/95 665 732 -1397
03/95 2392 -1198 -1194
04/95 2403 -1394 -1009
04/95 2882 -1736 -1146
04/95 3489 -2726 -763
04/95 3236 -2010 -1226
05/95 1724 -1423 -301
05/95 -24 -270 294
05/95 -336 561 -225
05/95 -342 790 -448
05/95 -284 849 -565
06/95 -67 1134 -1067
06/95 -351 913 -562
06/95 -3242 4384 -1142
06/95 -4973 6561 -1588
07/95 -3856 5059 -1203
07/95 1416 58 -1474
07/95 326 472 -798
07/95 -103 930 -827
08/95 236 988 -1224
08/95 -236 1359 -1123
08/95 -1405 1394 11
08/95 -1728 1306 422
08/95 -1041 1270 -229
09/95 -424 -203 627
09/95 383 -251 -132
09/95 -561 726 -165
09/95 -1065 581 484
10/95 324 -168 -156
10/95 173 -437 264
10/95 269 -212 -57
10/95 -172 -60 232
10/95 110 -113 3
11/95 1022 272 -1294
11/95 -191 1269 -1078
11/95 149 1174 -1323
11/95 858 690 -1548
12/95 1006 1361 -2367
12/95 -44 2096 -2052
12/95 -524 2267 -1743
12/95 358 1133 -1491
01/96 187 909 -1096
01/96 684 530 -1214
01/96 -1106 1606 -500
01/96 -890 567 323
01/96 -697 -113 810
02/96 1131 -425 -706
02/96 1154 -278 -876
02/96 -47 337 -290
02/96 -94 103 -9
03/96 -205 259 -54
03/96 -1010 262 748
03/96 -1904 36 1868
03/96 -888 52 836
04/96 -1117 122 995
04/96 -2577 971 1606
04/96 -1799 744 1055
04/96 -1549 587 962
04/96 -1981 761 1220
05/96 -1122 146 976
05/96 -989 247 742
05/96 -733 212 521
05/96 -217 -86 303
06/96 338 257 -595
06/96 1630 -631 -999
06/96 336 47 -383
06/96 522 227 -749
07/96 95 1120 -1215
07/96 231 711 -942
07/96 -314 1420 -1106
07/96 1946 -407 -1539
07/96 1884 -152 -1732
08/96 1596 -580 -1016
08/96 1382 -606 -776
08/96 577 46 -623
08/96 665 141 -806
09/96 -59 606 -547
09/96 -284 640 -356
09/96 741 365 -1106
09/96 578 774 -1352
10/96 2327 -646 -1681
10/96 1547 -612 -935
10/96 2007 -256 -1751
10/96 590 238 -828
10/96 332 315 -647
11/96 410 172 -582
11/96 211 145 -356
11/96 -721 1098 -377
11/96 -680 1109 -429
12/96 -792 1365 -573
12/96 -93 1125 -1032
12/96 -508 1710 -1202
12/96 -1804 2320 -516
12/96 -1033 1803 -770
01/97 1572 -200 -1372
01/97 1517 416 -1933
01/97 1508 236 -1744
01/97 2670 -589 -2081
02/97 2330 508 -2838
02/97 2786 -1193 -1593
02/97 2829 -639 -2190
02/97 4432 -976 -3456
03/97 5003 -1039 -3964
03/97 1830 1797 -3627
03/97 2479 923 -3402
03/97 620 2576 -3196
04/97 -910 2708 -1798
04/97 -595 2765 -2170
04/97 2064 148 -2212
04/97 1353 100 -1453
04/97 1463 787 -2250
05/97 186 837 -1023
05/97 -578 1799 -1221
05/97 -287 1027 -740
05/97 -311 1025 -714
06/97 499 1232 -1731
06/97 3167 -486 -2681
06/97 3247 -1037 -2210
06/97 2188 -957 -1231
07/97 3647 -984 -2663
07/97 3464 -1258 -2206
07/97 4000 -1453 -2547
07/97 3297 -2346 -951
07/97 3813 -2733 -1080
08/97 510 -412 -98
08/97 1003 -133 -870
08/97 2425 -473 -1952
08/97 3793 -2005 -1788
09/97 2822 -663 -2159
09/97 6083 -4737 -1346
09/97 7142 -4850 -2292
09/97 7910 -5453 -2457
09/97 5444 -3600 -1844
10/97 5727 -4614 -1113
10/97 4108 -3558 -550
10/97 1975 -1732 -243
10/97 2596 -1683 -913
11/97 1135 -602 -533
11/97 1145 -574 -571
11/97 2335 -1442 -893
11/97 2480 -1548 -932
12/97 1990 -508 -1482
12/97 893 447 -1340
12/97 -683 1248 -565
12/97 -192 1464 -1272
12/97 -1902 3074 -1172
12/97 -2466 3321 -855
01/98 -962 1723 -761
01/98 -4573 4708 -135
01/98 -5195 5791 -596
01/98 -4793 6001 -1208
02/98 -2192 2802 -610
02/98 -1204 1977 -773
02/98 -1291 1912 -621
02/98 180 799 -979
03/98 1208 100 -1308
03/98 1690 355 -2045
03/98 1096 478 -1574
03/98 -436 1587 -1151
03/98 -408 1596 -1188
04/98 -793 1858 -1065
04/98 -216 820 -604
04/98 -345 386 -41
04/98 -361 685 -324
05/98 -1671 1369 302
05/98 -382 990 -608
05/98 -726 2659 -1933
05/98 -713 2322 -1609
06/98 644 1180 -1824
06/98 129 1510 -1639
06/98 -1727 2675 -948
06/98 -1021 2209 -1188
06/98 -1270 2371 -1101
07/98 -13 1324 -1311
07/98 69 1561 -1630
07/98 -1838 3318 -1480
07/98 -1852 3961 -2109
08/98 -2846 4016 -1170
08/98 -3201 4071 -870
08/98 -2571 4004 -1433
08/98 -3180 3492 -312
09/98 -46 770 -724
09/98 456 359 -815
09/98 -1522 2447 -925
09/98 -3436 4677 -1241
09/98 -4472 5509 -1037
10/98 -3712 4202 -490
10/98 -5924 7291 -1367
10/98 -5027 5018 9
10/98 -3680 4599 -919
11/98 -4350 4371 -21
11/98 -3896 4246 -350
11/98 -3852 4484 -632
11/98 -2726 3759 -1033
12/98 -1551 2626 -1075
12/98 -1651 2422 -771
12/98 -225 1405 -1180
12/98 370 512 -882
12/98 -5 285 -280
01/99 2387 -1926 -461
01/99 2748 107 -2855
01/99 4463 -1891 -2572
01/99 3349 -1917 -1432
02/99 3163 -1843 -1320
02/99 3453 -1895 -1558
02/99 4000 -2532 -1468
02/99 4319 -2201 -2118
03/99 1725 139 -1864
03/99 1080 135 -1215
03/99 1426 -252 -1174
03/99 1476 -542 -934
03/99 572 -533 -39
04/99 -239 912 -673
04/99 -446 1531 -1085
04/99 -662 1570 -908
04/99 -1487 3186 -1699
05/99 -461 1981 -1520
05/99 -477 1856 -1379
05/99 -1070 3016 -1946
05/99 -1416 3608 -2192
06/99 -1311 2285 -974
06/99 -2163 2977 -814
06/99 -2216 2624 -408
06/99 -2346 2059 287
06/99 -532 -126 658
07/99 3562 -3389 -173
07/99 3631 -3207 -424
07/99 3317 -3072 -245
07/99 3487 -1062 -2425
08/99 3005 -1766 -1239
08/99 3827 -2661 -1166
08/99 3258 -1963 -1295
08/99 1008 481 -1489
08/99 2186 -827 -1359
09/99 4398 -2129 -2269
09/99 6400 -3815 -2585
09/99 4189 -1269 -2920
09/99 2920 59 -2979
10/99 3109 -494 -2615
10/99 2990 -714 -2276
10/99 4447 -1924 -2523
10/99 4723 -2451 -2272
11/99 2273 -1300 -973
11/99 2636 -732 -1904
11/99 -1152 2181 -1029
11/99 -1343 2624 -1281
11/99 608 995 -1603
12/99 2037 -156 -1881
12/99 1747 85 -1832
12/99 1494 -191 -1303
12/99 2021 -1041 -980
01/00 858 -1558 700
01/00 -2946 -838 3784
01/00 -2833 -716 3549
01/00 -3238 -856 4094
02/00 -1350 -1097 2447
02/00 -1839 -1154 2993
02/00 -1083 -1554 2637
02/00 -1920 -1425 3345
02/00 2357 -1106 -1251
03/00 2458 -1439 -1019
03/00 4413 -3208 -1205
03/00 4217 -2321 -1896
03/00 2709 -1024 -1685
04/00 2180 -1010 -1170
04/00 1545 -486 -1059
04/00 2728 -1690 -1038
04/00 4064 -2962 -1102
05/00 727 296 -1023
05/00 -2021 2055 -34
05/00 2807 -3659 852
05/00 4584 -3731 -853
05/00 5541 -5216 -325
06/00 2986 -4067 1081
06/00 3694 -3324 -370
06/00 2599 -3092 493
06/00 -1032 -1511 2543
07/00 -725 -23 748
07/00 498 -322 -176
07/00 2749 -1759 -990
07/00 2747 -2089 -658
08/00 6449 -2830 -3619
08/00 4322 -1309 -3013
08/00 4744 -749 -3995
08/00 3775 -1153 -2622
08/00 5670 -1645 -4025
09/00 4519 -1032 -3487
09/00 7630 -1278 -6352
09/00 7178 -2857 -4321
09/00 6714 -1413 -5301
10/00 5679 -1259 -4420
10/00 5357 -680 -4677
10/00 2860 1391 -4251
10/00 2205 1733 -3938
10/00 25 3326 -3351
11/00 1023 268 -1291
11/00 -578 1687 -1109
11/00 -455 2138 -1683
11/00 -1635 3030 -1395
12/00 -4747 5800 -1053
12/00 -4803 7931 -3128
12/00 -14426 16027 -1601
12/00 -14963 17097 -2134
01/01 -12040 15511 -3471
01/01 -8126 11240 -3114
01/01 -8134 10370 -2236
01/01 -9018 13708 -4690
01/01 -4945 11054 -6109
02/01 969 4228 -5197
02/01 -4352 7016 -2664
02/01 -5636 8533 -2897
02/01 -5087 7074 -1987
03/01 -4125 4368 -243
03/01 -3301 2535 766
03/01 -6075 7499 -1424
03/01 -4706 6918 -2212
04/01 -10487 10306 181
04/01 -10924 10990 -66
04/01 -12702 10584 2118
04/01 -5266 7947 -2681
05/01 10144 -5111 -5033
05/01 13765 -9030 -4735
05/01 23656 -19194 -4462
05/01 13996 -11197 -2799
05/01 13623 -11960 -1663
06/01 1329 -613 -716
06/01 5145 -3242 -1903
06/01 3153 -6064 2911
06/01 5590 -8400 2810
07/01 -6943 5788 1155
07/01 -6289 4448 1841
07/01 -25912 25544 368
07/01 -29728 29110 618
07/01 -44634 45772 -1138
08/01 -43732 43868 -136
08/01 -60375 63972 -3597
08/01 -61160 62460 -1300
08/01 -60822 62874 -2052
09/01 -54154 55458 -1304
09/01 -77809 78450 -641
09/01 -77289 81538 -4249
09/01 -35712 38101 -2389
10/01 -40458 39949 509
10/01 -42400 43970 -1570
10/01 -39661 42495 -2834
10/01 -44983 45959 -976
10/01 -43402 44952 -1550
11/01 -32891 32911 -20
11/01 -36600 38498 -1898
11/01 -50471 49494 977
11/01 -50408 49457 951
12/01 -36066 35987 79
12/01 -39297 40449 -1152
12/01 -51419 51037 382
12/01 -54023 53328 695
12/01 -52093 51531 562
01/02 -30317 25368 4949
01/02 -9227 3804 5423
01/02 1420 -7022 5602
01/02 -14731 7070 7661
02/02 -30095 25485 4610
02/02 -31570 27706 3864
02/02 -27651 27646 5
02/02 -28878 26091 2787
03/02 -24231 21823 2408
03/02 -21264 22554 -1290
03/02 -11903 16400 -4497
03/02 -15161 16199 -1038
04/02 -8670 8293 377
04/02 -2057 3606 -1549
04/02 -5837 4739 1098
04/02 -10101 11822 -1721
04/02 -9427 14956 -5529
05/02 -37269 37650 -381
05/02 -31224 30030 1194
05/02 -14511 16103 -1592
05/02 -20153 21619 -1466
06/02 -21126 20322 804
06/02 -23713 22633 1080
06/02 -28964 24495 4469
06/02 -30130 25786 4344
07/02 -16506 15921 585
07/02 -22445 21520 925
07/02 -34666 34561 105
07/02 -44286 41770 2516
07/02 -36769 34495 2274
08/02 -7727 5515 2212
08/02 -18252 19464 -1212
08/02 -29075 28056 1019
08/02 -36741 34247 2494
09/02 -40506 37280 3226
09/02 -42710 39961 2749
09/02 -41077 37952 3125
09/02 -92825 93104 -279
10/02 -88619 87562 1057
10/02 -87754 88337 -583
10/02 -82181 82270 -89
10/02 -76779 75423 1356
10/02 -76869 78033 -1164
11/02 -64282 68158 -3876
11/02 -74429 74310 119
11/02 -105381 102915 2466
11/02 -112128 108910 3218
12/02 -71781 67917 3864
12/02 -74237 71195 3042
12/02 -72878 67374 5504
12/02 -73094 67324 5770
12/02 -69384 69024 360
01/03 -74563 67883 6680
01/03 -70100 65390 4710
01/03 -64859 61808 3051
01/03 -59642 58126 1516
02/03 -37211 34101 3110
02/03 -37354 33678 3676
02/03 -40605 35397 5208
02/03 -46179 41694 4485
03/03 -27346 26291 1055
03/03 -28596 26853 1743
03/03 -46986 46712 274
03/03 -45335 45459 -124
04/03 -49526 50885 -1359
04/03 -47909 51301 -3392
04/03 -36309 38514 -2205
04/03 -43941 45034 -1093
04/03 -55347 54392 955
05/03 -17023 15645 1378
05/03 -28995 24355 4640
05/03 -63710 56567 7143
05/03 -69249 63856 5393
06/03 -70992 67154 3838
06/03 -87785 83628 4157
06/03 -77982 74192 3790
06/03 -84374 81559 2815
07/03 -64916 60262 4654
07/03 -69884 71358 -1474
07/03 -79102 83757 -4655
07/03 -90817 93904 -3087
07/03 -113458 115823 -2365
08/03 -110901 113759 -2858
08/03 -121629 122547 -918
08/03 -132866 132456 410
08/03 -151027 149502 1525
09/03 -121544 120139 1405
09/03 -131731 132118 -387
09/03 -136538 137961 -1423
09/03 -133883 135578 -1695
09/03 -130070 130818 -748
10/03 -132781 133029 -248
10/03 -130512 130944 -432
10/03 -131206 132897 -1691
10/03 -144846 147212 -2366
11/03 -118307 121007 -2700
11/03 -117017 121564 -4547
11/03 -117469 121435 -3966
11/03 -109338 111524 -2186
12/03 -99709 102165 -2456
12/03 -93185 94326 -1141
12/03 -93529 93005 524
12/03 -78891 80348 -1457
12/03 -78614 80314 -1700
01/04 -73310 74990 -1680
01/04 -64586 64282 304
01/04 -66640 68227 -1587
01/04 -56834 58132 -1298
02/04 -45930 46143 -213
02/04 -35898 33585 2313
02/04 -37011 37642 -631
02/04 -32452 31880 572
03/04 -7885 8665 -780
03/04 -15905 18540 -2635
03/04 -38110 41967 -3857
03/04 -46071 46270 -199
03/04 -58853 58238 615
04/04 -35004 32859 2145
04/04 -29034 27501 1533
04/04 -32715 27195 5520
04/04 -43033 32905 10128
05/04 -37805 35084 2721
05/04 -13526 1338 12188
05/04 -19729 22920 -3191
05/04 -13832 14640 -808
06/04 586 -598 12
06/04 -14606 11843 2763
06/04 -99777 85925 13852
06/04 -149646 146208 3438
06/04 -169576 168275 1301
07/04 -124156 124942 -786
07/04 -104321 104146 175
07/04 -149213 140564 8649
07/04 -153929 146802 7127
08/04 -142649 132963 9686
08/04 -107806 98730 9076
08/04 -100765 96864 3901
08/04 -111033 105594 5439
08/04 -125270 117597 7673
09/04 -66014 52814 13200
09/04 -66184 54117 12067
09/04 -106562 96372 10190
09/04 -113070 101243 11827
10/04 -120522 108266 12256
10/04 -140451 128436 12015
10/04 -159577 146271 13306
10/04 -199274 190970 8304
11/04 -166167 165640 527
11/04 -164891 163407 1484
11/04 -168747 161867 6880
11/04 -171916 162584 9332
11/04 -182788 177234 5554
12/04 -105378 98641 6737
12/04 -153834 145057 8777
12/04 -152018 141118 10900
12/04 -149311 138773 10538
01/05 -91369 81108 10261
01/05 -80017 76788 3229
01/05 -90056 86607 3449
01/05 -108466 103027 5439
02/05 -160455 137890 22565
02/05 -138906 134173 4733
02/05 -150482 144164 6318
02/05 -168083 112593 55490
03/05 -159223 162058 -2835
03/05 -151477 150291 1186
03/05 -182254 179851 2403
03/05 -187779 181420 6359
03/05 -166260 161534 4726
04/05 -154646 151898 2748
04/05 -153585 150128 3457
04/05 -157961 150237 7724
04/05 -183668 177489 6179
05/05 -130773 125758 5015
05/05 -84868 80075 4793
05/05 -99400 96122 3278
05/05 -96699 85318 11381
05/05 -89023 70557 18466
06/05 -32353 19728 12625
06/05 -38719 23684 15035
06/05 -60311 38250 22061
06/05 -71659 45988 25671
07/05 -40348 15675 24673
07/05 -56308 23134 33174
07/05 -58435 30183 28252
07/05 -78100 55404 22696
08/05 -78561 60905 17656
08/05 -92544 70373 22171
08/05 -111204 92610 18594
08/05 -117220 95108 22112
08/05 -127344 108098 19246
09/05 -123486 117074 6412
09/05 -120932 110695 10237
09/05 -87451 68973 18478
09/05 -66390 53068 13322
10/05 -40695 29295 11400
10/05 -39178 20496 18682
10/05 -41399 33460 7939
10/05 -60071 51367 8704
11/05 -49724 50349 -625
11/05 -21833 14960 6873
11/05 -28686 19444 9242
11/05 -25453 15274 10179
11/05 -45205 36621 8584
12/05 -44092 28146 15946
12/05 -72604 55979 16625
12/05 -99936 83944 15992
12/05 -103436 91649 11787
01/06 -114020 93483 20537
01/06 -66041 55199 10842
01/06 -96478 82702 13776
01/06 -84521 76579 7942
01/06 -31494 23580 7914
02/06 -18816 8838 9978
02/06 -17285 12346 4939
02/06 -5021 -6106 11127
02/06 -2635 -4939 7574
03/06 18055 -26459 8404
03/06 6457 -34772 28315
03/06 -8880 -12553 21433
03/06 -11925 384 11541
04/06 -14140 -14236 28376
04/06 -6018 -18083 24101
04/06 -28735 8463 20272
04/06 -10302 -5062 15364
05/06 -22161 13946 8215
05/06 -8777 4532 4245
05/06 -834 -205 1039
05/06 23432 -31984 8552
05/06 22225 -35323 13098
06/06 17628 -30448 12820
06/06 7585 -22390 14805
06/06 35738 -57103 21365
06/06 31955 -50417 18462
07/06 30353 -36487 6134
07/06 12164 -17341 5177
07/06 30046 -36043 5997
07/06 49783 -51968 2185
08/06 22286 -49301 27015
08/06 14655 -12204 -2451
08/06 7336 -5376 -1960
08/06 -12867 16144 -3277
08/06 -27679 29824 -2145
09/06 -18471 36258 -17787
09/06 -26790 41198 -14408
09/06 -33591 55571 -21980
09/06 8322 7949 -16271
10/06 6418 2747 -9165
10/06 20785 -8660 -12125
10/06 24244 -18976 -5268
10/06 30120 -28280 -1840
10/06 28287 -19173 -9114
11/06 15666 -6652 -9014
11/06 18330 -8253 -10077
11/06 15878 -2725 -13153
11/06 7456 3765 -11221
12/06 -618 2397 -1779
12/06 4417 -3157 -1260
12/06 -3295 639 2656
12/06 -11218 4218 7000
01/07 -16651 7814 8837
01/07 -25476 14262 11214
01/07 -41391 30086 11305
01/07 -46411 38754 7657
01/07 -45613 43037 2576
02/07 -41146 36263 4883
02/07 -62753 61469 1284
02/07 -51121 49977 1144
02/07 -55455 54636 819
03/07 -46122 44971 1151
03/07 -53083 49757 3326
03/07 -7412 135 7277
03/07 5229 -10207 4978
04/07 24022 -26121 2099
04/07 34981 -40784 5803
04/07 39603 -49464 9861
04/07 44430 -47187 2757
05/07 53689 -86816 33127
05/07 82234 -92092 9858
05/07 80792 -93090 12298
05/07 98349 -107371 9022
05/07 98613 -107976 9363
06/07 60816 -77048 16232
06/07 44259 -55130 10871
06/07 49049 -60690 11641
06/07 48699 -59023 10324
07/07 42793 -55805 13012
07/07 21424 -31976 10552
07/07 33030 -39218 6188
07/07 53392 -58102 4710
07/07 79615 -76480 -3135
08/07 128544 -133955 5411
08/07 49320 -52733 3413
08/07 -18552 16038 2514
08/07 -1107 -1458 2565
09/07 6466 11473 -17939
09/07 -19191 19010 181
09/07 -13115 37406 -24291
09/07 -53280 56636 -3356
10/07 -35207 36256 -1049
10/07 -33033 38819 -5786
10/07 -56229 57062 -833
10/07 -39859 42756 -2897
10/07 29194 -34970 5776
11/07 24596 -17149 -7447
11/07 15677 -12404 -3273
11/07 47069 -42120 -4949
11/07 27347 -21551 -5796
12/07 16169 -13762 -2407
12/07 38718 -37463 -1255
12/07 4886 -4394 -492
12/07 -3696 4533 -837
12/07 4271 921 -5192
01/08 -39316 49408 -10092
01/08 -50908 64508 -13600
01/08 -9537 60500 -50963
01/08 -29192 39769 -10577
02/08 -33967 43722 -9755
02/08 -22137 28447 -6310
02/08 -26763 30029 -3266
02/08 -10455 13109 -2654
03/08 -36741 40295 -3554
03/08 -33098 36690 -3592
03/08 -61555 66467 -4912
03/08 -35155 40496 -5341
04/08 -20695 22474 -1779
04/08 -39775 40149 -374
04/08 -51108 50565 543
04/08 -54004 52549 1455
04/08 -55337 47549 7788
05/08 -120753 116171 4582
05/08 -131911 127182 4729
05/08 -153648 144144 9504
05/08 -180068 171174 8894
06/08 -192590 181184 11406
06/08 -229337 213546 15791
06/08 -317212 300854 16358
06/08 -346437 332320 14117
07/08 -302154 293517 8637
07/08 -281725 271372 10353
07/08 -272771 260933 11838
07/08 -272312 258679 13633
07/08 -278799 262525 16274
08/08 -239160 228639 10521
08/08 -217958 210788 7170
08/08 -212445 208384 4061
08/08 -216662 208739 7923
09/08 -218783 208800 9983
09/08 -208751 194946 13805
09/08 -187768 178272 9496
09/08 -153416 140769 12647
09/08 -142644 131650 10994
10/08 -138455 125731 12724
10/08 -154733 145140 9593
10/08 -170871 160316 10555
10/08 -175978 174895 1083
11/08 -170910 171544 -634
11/08 -167471 170761 -3290
11/08 -162287 173842 -11555
11/08 -177912 184447 -6535
12/08 -147607 151636 -4029
12/08 -156697 157866 -1169
12/08 -159533 169219 -9686
12/08 -185857 188826 -2969
12/08 -178194 179742 -1548
01/09 -167233 171483 -4250
01/09 -170176 172640 -2464
01/09 -167943 168311 -368
01/09 -173753 172325 1428
02/09 -135460 134782 678
02/09 -140636 136022 4614
02/09 -144670 143354 1316
02/09 -162188 161076 1112
03/09 -134671 133428 1243
03/09 -139102 133122 5980
03/09 -140344 134801 5543
03/09 -146865 139932 6933
03/09 -164378 158962 5416
04/09 -162128 153709 8419
04/09 -155470 148409 7061
04/09 -162964 148908 14056
04/09 -165627 151879 13748
05/09 -153053 140364 12689
05/09 -146810 134989 11821
05/09 -148954 141657 7297
05/09 -156552 144721 11831
06/09 -118690 111597 7093
06/09 -132245 121760 10485
06/09 -131236 123468 7768
06/09 -138578 133471 5107
06/09 -116187 114650 1537
07/09 -112694 108061 4633
07/09 -107370 104411 2959
07/09 -101455 100805 650
07/09 -104956 104597 359
08/09 -99893 101200 -1307
08/09 -96061 99160 -3099
08/09 -93199 95297 -2098
08/09 -100143 97264 2879
09/09 -99188 100098 -910
09/09 -84643 86952 -2309
09/09 -95810 95336 474
09/09 -112312 115064 -2752
09/09 -104909 110291 -5382
10/09 -69048 71718 -2670
10/09 -51081 54161 -3080
10/09 -54888 54700 188
10/09 -52550 52627 -77
11/09 -38939 39012 -73
11/09 -38035 40852 -2817
11/09 -34101 39748 -5647
11/09 -30594 34428 -3834
12/09 -33761 32409 1352
12/09 -9625 12418 -2793
12/09 -23567 28007 -4440
12/09 -25519 32425 -6906
12/09 -28015 34793 -6778
01/10 2990 985 -3975
01/10 5623 1407 -7030
01/10 635 3062 -3697
01/10 7615 263 -7878
02/10 18322 -11761 -6561
02/10 12667 -6259 -6408
02/10 8103 -4913 -3190
02/10 12584 -5463 -7121
03/10 21275 -14479 -6796
03/10 20820 -9191 -11629
03/10 457 11839 -12296
03/10 -567 14149 -13582
03/10 -35190 48282 -13092
04/10 -60138 75270 -15132
04/10 -75073 87926 -12853
04/10 -81517 94507 -12990
04/10 -66270 79371 -13101
05/10 -102754 114774 -12020
05/10 -95164 106358 -11194
05/10 -104464 117597 -13133
05/10 -101720 119720 -18000
06/10 -114355 129501 -15146
06/10 -115845 133081 -17236
06/10 -123508 145988 -22480
06/10 -137113 157076 -19963
06/10 -141997 163391 -21394
07/10 -142008 158765 -16757
07/10 -146351 163397 -17046
07/10 -139618 161281 -21663
07/10 -147292 167760 -20468
08/10 -137237 155041 -17804
08/10 -125838 141220 -15382
08/10 -132118 144737 -12619
08/10 -123517 135042 -11525
08/10 -129779 145031 -15252
09/10 -127087 135969 -8882
09/10 -121580 135865 -14285
09/10 -119961 139915 -19954
09/10 -128022 142668 -14646
10/10 -103745 118446 -14701
10/10 -108560 123807 -15247
10/10 -116944 131130 -14186
10/10 -120346 134728 -14382
11/10 -101834 116153 -14319
11/10 -100007 114825 -14818
11/10 -106674 118269 -11595
11/10 -109733 124178 -14445
11/10 -134177 151382 -17205
12/10 -105362 123613 -18251
12/10 -123204 140524 -17320
12/10 -122982 134997 -12015
12/10 -124959 137280 -12321
01/11 -70938 81856 -10918
01/11 -76777 90306 -13529
01/11 -71741 87476 -15735
01/11 -75375 89482 -14107
02/11 -62988 78606 -15618
02/11 -73599 84209 -10610
02/11 -66730 73637 -6907
02/11 -55227 66703 -11476
03/11 -48912 65411 -16499
03/11 -37647 54724 -17077
03/11 -27165 41346 -14181
03/11 -51240 62337 -11097
03/11 -55363 66332 -10969
04/11 -35421 47138 -11717
04/11 -36671 51074 -14403
04/11 -35162 51014 -15852
04/11 -32129 46833 -14704
05/11 -14685 36976 -22291
05/11 -11435 27684 -16249
05/11 4770 10697 -15467
05/11 6656 9459 -16115
05/11 28802 -8019 -20783
06/11 37508 -20322 -17186
06/11 29293 -12152 -17141
06/11 29212 -13121 -16091
06/11 4530 14574 -19104
07/11 16144 1205 -17349
07/11 9770 2078 -11848
07/11 -950 7035 -6085
07/11 4520 -1827 -2693
08/11 -15317 21921 -6604
08/11 -28469 27030 1439
08/11 -17268 23548 -6280
08/11 -13136 19435 -6299
08/11 -12364 19702 -7338
09/11 -15080 22609 -7529
09/11 -18788 24590 -5802
09/11 423 5573 -5996
09/11 3889 137 -4026
10/11 -2499 13455 -10956
10/11 -3108 16607 -13499
10/11 4498 3274 -7772
10/11 -1200 7403 -6203
11/11 -5990 3777 2213
11/11 -5425 7319 -1894
11/11 -8555 10291 -1736
11/11 -8686 16817 -8131
11/11 -16514 26900 -10386
12/11 -6160 20406 -14246
12/11 -12363 21486 -9123
12/11 -10650 19506 -8856
12/11 -15940 25709 -9769
01/12 -10426 12317 -1891
01/12 -16586 15182 1404
01/12 -19905 17140 2765
01/12 -23656 21384 2272
01/12 -17974 18179 -205
02/12 -19539 22864 -3325
02/12 -18207 27844 -9637
02/12 -2636 10335 -7699
02/12 -3724 12030 -8306
03/12 11561 -3273 -8288
03/12 15155 -646 -14509
03/12 11159 5928 -17087
03/12 14853 4728 -19581
04/12 22666 -3630 -19036
04/12 21595 1122 -22717
04/12 55394 -32591 -22803
04/12 48178 -27135 -21043
05/12 54542 -34923 -19619
05/12 56068 -34767 -21301
05/12 68204 -41063 -27141
05/12 76466 -44692 -31774
05/12 77179 -47580 -29599
06/12 64628 -32941 -31687
06/12 65761 -36055 -29706
06/12 69348 -43882 -25466
06/12 55453 -34367 -21086
07/12 60547 -41277 -19270
07/12 58082 -41928 -16154
07/12 53004 -36205 -16799
07/12 45171 -35581 -9590
07/12 48466 -37838 -10628
08/12 47526 -34383 -13143
08/12 43290 -25444 -17846
08/12 43639 -33513 -10126
08/12 36811 -30119 -6692
09/12 50216 -39937 -10279
09/12 43778 -35401 -8377
09/12 35336 -25851 -9485
09/12 34739 -22180 -12559
10/12 51712 -37001 -14711
10/12 45660 -35946 -9714
10/12 48054 -38631 -9423
10/12 52269 -37374 -14895
10/12 26745 -14271 -12474
11/12 46657 -34109 -12548
11/12 42467 -32524 -9943
11/12 34325 -28609 -5716
11/12 28526 -21728 -6798
12/12 44420 -32802 -11618
12/12 39863 -26419 -13444
12/12 -7850 17204 -9354
12/12 -5284 19797 -14513
12/12 -8823 24155 -15332
01/13 15887 -3399 -12488
01/13 10229 -2459 -7770
01/13 20516 -3238 -17278
01/13 16585 -1156 -15429
02/13 14926 -3445 -11481
02/13 14910 -4440 -10470
02/13 16288 -2689 -13599
02/13 21930 -6804 -15126
03/13 34650 -21977 -12673
03/13 33948 -20887 -13061
03/13 21982 -11487 -10495
03/13 6011 5977 -11988
04/13 30774 -14996 -15778
04/13 31358 -17046 -14312
04/13 35521 -20944 -14577
04/13 32013 -18708 -13305
04/13 33710 -19994 -13716
05/13 39312 -20934 -18378
05/13 26384 -11958 -14426
05/13 30253 -13112 -17141
05/13 10280 2719 -12999
06/13 27091 -10239 -16852
06/13 29032 -13037 -15995
06/13 29146 -14456 -14690
06/13 22793 -11249 -11544
07/13 30737 -15660 -15077
07/13 24441 -11917 -12524
07/13 30472 -19765 -10707
07/13 28563 -16784 -11779
07/13 27862 -15009 -12853
08/13 29820 -18268 -11552
08/13 25757 -16406 -9351
08/13 26761 -16498 -10263
08/13 18698 -8450 -10248
09/13 18900 -6916 -11984
09/13 21881 -9582 -12299
09/13 20162 -7145 -13017
09/13 20300 -5952 -14348
10/13 23241 -7694 -15547
10/13 20308 -11767 -8541
10/13 26141 -15501 -10640
10/13 35098 -23672 -11426
10/13 31784 -19774 -12010
11/13 38333 -22159 -16174
11/13 45214 -26721 -18493
11/13 41016 -25976 -15040
11/13 43304 -28381 -14923
12/13 45898 -24458 -21440
12/13 51610 -29074 -22536
12/13 54045 -30519 -23526
12/13 57062 -38202 -18860
12/13 58047 -38293 -19754
01/14 52593 -38049 -14544
01/14 53624 -37294 -16330
01/14 56046 -39411 -16635
01/14 58537 -34022 -24515
02/14 47192 -31717 -15475
02/14 53448 -38720 -14728
02/14 47069 -31991 -15078
02/14 42878 -28444 -14434
03/14 56072 -39179 -16893
03/14 55999 -36766 -19233
03/14 51718 -30546 -21172
03/14 56395 -34802 -21593
04/14 71407 -46120 -25287
04/14 83152 -57417 -25735
04/14 83071 -55827 -27244
04/14 94850 -68936 -25914
04/14 102438 -74905 -27533
05/14 79650 -53540 -26110
05/14 75063 -50988 -24075
05/14 84780 -53936 -30844
05/14 85530 -57982 -27548
06/14 81259 -56437 -24822
06/14 85948 -63812 -22136
06/14 82580 -57036 -25544
06/14 83352 -58309 -25043
07/14 79370 -59287 -20083
07/14 87026 -68211 -18815
07/14 107324 -87867 -19457
07/14 112369 -91334 -21035
07/14 123877 -100608 -23269
08/14 127095 -103389 -23706
08/14 132146 -106177 -25969
08/14 137304 -116785 -20519
08/14 148270 -127835 -20435
09/14 133769 -112796 -20973
09/14 136641 -120880 -15761
09/14 159563 -143990 -15573
09/14 169048 -147873 -21175
09/14 156696 -134475 -22221
10/14 153243 -129537 -23706
10/14 156956 -134778 -22178
10/14 168248 -141047 -27201
10/14 184940 -164060 -20880
11/14 179547 -156109 -23438
11/14 190963 -166957 -24006
11/14 197222 -172169 -25053
11/14 189757 -165467 -24290
12/14 185886 -160829 -25057
12/14 176825 -150673 -26152
12/14 171797 -146028 -25769
12/14 159410 -132289 -27121
12/14 161688 -135180 -26508
01/15 153734 -125690 -28044
01/15 173229 -149776 -23453
01/15 155447 -133956 -21491
01/15 143341 -121365 -21976
02/15 141267 -120388 -20879
02/15 135790 -118523 -17267
02/15 125986 -106493 -19493
02/15 118517 -90109 -28408
03/15 137932 -113408 -24524
03/15 136877 -112570 -24307
03/15 133682 -107397 -26285
03/15 111100 -81920 -29180
03/15 118256 -87709 -30547
04/15 131599 -102545 -29054
04/15 144369 -117121 -27248
04/15 150982 -127751 -23231
04/15 154324 -130067 -24257
05/15 157532 -126787 -30745
05/15 172110 -139666 -32444
05/15 173624 -143166 -30458
05/15 180728 -146201 -34527
06/15 184624 -153152 -31472
06/15 188573 -155820 -32753
06/15 182713 -147822 -34891
06/15 199151 -160036 -39115
06/15 176137 -144459 -31678
07/15 174597 -138621 -35976
07/15 199582 -163934 -35648
07/15 184796 -149734 -35062
07/15 173276 -139670 -33606
08/15 114631 -87064 -27567
08/15 118315 -89962 -28353
08/15 124579 -95386 -29193
08/15 111248 -82614 -28634
09/15 104945 -76118 -28827
09/15 96083 -65485 -30598
09/15 10915 26477 -37392
09/15 5992 40311 -46303
09/15 33060 13581 -46641
10/15 -21475 67166 -45691
10/15 -58408 113874 -55466
10/15 -114471 151076 -36605
10/15 -122578 163020 -40442
11/15 -20565 51144 -30579
11/15 1838 26300 -28138
11/15 -14469 42899 -28430
11/15 -11036 39516 -28480
12/15 28757 -5163 -23594
12/15 48235 -25071 -23164
12/15 47287 -24699 -22588
12/15 27685 -4705 -22980
12/15 39338 -18920 -20418
01/16 44583 -20021 -24562
01/16 45835 -24774 -21061
01/16 25449 -4882 -20567
01/16 18855 1121 -19976
02/16 79672 -62786 -16886
02/16 93197 -71260 -21937
02/16 90173 -67949 -22224
02/16 99363 -79759 -19604
03/16 60823 -42631 -18192
03/16 72501 -48978 -23523
03/16 76767 -49044 -27723
03/16 82529 -57555 -24974
03/16 84875 -55746 -29129
04/16 105768 -54598 -51170
04/16 121426 -76599 -44827
04/16 132444 -92254 -40190
04/16 184813 -104115 -80698
05/16 162811 -134824 -27987
05/16 145046 -111024 -34022
05/16 147903 -112010 -35893
05/16 154663 -129871 -24792
05/16 154897 -124935 -29962
06/16 129120 -94654 -34466
06/16 126014 -88347 -37667
06/16 97915 -64580 -33335
06/16 60158 -32084 -28074
07/16 75237 -45674 -29563
07/16 49417 -21100 -28317
07/16 78597 -52510 -26087
07/16 70659 -40360 -30299
08/16 122211 -94867 -27344
08/16 116831 -83942 -32889
08/16 111339 -77336 -34003
08/16 85565 -56048 -29517
08/16 108573 -43348 -65225
09/16 95998 -62079 -33919
09/16 95245 -56257 -38988
09/16 104456 -66250 -38206
09/16 69474 -26957 -42517
10/16 85120 -48092 -37028
10/16 57297 -27053 -30244
10/16 70051 -39746 -30305
10/16 66245 -37753 -28492
11/16 85469 -62179 -23290
11/16 53321 -32762 -20559
11/16 75821 -54795 -21026
11/16 88114 -63793 -24321
11/16 76278 -54723 -21555
12/16 75833 -58836 -16997
12/16 95775 -77415 -18360
12/16 88924 -61066 -27858
12/16 104612 -77136 -27476
01/17 130287 -109433 -20854
01/17 160276 -135098 -25178
01/17 146159 -125963 -20196
01/17 101176 -84760 -16416
01/17 121845 -107990 -13855
02/17 153387 -132249 -21138
02/17 157440 -140202 -17238
02/17 183835 -159114 -24721
02/17 172973 -155059 -17914
03/17 261547 -246378 -15169
03/17 212699 -192787 -19912
03/17 234198 -208167 -26031
03/17 242024 -219625 -22399
04/17 234696 -207145 -27551
04/17 243757 -212743 -31014
04/17 262109 -231723 -30386
04/17 234386 -214257 -20129
05/17 60342 -37386 -22956
05/17 -4128 25764 -21636
05/17 48745 -27161 -21584
05/17 31235 -4929 -26306
05/17 21767 -1925 -19842
06/17 11141 -955 -10186
06/17 -22975 32099 -9124
06/17 74554 -56191 -18363
06/17 187219 -165900 -21319
07/17 199369 -178931 -20438
07/17 200292 -178965 -21327
07/17 224477 -196377 -28100
07/17 233318 -200537 -32781
08/17 317930 -285161 -32769
08/17 319491 -286041 -33450
08/17 315103 -284876 -30227
08/17 292439 -259210 -33229
08/17 272556 -238916 -33640
09/17 276020 -244038 -31982
09/17 228259 -197507 -30752
09/17 201838 -172683 -29155
09/17 178962 -141411 -37551
10/17 180794 -145686 -35108
10/17 160284 -124958 -35326
10/17 92842 -61761 -31081
10/17 72275 -34318 -37957
10/17 68172 -29859 -38313
11/17 132542 -94061 -38481
11/17 137284 -105076 -32208
11/17 126579 -100898 -25681
11/17 115161 -89888 -25273
12/17 120975 -92386 -28589
12/17 111022 -86768 -24254
12/17 101076 -74962 -26114
12/17 83581 -60124 -23457
01/18 117371 -92507 -24864
01/18 97613 -72568 -25045
01/18 35001 -9322 -25679
01/18 31600 -7521 -24079
01/18 2154 19795 -21949
02/18 159350 -118635 -40715
02/18 108691 -79769 -28922
02/18 39670 -19225 -20445
02/18 7834 14473 -22307
03/18 -15544 41604 -26060
03/18 -253 25208 -24955
03/18 -78556 104573 -26017
03/18 -89748 115405 -25657
04/18 -46414 73533 -27119
04/18 -123427 153855 -30428
04/18 -166206 192552 -26346
04/18 -196822 216504 -19682
05/18 -80704 109042 -28338
05/18 -22199 46688 -24489
05/18 -44620 67115 -22495
05/18 -54318 79805 -25487
05/18 -152764 183283 -30519
06/18 -20762 45863 -25101
06/18 -73314 103890 -30576
06/18 -187870 212612 -24742
06/18 -196797 220563 -23766
07/18 -107265 133370 -26105
07/18 -101101 128538 -27437
07/18 -102652 127236 -24584
07/18 -127489 155147 -27658
07/18 -128286 159088 -30802
08/18 -54855 81263 -26408
08/18 -29677 58951 -29274
08/18 5327 21286 -26613
08/18 19016 9727 -28743
09/18 71824 -32802 -39022
09/18 74450 -61151 -13299
09/18 91666 -75361 -16305
09/18 54295 -38334 -15961
10/18 51673 -32527 -19146
10/18 30201 -12775 -17426
10/18 52103 -29983 -22120
10/18 77953 -56662 -21291
10/18 94107 -69668 -24439
11/18 81210 -62953 -18257
11/18 48452 -32490 -15962
11/18 107325 -91131 -16194
11/18 99941 -82966 -16975
12/18 123238 -94787 -28451
12/18 78284 -48193 -30091
12/18 25547 934 -26481
12/18 80789 -68770 -12019
12/18 67070 -56524 -10546
01/19 128925 -116284 -12641
01/19 123707 -111442 -12265
01/19 104615 -86818 -17797
01/19 51878 -40348 -11530
02/19 165206 -143607 -21599
02/19 218856 -196285 -22571
02/19 212613 -190103 -22510
02/19 203111 -185523 -17588
03/19 98393 -79498 -18895
03/19 86177 -61174 -25003
03/19 144799 -120380 -24419
03/19 177505 -158214 -19291
04/19 185769 -167983 -17786
04/19 162878 -152039 -10839
04/19 186517 -182331 -4186
04/19 215069 -200113 -14956
04/19 231101 -222037 -9064
05/19 166288 -155724 -10564
05/19 135347 -113557 -21790
05/19 168547 -152578 -15969
05/19 205506 -190550 -14956
06/19 185007 -167561 -17446
06/19 138996 -118952 -20044
06/19 94476 -73619 -20857
06/19 71050 -49802 -21248
07/19 29550 -6399 -23151
07/19 15202 -3251 -11951
07/19 57024 -34591 -22433
07/19 162272 -144059 -18213
07/19 162183 -145014 -17169
08/19 211723 -199844 -11879
08/19 75056 -65702 -9354
08/19 47006 -40925 -6081
08/19 51823 -45606 -6217
09/19 16964 -16610 -354
09/19 -110500 115949 -5449
09/19 -194173 195358 -1185
09/19 -176590 200078 -23488
10/19 -185468 192345 -6877
10/19 -134736 137028 -2292
10/19 -189445 193895 -4450
10/19 -215341 220139 -4798
10/19 -183851 191049 -7198
11/19 -162412 158636 3776
11/19 -262708 258319 4389
11/19 -294272 293457 815
11/19 -318007 312416 5591
12/19 -255067 244326 10741
12/19 -274032 269093 4939
12/19 -342855 332942 9913
12/19 -351855 343874 7981
12/19 -346991 336074 10917
01/20 -374882 365613 9269
01/20 -412906 397050 15856
01/20 -364005 355945 8060
01/20 -368578 364870 3708
02/20 -322270 315589 6681
02/20 -307661 303597 4064
02/20 -305030 298866 6164
02/20 -343830 332618 11212
03/20 -274532 289934 -15402
03/20 -328253 344368 -16115
03/20 -312418 312105 313
03/20 -252973 260838 -7865
03/20 -276814 284092 -7278
04/20 -307610 312876 -5266
04/20 -325597 332108 -6511
04/20 -386251 390112 -3861
04/20 -478642 485520 -6878
05/20 -378960 386291 -7331
05/20 -364061 370009 -5948
05/20 -400116 401236 -1120
05/20 -493344 489012 4332
06/20 -410139 411397 -1258
06/20 -486292 485591 701
06/20 -467153 467495 -342
06/20 -452420 452518 -98
06/20 -369330 372486 -3156
07/20 -296393 310052 -13659
07/20 -285500 296683 -11183
07/20 -297579 309213 -11634
07/20 -306911 318221 -11310
08/20 -190896 202991 -12095
08/20 -224558 235235 -10677
08/20 -233848 240293 -6445
08/20 -223713 227003 -3290
09/20 -207912 213430 -5518
09/20 -205786 209019 -3233
09/20 -197481 199238 -1757
09/20 -193012 196037 -3025
09/20 -195447 197424 -1977
10/20 -149838 155360 -5522
10/20 -218497 221831 -3334
10/20 -214824 218270 -3446
10/20 -220711 224520 -3809
11/20 -130998 136748 -5750
11/20 -98383 99978 -1595
11/20 -89657 95811 -6154
11/20 -96757 103329 -6572
12/20 -53485 54765 -1280
12/20 -63447 67491 -4044
12/20 -88408 91178 -2770
12/20 -90360 93250 -2890
12/20 -103588 108259 -4671
01/21 -37838 46622 -8784
01/21 -16988 25493 -8505
01/21 -12009 21223 -9214
01/21 35659 -28150 -7509
02/21 112215 -105103 -7112
02/21 84081 -77785 -6296
02/21 83820 -80391 -3429
02/21 112803 -111478 -1325
03/21 118220 -111057 -7163
03/21 140437 -135338 -5099
03/21 126824 -120238 -6586
03/21 84148 -77447 -6701
03/21 91253 -82631 -8622
04/21 129362 -120673 -8689
04/21 134520 -127125 -7395
04/21 162087 -152892 -9195
04/21 181942 -171044 -10898
05/21 298013 -288552 -9461
05/21 283524 -276630 -6894
05/21 300533 -294744 -5789
05/21 257765 -247959 -9806
06/21 309334 -297178 -12156
06/21 330488 -320917 -9571
06/21 274190 -265679 -8511
06/21 259381 -256308 -3073
06/21 204108 -200030 -4078
07/21 187461 -182471 -4990
07/21 190473 -180992 -9481
07/21 196951 -185934 -11017
07/21 138816 -126555 -12261
08/21 94180 -96108 1928
08/21 92140 -81715 -10425
08/21 95569 -83089 -12480
08/21 84483 -70439 -14044
08/21 113476 -100285 -13191
09/21 95213 -87939 -7274
09/21 84423 -78328 -6095
09/21 95805 -86054 -9751
09/21 99062 -86981 -12081
10/21 89978 -78348 -11630
10/21 79999 -69085 -10914
10/21 65503 -54484 -11019
10/21 54410 -44591 -9819
11/21 74234 -62468 -11766
11/21 77176 -67949 -9227
11/21 74839 -65206 -9633
11/21 95280 -82005 -13275
11/21 114396 -98478 -15918
12/21 119740 -113319 -6421
12/21 102121 -89312 -12809
12/21 106598 -89429 -17169
12/21 107478 -93329 -14149
01/22 99441 -85291 -14150
01/22 70020 -67554 -2466
01/22 34660 -12274 -22386
01/22 -26161 49437 -23276
02/22 -9177 32600 -23423
