01/93 -5126 8014 -2888
02/93 -3063 7191 -4128
02/93 -8642 9120 -478
02/93 -7902 6820 1082
02/93 -2004 7340 -5336
03/93 583 3710 -4293
03/93 14441 -8513 -5928
03/93 18678 -12802 -5876
03/93 19415 -11198 -8217
03/93 19319 -11555 -7764
04/93 18650 -13692 -4958
04/93 20481 -14219 -6262
04/93 21343 -16049 -5294
04/93 22744 -18557 -4187
05/93 18512 -13744 -4768
05/93 14095 -11847 -2248
05/93 31532 -22253 -9279
05/93 32516 -21655 -10861
06/93 27856 -17420 -10436
06/93 24326 -16888 -7438
06/93 20770 -16617 -4153
06/93 22303 -16799 -5504
06/93 19303 -14855 -4448
07/93 12259 -7809 -4450
07/93 13045 -5639 -7406
07/93 11526 -2622 -8904
07/93 19300 -4504 -14796
08/93 17747 -3646 -14101
08/93 22661 -9418 -13243
08/93 15868 -11997 -3871
08/93 14130 -9485 -4645
08/93 6251 -6499 248
09/93 10208 -11124 916
09/93 15367 -13942 -1425
09/93 16445 -12217 -4228
09/93 11673 -9578 -2095
10/93 12906 -8667 -4239
10/93 9220 -4633 -4587
10/93 7609 -290 -7319
10/93 6170 5067 -11237
11/93 3723 12056 -15779
11/93 -5369 20114 -14745
11/93 -7522 22349 -14827
11/93 -14003 27200 -13197
11/93 -15268 29369 -14101
12/93 -18171 32351 -14180
12/93 -18656 31299 -12643
12/93 -28863 43520 -14657
12/93 -39099 48937 -9838
01/94 -25114 32720 -7606
01/94 -35534 43461 -7927
01/94 -30769 38393 -7624
01/94 -40489 47267 -6778
02/94 -39322 47579 -8257
02/94 -21494 37826 -16332
02/94 -21575 35083 -13508
02/94 -26992 40890 -13898
03/94 -25009 37517 -12508
03/94 -26343 41187 -14844
03/94 -14622 28506 -13884
03/94 -20165 31772 -11607
03/94 -17674 29756 -12082
04/94 -13004 25949 -12945
04/94 -15964 29643 -13679
04/94 -11972 27532 -15560
04/94 -20318 30401 -10083
05/94 -11172 24316 -13144
05/94 -18657 28754 -10097
05/94 -18825 24709 -5884
05/94 -26509 33067 -6558
05/94 -21281 30791 -9510
06/94 -31925 33589 -1664
06/94 -29930 37150 -7220
06/94 -27421 30278 -2857
06/94 -22562 28314 -5752
07/94 -5827 16793 -10966
07/94 -2808 12452 -9644
07/94 -8242 11488 -3246
07/94 -9422 13107 -3685
08/94 -4268 6720 -2452
08/94 1714 3964 -5678
08/94 -8111 9887 -1776
08/94 -12305 15001 -2696
08/94 -8911 11780 -2869
09/94 -13017 11784 1233
09/94 15866 -7774 -8092
09/94 35276 -21596 -13680
09/94 9979 -1320 -8659
10/94 8197 -23 -8174
10/94 -223 4996 -4773
10/94 3064 1760 -4824
10/94 7265 -419 -6846
11/94 38 10569 -10607
11/94 6064 6066 -12130
11/94 -1860 11395 -9535
11/94 1068 11076 -12144
11/94 2432 11828 -14260
12/94 8300 5130 -13430
12/94 4368 7236 -11604
12/94 4702 6984 -11686
12/94 860 10102 -10962
01/95 15781 -6375 -9406
01/95 14337 -1897 -12440
01/95 4897 3841 -8738
01/95 6358 5657 -12015
01/95 5641 3385 -9026
02/95 1334 5631 -6965
02/95 -1940 11513 -9573
02/95 3259 8744 -12003
02/95 -2852 12580 -9728
03/95 -4727 11094 -6367
03/95 -7920 11573 -3653
03/95 -2855 7619 -4764
03/95 -6061 8895 -2834
04/95 -1236 6612 -5376
04/95 -3106 7950 -4844
04/95 -3470 8356 -4886
04/95 -3875 8223 -4348
05/95 6617 2441 -9058
05/95 8184 2271 -10455
05/95 8812 -2953 -5859
05/95 -4306 8097 -3791
05/95 -5938 11861 -5923
06/95 -3441 10732 -7291
06/95 -5029 8846 -3817
06/95 3586 3464 -7050
06/95 -3294 8734 -5440
07/95 -7921 15702 -7781
07/95 -7168 10268 -3100
07/95 1448 3154 -4602
07/95 3843 4609 -8452
08/95 -1243 12774 -11531
08/95 -1563 11675 -10112
08/95 3067 9819 -12886
08/95 6847 4432 -11279
08/95 2893 2881 -5774
09/95 -33 5841 -5808
09/95 1638 473 -2111
09/95 554 4636 -5190
09/95 912 6793 -7705
10/95 2210 3662 -5872
10/95 5766 -2259 -3507
10/95 7701 -3753 -3948
10/95 4595 -1705 -2890
10/95 7759 -3601 -4158
11/95 4977 -1702 -3275
11/95 7616 -3858 -3758
11/95 5753 -3596 -2157
11/95 11880 -10152 -1728
12/95 11248 -8963 -2285
12/95 13645 -8925 -4720
12/95 8864 -2623 -6241
12/95 8481 -5252 -3229
01/96 7076 -5697 -1379
01/96 6973 -8001 1028
01/96 3395 -7323 3928
01/96 7701 -12192 4491
01/96 8404 -10861 2457
02/96 2138 -4624 2486
02/96 4440 -5460 1020
02/96 8664 -2494 -6170
02/96 18492 -5457 -13035
03/96 6353 4731 -11084
03/96 2093 9784 -11877
03/96 -313 8568 -8255
03/96 2255 7427 -9682
04/96 1181 7613 -8794
04/96 6571 2834 -9405
04/96 4769 8576 -13345
04/96 9699 2922 -12621
04/96 11423 3376 -14799
05/96 13475 2272 -15747
05/96 16401 -4175 -12226
05/96 21150 -6182 -14968
05/96 19550 -6105 -13445
06/96 20437 -6455 -13982
06/96 24434 -9402 -15032
06/96 20511 -9897 -10614
06/96 20006 -9111 -10895
07/96 8359 1282 -9641
07/96 8023 4344 -12367
07/96 350 4056 -4406
07/96 2664 4311 -6975
07/96 28 8105 -8133
08/96 -2448 7391 -4943
08/96 -3477 8564 -5087
08/96 -4444 8609 -4165
08/96 22610 -15173 -7437
09/96 28943 -17625 -11318
09/96 30706 -17897 -12809
09/96 24626 -13412 -11214
09/96 20448 -12377 -8071
10/96 15331 -7801 -7530
10/96 973 3613 -4586
10/96 2657 2061 -4718
10/96 -3457 9699 -6242
10/96 -6810 11407 -4597
11/96 -12660 17320 -4660
11/96 -15150 17792 -2642
11/96 -13050 16527 -3477
11/96 -20002 23022 -3020
12/96 -30844 33613 -2769
12/96 -17 2546 -2529
12/96 23027 -13298 -9729
12/96 20045 -12014 -8031
12/96 22309 -12274 -10035
01/97 20223 -6424 -13799
01/97 23917 -12408 -11509
01/97 30492 -18681 -11811
01/97 29024 -16974 -12050
02/97 28323 -16435 -11888
02/97 16724 -7557 -9167
02/97 15086 -10134 -4952
02/97 21283 -14375 -6908
03/97 47119 -34739 -12380
03/97 68085 -48509 -19576
03/97 70369 -54758 -15611
03/97 62919 -45321 -17598
04/97 53072 -35228 -17844
04/97 53478 -36663 -16815
04/97 52399 -36213 -16186
04/97 53991 -37405 -16586
04/97 57950 -40162 -17788
05/97 18278 -8395 -9883
05/97 18200 -7196 -11004
05/97 13340 -2922 -10418
05/97 11819 1724 -13543
06/97 2709 10768 -13477
06/97 5907 6640 -12547
06/97 -13007 20204 -7197
06/97 -12226 18778 -6552
07/97 -6954 12625 -5671
07/97 -12763 19192 -6429
07/97 -11809 17782 -5973
07/97 -18084 25700 -7616
07/97 -24389 31129 -6740
08/97 -13742 21425 -7683
08/97 17078 -2435 -14643
08/97 24431 -9354 -15077
08/97 26934 -10336 -16598
09/97 30629 -12306 -18323
09/97 35179 -19234 -15945
09/97 1391 12034 -13425
09/97 -21715 31076 -9361
09/97 -16771 24439 -7668
10/97 -24704 29387 -4683
10/97 -14466 20389 -5923
10/97 -8787 17013 -8226
10/97 -14562 22258 -7696
11/97 -18912 25768 -6856
11/97 -20980 23894 -2914
11/97 -21814 24148 -2334
11/97 -15482 14543 939
12/97 -16034 21252 -5218
12/97 65547 -54691 -10856
12/97 57541 -50498 -7043
12/97 47504 -42113 -5391
12/97 40703 -38666 -2037
12/97 50454 -41134 -9320
01/98 -16216 15392 824
01/98 -18318 22129 -3811
01/98 -25089 28064 -2975
01/98 -27607 31241 -3634
02/98 -25761 25632 129
02/98 -25030 27640 -2610
02/98 -21175 27540 -6365
02/98 -4775 12792 -8017
03/98 51406 -38298 -13108
03/98 60694 -46387 -14307
03/98 51472 -36974 -14498
03/98 46349 -33125 -13224
03/98 71297 -55853 -15444
04/98 34728 -21942 -12786
04/98 30956 -14666 -16290
04/98 28497 -12160 -16337
04/98 68205 -48520 -19685
05/98 50753 -31406 -19347
05/98 47699 -29954 -17745
05/98 48604 -30411 -18193
05/98 50489 -37380 -13109
06/98 28348 -22087 -6261
06/98 34179 -24348 -9831
06/98 18396 -15183 -3213
06/98 23885 -19988 -3897
06/98 12356 -11409 -947
07/98 3830 -2505 -1325
07/98 6618 -912 -5706
07/98 1933 1833 -3766
07/98 6251 -4002 -2249
08/98 23271 -19831 -3440
08/98 -2731 -1334 4065
08/98 -2735 -1375 4110
08/98 -23010 12663 10347
09/98 -11166 1451 9715
09/98 -7149 -1314 8463
09/98 907 -5112 4205
09/98 5685 -9724 4039
09/98 10497 -16238 5741
10/98 14912 -15824 912
10/98 16719 -18822 2103
10/98 20437 -18620 -1817
10/98 17432 -16118 -1314
11/98 13086 -10272 -2814
11/98 18791 -16541 -2250
11/98 24911 -19861 -5050
11/98 22151 -21010 -1141
12/98 30221 -27455 -2766
12/98 11535 -12004 469
12/98 8589 -8184 -405
12/98 13382 -9441 -3941
12/98 42875 -33341 -9534
01/99 38379 -29122 -9257
01/99 33557 -25394 -8163
01/99 34553 -25473 -9080
01/99 33831 -23662 -10169
02/99 22818 -13451 -9367
02/99 26449 -15454 -10995
02/99 24588 -9851 -14737
02/99 39621 -23805 -15816
03/99 47847 -28942 -18905
03/99 43785 -30120 -13665
03/99 44207 -30066 -14141
03/99 46674 -31588 -15086
03/99 37267 -26168 -11099
04/99 8633 762 -9395
04/99 5022 4997 -10019
04/99 2784 4038 -6822
04/99 9695 -1070 -8625
05/99 41067 -24319 -16748
05/99 45383 -31008 -14375
05/99 53107 -33077 -20030
05/99 59114 -44779 -14335
06/99 67879 -39618 -28261
06/99 62987 -45430 -17557
06/99 69432 -55204 -14228
06/99 69319 -48706 -20613
06/99 74746 -55372 -19374
07/99 45938 -31832 -14106
07/99 40486 -25544 -14942
07/99 35962 -22497 -13465
07/99 31397 -20806 -10591
08/99 59794 -44195 -15599
08/99 61928 -43467 -18461
08/99 71338 -54061 -17277
08/99 59031 -42239 -16792
08/99 34954 -22414 -12540
09/99 42394 -27596 -14798
09/99 36257 -24751 -11506
09/99 33519 -24079 -9440
09/99 14295 -9815 -4480
10/99 29166 -21425 -7741
10/99 67450 -54530 -12920
10/99 73581 -54780 -18801
10/99 72784 -53624 -19160
11/99 69800 -51667 -18133
11/99 14598 -8182 -6416
11/99 17326 -10815 -6511
11/99 24395 -14968 -9427
11/99 75143 -61670 -13473
12/99 58484 -43237 -15247
12/99 31655 -16647 -15008
12/99 41480 -23131 -18349
12/99 43654 -22779 -20875
01/00 48130 -27606 -20524
01/00 49292 -28551 -20741
01/00 64380 -45219 -19161
01/00 68432 -46777 -21655
02/00 65808 -45017 -20791
02/00 68751 -52049 -16702
02/00 68259 -46899 -21360
02/00 49273 -29044 -20229
02/00 33343 -16543 -16800
03/00 22640 -9321 -13319
03/00 17120 -7156 -9964
03/00 -8201 7369 832
03/00 -31984 39708 -7724
04/00 -36314 34793 1521
04/00 -37534 37299 235
04/00 -60617 53911 6706
04/00 -60938 56805 4133
05/00 -36926 37469 -543
05/00 1394 6946 -8340
05/00 22297 1758 -24055
05/00 12651 7380 -20031
05/00 6298 14813 -21111
06/00 3969 7217 -11186
06/00 -607 8742 -8135
06/00 -10196 7219 2977
06/00 -8026 4440 3586
07/00 -12579 12492 87
07/00 -10018 12919 -2901
07/00 -19198 21374 -2176
07/00 -15993 19184 -3191
08/00 -15474 20146 -4672
08/00 -34942 37197 -2255
08/00 -26177 17161 9016
08/00 -25785 22470 3315
08/00 -29661 23705 5956
09/00 -32118 20181 11937
09/00 -30266 20291 9975
09/00 -43219 32873 10346
09/00 -43879 31635 12244
10/00 -33064 20710 12354
10/00 -28388 23050 5338
10/00 -22471 6687 15784
10/00 -28783 9049 19734
10/00 -39264 26889 12375
11/00 -40762 28850 11912
11/00 -37156 33997 3159
11/00 -44786 33788 10998
11/00 -45446 41630 3816
12/00 -60784 48291 12493
12/00 -58908 55063 3845
12/00 -76630 75812 818
12/00 -86516 79246 7270
01/01 -85616 68928 16688
01/01 -71671 67601 4070
01/01 -73805 65933 7872
01/01 -81248 74163 7085
01/01 -66249 58434 7815
02/01 -53988 50415 3573
02/01 -51906 50716 1190
02/01 -41733 43315 -1582
02/01 -51845 44833 7012
03/01 -48267 45047 3220
03/01 -48287 40556 7731
03/01 -40995 26099 14896
03/01 -34977 23912 11065
04/01 -14565 11404 3161
04/01 -8012 11486 -3474
04/01 -2451 12508 -10057
04/01 9003 -378 -8625
05/01 10985 -6123 -4862
05/01 -177 -5179 5356
05/01 20813 -6717 -14096
05/01 30656 -6870 -23786
05/01 23868 9990 -33858
06/01 19623 2454 -22077
06/01 14612 4531 -19143
06/01 -10222 10869 -647
06/01 -13853 14895 -1042
07/01 1598 12409 -14007
07/01 3808 15923 -19731
07/01 -1005 17882 -16877
07/01 -6566 15723 -9157
07/01 -26087 21660 4427
08/01 -19344 17075 2269
08/01 -20810 19153 1657
08/01 -29508 25001 4507
08/01 -33688 31967 1721
09/01 -23655 33357 -9702
09/01 -21033 20822 211
09/01 -29038 27506 1532
09/01 -32546 25338 7208
10/01 -36529 30583 5946
10/01 -41113 37003 4110
10/01 -37911 34307 3604
10/01 -34281 37150 -2869
10/01 -51958 43371 8587
11/01 -67662 63542 4120
11/01 -64058 75200 -11142
11/01 -36112 53103 -16991
11/01 -24204 25856 -1652
12/01 11947 12511 -24458
12/01 3582 17144 -20726
12/01 21354 4807 -26161
12/01 28783 -2716 -26067
12/01 30825 5453 -36278
01/02 24284 8597 -32881
01/02 17326 12237 -29563
01/02 22056 9577 -31633
01/02 23216 12134 -35350
02/02 16308 18713 -35021
02/02 21703 20595 -42298
02/02 10131 24965 -35096
02/02 23436 10113 -33549
03/02 18352 21856 -40208
03/02 60511 -6683 -53828
03/02 58618 -3750 -54868
03/02 48190 9388 -57578
04/02 50190 5791 -55981
04/02 43041 8303 -51344
04/02 -1880 10668 -8788
04/02 18693 14722 -33415
04/02 13280 18771 -32051
05/02 29928 9478 -39406
05/02 29005 8088 -37093
05/02 24859 12328 -37187
05/02 -1503 30872 -29369
06/02 -6607 43079 -36472
06/02 -37482 54562 -17080
06/02 -35458 55079 -19621
06/02 -30096 55717 -25621
07/02 -22121 47382 -25261
07/02 -31480 52066 -20586
07/02 -16601 41341 -24740
07/02 -3079 31011 -27932
07/02 -19754 47225 -27471
08/02 -51865 78839 -26974
08/02 -57529 89847 -32318
08/02 -42374 85778 -43404
08/02 -31914 70702 -38788
09/02 -44825 75261 -30436
09/02 -37509 64883 -27374
09/02 -29529 69289 -39760
09/02 -33088 65859 -32771
10/02 -28602 54767 -26165
10/02 -18033 55275 -37242
10/02 594 48103 -48697
10/02 -5939 50955 -45016
10/02 3986 38787 -42773
11/02 12040 24173 -36213
11/02 9601 30547 -40148
11/02 -21845 59438 -37593
11/02 -36847 80752 -43905
12/02 -23847 71712 -47865
12/02 -18260 62929 -44669
12/02 -27746 70620 -42874
12/02 -27996 61813 -33817
12/02 -32867 54265 -21398
01/03 -41134 64870 -23736
01/03 -35787 67524 -31737
01/03 -33747 72852 -39105
01/03 -26831 66022 -39191
02/03 -21211 45070 -23859
02/03 -22348 53878 -31530
02/03 -34729 69088 -34359
02/03 -89287 118137 -28850
03/03 -97114 125663 -28549
03/03 -79968 113713 -33745
03/03 -70055 107793 -37738
03/03 -36646 77574 -40928
04/03 -29798 69378 -39580
04/03 -40984 85613 -44629
04/03 -33928 79820 -45892
04/03 -42707 88623 -45916
04/03 -39921 78178 -38257
05/03 -31421 72811 -41390
05/03 -21602 48711 -27109
05/03 -6062 51512 -45450
05/03 -2436 49251 -46815
06/03 -5734 37047 -31313
06/03 -12721 49477 -36756
06/03 -1426 43114 -41688
06/03 6427 28396 -34823
07/03 14680 27676 -42356
07/03 21437 27524 -48961
07/03 35224 23389 -58613
07/03 28398 40429 -68827
07/03 20508 32800 -53308
08/03 69067 12978 -82045
08/03 102208 -29797 -72411
08/03 91316 -19741 -71575
08/03 87869 -880 -86989
09/03 68323 15503 -83826
09/03 -1523 47434 -45911
09/03 -33486 101237 -67751
09/03 -27804 83825 -56021
09/03 -73261 111872 -38611
10/03 -62219 118348 -56129
10/03 -62212 115054 -52842
10/03 -41571 105948 -64377
10/03 -69223 121576 -52353
11/03 -62046 134554 -72508
11/03 -51562 134934 -83372
11/03 -52306 110216 -57910
11/03 -77613 129284 -51671
12/03 -31590 95137 -63547
12/03 -12409 73069 -60660
12/03 -31667 94141 -62474
12/03 -34386 104532 -70146
12/03 -59408 126681 -67273
01/04 -96586 157217 -60631
01/04 -99493 149498 -50005
01/04 -106232 162582 -56350
01/04 -133593 187606 -54013
02/04 -123236 176465 -53229
02/04 -155529 211342 -55813
02/04 -172435 230387 -57952
02/04 -200139 250599 -50460
03/04 -103439 174188 -70749
03/04 -78889 133766 -54877
03/04 -72048 124222 -52174
03/04 -77792 133504 -55712
03/04 -51193 115532 -64339
04/04 -54572 129016 -74444
04/04 -36235 118310 -82075
04/04 9227 80005 -89232
04/04 -9675 100899 -91224
05/04 -27468 130465 -102997
05/04 24019 70187 -94206
05/04 28454 59894 -88348
05/04 64511 38235 -102746
06/04 10397 90106 -100503
06/04 -2925 118189 -115264
06/04 -32216 136715 -104499
06/04 -38219 141256 -103037
06/04 -3565 105359 -101794
07/04 -13044 92904 -79860
07/04 -15970 83888 -67918
07/04 -32446 105265 -72819
07/04 -46651 140804 -94153
08/04 -103544 192615 -89071
08/04 -164568 220916 -56348
08/04 -208208 256881 -48673
08/04 -199049 250484 -51435
08/04 -206345 238610 -32265
09/04 -154368 225741 -71373
09/04 -177002 225973 -48971
09/04 -160509 217768 -57259
09/04 -170964 231886 -60922
10/04 -108229 174958 -66729
10/04 -129954 180353 -50399
10/04 -124103 180494 -56391
10/04 -147641 186723 -39082
11/04 -132014 181221 -49207
11/04 -141746 221876 -80130
11/04 -150414 227227 -76813
11/04 -141050 218257 -77207
11/04 -69366 167961 -98595
12/04 -26460 107403 -80943
12/04 -74664 143634 -68970
12/04 -29323 114984 -85661
12/04 -26827 116710 -89883
01/05 4518 71168 -75686
01/05 14888 79474 -94362
01/05 -12117 106127 -94010
01/05 52575 107913 -160488
02/05 98126 64391 -162517
02/05 138508 45704 -184212
02/05 48272 96330 -144602
02/05 185420 14700 -200120
03/05 285362 -56525 -228837
03/05 318911 -96918 -221993
03/05 353881 -151892 -201989
03/05 327881 -114773 -213108
03/05 333550 -117839 -215711
04/05 350074 -176526 -173548
04/05 354737 -173978 -180759
04/05 306054 -176330 -129724
04/05 280277 -145958 -134319
05/05 261155 -134882 -126273
05/05 275705 -150098 -125607
05/05 220529 -134000 -86529
05/05 167733 -93799 -73934
05/05 155393 -72481 -82912
06/05 116699 -67107 -49592
06/05 89913 2802 -92715
06/05 103626 -17363 -86263
06/05 92773 7390 -100163
07/05 117857 6830 -124687
07/05 181167 -76201 -104966
07/05 226591 -92519 -134072
07/05 313640 -156984 -156656
08/05 365422 -192466 -172956
08/05 426528 -253398 -173130
08/05 371678 -201954 -169724
08/05 339230 -192469 -146761
08/05 347105 -222131 -124974
09/05 239732 -174900 -64832
09/05 165902 -129918 -35984
09/05 152544 -96859 -55685
09/05 163122 -76791 -86331
10/05 238295 -107294 -131001
10/05 312190 -163095 -149095
10/05 323488 -169628 -153860
10/05 374702 -202025 -172677
11/05 379262 -209853 -169409
11/05 342661 -186830 -155831
11/05 346779 -195752 -151027
11/05 203208 -138888 -64320
11/05 156902 -32346 -124556
12/05 132788 2957 -135745
12/05 134755 -25558 -109197
12/05 126628 -10069 -116559
12/05 81237 2731 -83968
01/06 92058 -21949 -70109
01/06 87558 -15783 -71775
01/06 81831 -17792 -64039
01/06 81154 -33634 -47520
01/06 170311 -50011 -120300
02/06 198095 -44771 -153324
02/06 192390 -25323 -167067
02/06 173123 -13646 -159477
02/06 135269 915 -136184
03/06 198337 -53186 -145151
03/06 139876 -33102 -106774
03/06 121937 -12726 -109211
03/06 136407 -9535 -126872
04/06 156947 -24510 -132437
04/06 129477 -4240 -125237
04/06 97547 5696 -103243
04/06 127003 8012 -135015
05/06 121908 7238 -129146
05/06 137499 -30612 -106887
05/06 89212 -1488 -87724
05/06 93147 539 -93686
05/06 127826 -28857 -98969
06/06 89236 -13552 -75684
06/06 62058 -2932 -59126
06/06 101350 4548 -105898
06/06 91452 26302 -117754
07/06 80369 33413 -113782
07/06 76186 34307 -110493
07/06 104526 -2486 -102040
07/06 43952 20762 -64714
08/06 16405 17694 -34099
08/06 78688 -53150 -25538
08/06 82996 -81542 -1454
08/06 13198 -7268 -5930
08/06 -2228 21478 -19250
09/06 11805 5016 -16821
09/06 -21517 39394 -17877
09/06 6166 1459 -7625
09/06 -60781 42611 18170
10/06 -66899 38944 27955
10/06 -30175 41233 -11058
10/06 -8853 8589 264
10/06 42715 -10752 -31963
10/06 24648 5397 -30045
11/06 50915 -44914 -6001
11/06 16074 -21326 5252
11/06 52082 -41364 -10718
11/06 22449 -42595 20146
12/06 -40781 5031 35750
12/06 55776 -79767 23991
12/06 75809 -67716 -8093
12/06 73502 -61995 -11507
01/07 76842 -56957 -19885
01/07 78688 -24701 -53987
01/07 94266 -13648 -80618
01/07 105699 -40227 -65472
01/07 73697 21852 -95549
02/07 113927 -42588 -71339
02/07 161461 -76161 -85300
02/07 115311 -66125 -49186
02/07 69829 -31928 -37901
03/07 7173 -31072 23899
03/07 92546 -112423 19877
03/07 148755 -165232 16477
03/07 166056 -191441 25385
04/07 157918 -161006 3088
04/07 185433 -151534 -33899
04/07 153141 -140443 -12698
04/07 132744 -150553 17809
05/07 101266 -104961 3695
05/07 67842 -70277 2435
05/07 116434 -107928 -8506
05/07 149458 -115907 -33551
05/07 181188 -135768 -45420
06/07 212559 -139814 -72745
06/07 207413 -147364 -60049
06/07 221914 -156759 -65155
06/07 177615 -112089 -65526
07/07 107000 -45941 -61059
07/07 64549 -25666 -38883
07/07 49894 -21770 -28124
07/07 25202 -8065 -17137
07/07 11190 29838 -41028
08/07 56832 -38774 -18058
08/07 20444 -35362 14918
08/07 -3975 -25349 29324
08/07 -8586 -4331 12917
09/07 -9418 8539 879
09/07 -56701 11512 45189
09/07 -122715 77346 45369
09/07 -143505 114700 28805
10/07 -234674 191423 43251
10/07 -195597 169430 26167
10/07 -209396 201279 8117
10/07 -162855 136469 26386
10/07 -98217 76034 22183
11/07 3565 -9422 5857
11/07 66158 -54855 -11303
11/07 -33263 48650 -15387
11/07 -68425 71080 -2655
12/07 29974 -32444 2470
12/07 57489 -84616 27127
12/07 101362 -124067 22705
12/07 75326 -75362 36
12/07 93421 -101612 8191
01/08 100819 -122412 21593
01/08 159030 -201235 42205
01/08 242680 -243093 413
01/08 138773 -157861 19088
02/08 65173 -95930 30757
02/08 57356 -77362 20006
02/08 -10196 18827 -8631
02/08 -133312 127148 6164
03/08 -21950 31585 -9635
03/08 -156992 134794 22198
03/08 -316775 309377 7398
03/08 -308422 321096 -12674
04/08 -271696 291254 -19558
04/08 -319126 334487 -15361
04/08 -280313 295382 -15069
04/08 -356720 375154 -18434
04/08 -411594 393562 18032
05/08 -349402 402448 -53046
05/08 -322052 371897 -49845
05/08 -347587 385194 -37607
05/08 -292924 360602 -67678
06/08 -242955 312679 -69724
06/08 -216961 284109 -67148
06/08 -233537 305594 -72057
06/08 -249840 310003 -60163
07/08 -251269 278976 -27707
07/08 -217868 258515 -40647
07/08 -177656 181909 -4253
07/08 -103251 127859 -24608
07/08 -137728 137219 509
08/08 -188311 193768 -5457
08/08 -258599 232762 25837
08/08 -259967 230020 29947
08/08 -283751 266625 17126
09/08 -256857 250310 6547
09/08 -227424 201316 26108
09/08 -231381 231926 -545
09/08 -268773 288908 -20135
09/08 -261424 297885 -36461
10/08 -257393 265455 -8062
10/08 -267176 289705 -22529
10/08 -263737 281486 -17749
10/08 -252393 272641 -20248
11/08 -196428 233126 -36698
11/08 -206835 239270 -32435
11/08 -146827 170515 -23688
11/08 -127937 120459 7478
12/08 -68879 95526 -26647
12/08 -65608 77928 -12320
12/08 -12323 16220 -3897
12/08 -5387 15489 -10102
12/08 -25981 17076 8905
01/09 28665 -28743 78
01/09 53832 -50121 -3711
01/09 55427 -62412 6985
01/09 56084 -55538 -546
02/09 67601 -18493 -49108
02/09 31183 -20661 -10522
02/09 24788 -13061 -11727
02/09 28213 404 -28617
03/09 -24786 23560 1226
03/09 -47734 40346 7388
03/09 -21182 20828 354
03/09 -38445 16046 22399
03/09 -11079 -7206 18285
04/09 -7861 5713 2148
04/09 -25520 4149 21371
04/09 11359 10583 -21942
04/09 8550 189 -8739
05/09 -13661 33777 -20116
05/09 -4959 23683 -18724
05/09 28476 10181 -38657
05/09 81139 85 -81224
06/09 71495 -952 -70543
06/09 46734 8568 -55302
06/09 51632 -13654 -37978
06/09 66439 -37776 -28663
06/09 44943 -38849 -6094
07/09 32191 -31930 -261
07/09 -26428 13930 12498
07/09 -38699 31956 6743
07/09 -22720 40395 -17675
08/09 38781 -11409 -27372
08/09 8866 17121 -25987
08/09 -22400 34902 -12502
08/09 -29110 26600 2510
09/09 -7078 -2144 9222
09/09 -39371 1504 37867
09/09 -21206 -12369 33575
09/09 -17623 7676 9947
09/09 -27385 21589 5796
10/09 -50866 31007 19859
10/09 -43435 37468 5967
10/09 -24776 40802 -16026
10/09 7912 23770 -31682
11/09 -15477 28831 -13354
11/09 -43115 54888 -11773
11/09 -75795 89280 -13485
11/09 -46300 58752 -12452
12/09 -12435 24147 -11712
12/09 -34553 38126 -3573
12/09 -30966 37461 -6495
12/09 -30760 59402 -28642
12/09 22058 30240 -52298
01/10 53414 4294 -57708
01/10 55279 -10943 -44336
01/10 50449 -18317 -32132
01/10 35924 -13503 -22421
02/10 25895 -8304 -17591
02/10 14387 2041 -16428
02/10 21008 -15140 -5868
02/10 12461 9609 -22070
03/10 -8934 38378 -29444
03/10 -25208 29972 -4764
03/10 14270 28423 -42693
03/10 34177 8490 -42667
03/10 118770 -62189 -56581
04/10 105238 -28908 -76330
04/10 82372 -20771 -61601
04/10 26368 -295 -26073
04/10 2418 31193 -33611
05/10 -48748 65975 -17227
05/10 -36321 61268 -24947
05/10 42716 6537 -49253
05/10 2864 54025 -56889
06/10 -16781 50472 -33691
06/10 -21420 50675 -29255
06/10 10534 33500 -44034
06/10 -41540 63445 -21905
06/10 -29372 41351 -11979
07/10 -70333 79218 -8885
07/10 -57595 82096 -24501
07/10 -39955 67781 -27826
07/10 -67081 106222 -39141
08/10 -112703 164345 -51642
08/10 -58552 107288 -48736
08/10 -20713 59944 -39231
08/10 -2226 34275 -32049
08/10 -22198 42281 -20083
09/10 -78505 100956 -22451
09/10 -70731 92749 -22018
09/10 -127390 132996 -5606
09/10 -113300 126026 -12726
10/10 -99372 118850 -19478
10/10 -76564 103283 -26719
10/10 -154400 162785 -8385
10/10 -79829 120809 -40980
11/10 -104367 152482 -48115
11/10 -101068 152782 -51714
11/10 -54624 102885 -48261
11/10 -18831 93818 -74987
11/10 -6088 52275 -46187
12/10 6866 43938 -50804
12/10 -25685 68145 -42460
12/10 -5152 64600 -59448
12/10 -35251 90024 -54773
01/11 -65081 139092 -74011
01/11 -89555 160620 -71065
01/11 -108580 175237 -66657
01/11 -108385 171986 -63601
02/11 -147434 201163 -53729
02/11 -66492 205304 -138812
02/11 -49660 181727 -132067
02/11 -79609 195376 -115767
03/11 -46457 155044 -108587
03/11 -57579 139914 -82335
03/11 -76689 137765 -61076
03/11 -108616 168590 -59974
03/11 -66646 134762 -68116
04/11 -2586 119396 -116810
04/11 -57340 157837 -100497
04/11 -87004 174148 -87144
04/11 -161778 243815 -82037
05/11 -171531 234506 -62975
05/11 -176826 261317 -84491
05/11 -197507 265550 -68043
05/11 -210142 285530 -75388
05/11 -280218 332848 -52630
06/11 -243783 293630 -49847
06/11 -289310 323906 -34596
06/11 -276204 337062 -60858
06/11 -217176 271262 -54086
07/11 -132206 203813 -71607
07/11 -96779 157347 -60568
07/11 -127681 166429 -38748
07/11 -111645 170455 -58810
08/11 -132608 179709 -47101
08/11 -111315 163366 -52051
08/11 -136089 174741 -38652
08/11 -235471 263761 -28290
08/11 -236336 279876 -43540
09/11 -244866 279493 -34627
09/11 -224309 266944 -42635
09/11 -252120 294342 -42222
09/11 -235283 297956 -62673
10/11 -213709 255243 -41534
10/11 -178725 230007 -51282
10/11 -202786 236404 -33618
10/11 -255485 291887 -36402
11/11 -218150 252031 -33881
11/11 -259818 289950 -30132
11/11 -272268 296583 -24315
11/11 -258769 272311 -13542
11/11 -251628 278253 -26625
12/11 -223713 232752 -9039
12/11 -257248 235300 21948
12/11 -235509 240175 -4666
12/11 -202301 223674 -21373
01/12 -253626 251873 1753
01/12 -310809 303692 7117
01/12 -328024 304591 23433
01/12 -253804 256702 -2898
01/12 -322171 302885 19286
02/12 -276995 272793 4202
02/12 -235330 231009 4321
02/12 -194015 220105 -26090
02/12 -204167 204757 -590
03/12 -193967 215683 -21716
03/12 -87268 142584 -55316
03/12 12045 79502 -91547
03/12 -4827 94834 -90007
04/12 -53005 127380 -74375
04/12 -98707 145058 -46351
04/12 -144652 160183 -15531
04/12 -222660 218381 4279
05/12 -187203 200014 -12811
05/12 -180046 207045 -26999
05/12 -257467 279226 -21759
05/12 -285266 296676 -11410
05/12 -276011 272358 3653
06/12 -223920 218696 5224
06/12 -25443 46855 -21412
06/12 -31073 46221 -15148
06/12 -8843 47061 -38218
07/12 -70688 75853 -5165
07/12 -80664 86100 -5436
07/12 -139952 147762 -7810
07/12 -144160 128464 15696
07/12 -152789 154541 -1752
08/12 -120370 126370 -6000
08/12 -96351 109630 -13279
08/12 -78454 99852 -21398
08/12 -127999 125578 2421
09/12 -142988 140986 2002
09/12 -187337 184672 2665
09/12 -180850 163935 16915
09/12 -123188 102868 20320
10/12 -152934 134229 18705
10/12 -150236 140714 9522
10/12 -100181 103716 -3535
10/12 -46443 83226 -36783
10/12 -33336 56142 -22806
11/12 -25999 72858 -46859
11/12 -101773 118837 -17064
11/12 -128123 128037 86
11/12 -143997 137317 6680
12/12 -138451 116031 22420
12/12 -121944 111275 10669
12/12 -52035 66007 -13972
12/12 42037 9329 -51366
12/12 34293 1546 -35839
01/13 47471 -4172 -43299
01/13 46755 -11789 -34966
01/13 -14359 42538 -28179
01/13 32766 55392 -88158
02/13 29800 42363 -72163
02/13 -3587 59599 -56012
02/13 18300 63433 -81733
02/13 -62441 53826 8615
03/13 -157148 145174 11974
03/13 -41234 73214 -31980
03/13 -57008 78696 -21688
03/13 -106586 127251 -20665
04/13 -170727 157564 13163
04/13 -160912 150526 10386
04/13 -157430 156947 483
04/13 -195671 189340 6331
04/13 -206468 183513 22955
05/13 -175451 155181 20270
05/13 -94119 118458 -24339
05/13 -79106 105383 -26277
05/13 -11284 57703 -46419
06/13 -49385 140929 -91544
06/13 15703 94173 -109876
06/13 52416 60339 -112755
06/13 -6575 134153 -127578
07/13 14897 125475 -140372
07/13 40815 89071 -129886
07/13 48854 81643 -130497
07/13 55790 59346 -115136
07/13 65956 44822 -110778
08/13 98529 15172 -113701
08/13 108570 42408 -150978
08/13 139888 9080 -148968
08/13 166144 -16638 -149506
09/13 209769 -44917 -164852
09/13 299226 -128756 -170470
09/13 295619 -139477 -156142
09/13 241047 -124065 -116982
10/13 235703 -124343 -111360
10/13 226726 -148446 -78280
10/13 221139 -127928 -93211
10/13 185376 -112814 -72562
10/13 169899 -95088 -74811
11/13 165301 -93191 -72110
11/13 207076 -108973 -98103
11/13 126089 -55118 -70971
11/13 16512 18207 -34719
12/13 44385 29353 -73738
12/13 78630 26627 -105257
12/13 97353 35194 -132547
12/13 108119 37437 -145556
12/13 208954 -21054 -187900
01/14 233717 -54560 -179157
01/14 272509 -83529 -188980
01/14 268897 -86368 -182529
01/14 259574 -110822 -148752
02/14 262919 -101190 -161729
02/14 258006 -137867 -120139
02/14 217239 -93550 -123689
02/14 243804 -108018 -135786
03/14 219017 -109378 -109639
03/14 272478 -113985 -158493
03/14 191692 -89720 -101972
03/14 387633 -172119 -215514
04/14 342662 -138167 -204495
04/14 315138 -128985 -186153
04/14 295442 -141802 -153640
04/14 316331 -144886 -171445
04/14 287944 -125032 -162912
05/14 292773 -133282 -159491
05/14 249166 -83519 -165647
05/14 180275 -62465 -117810
05/14 169320 -45647 -123673
06/14 70536 43675 -114211
06/14 85989 28075 -114064
06/14 139817 -1129 -138688
06/14 139760 15693 -155453
07/14 146488 -8795 -137693
07/14 145138 -17463 -127675
07/14 118623 4715 -123338
07/14 80007 51735 -131742
07/14 79811 34080 -113891
08/14 108902 -8987 -99915
08/14 111661 23169 -134830
08/14 78306 49254 -127560
08/14 44098 70173 -114271
09/14 45660 85202 -130862
09/14 44931 86122 -131053
09/14 104897 44496 -149393
09/14 162080 -18221 -143859
09/14 183253 -30437 -152816
10/14 165036 -15388 -149648
10/14 137975 -10249 -127726
10/14 44458 31936 -76394
10/14 46285 53577 -99862
11/14 82418 40914 -123332
11/14 111613 30631 -142244
11/14 114330 7401 -121731
11/14 168552 14597 -183149
12/14 116061 -17620 -98441
12/14 180845 -41582 -139263
12/14 143411 -42781 -100630
12/14 76764 17066 -93830
12/14 125960 12060 -138020
01/15 87352 16907 -104259
01/15 64676 41016 -105692
01/15 38072 23893 -61965
01/15 81532 -14529 -67003
02/15 117387 -42766 -74621
02/15 104003 -7770 -96233
02/15 153054 -17692 -135362
02/15 157953 -5501 -152452
03/15 154211 -3989 -150222
03/15 112473 32240 -144713
03/15 132057 18070 -150127
03/15 139611 -25842 -113769
03/15 121715 -29298 -92417
04/15 160992 -101550 -59442
04/15 139634 -68647 -70987
04/15 108186 -21494 -86692
04/15 67099 -10896 -56203
05/15 181266 -81465 -99801
05/15 209381 -91725 -117656
05/15 207550 -93372 -114178
05/15 149131 -42274 -106857
06/15 174657 -48803 -125854
06/15 224560 -83400 -141160
06/15 179882 -40548 -139334
06/15 174865 -51141 -123724
06/15 191639 -79176 -112463
07/15 167418 -84408 -83010
07/15 159380 -90553 -68827
07/15 230785 -127452 -103333
07/15 248813 -161967 -86846
08/15 232296 -127771 -104525
08/15 167077 -81695 -85382
08/15 206131 -102461 -103670
08/15 226452 -132289 -94163
09/15 280360 -205067 -75293
09/15 191202 -136536 -54666
09/15 248974 -165508 -83466
09/15 178455 -121231 -57224
09/15 124800 -92556 -32244
10/15 68115 -45364 -22751
10/15 56156 -36403 -19753
10/15 99221 -63990 -35231
10/15 65123 -40082 -25041
11/15 129613 -60914 -68699
11/15 172126 -95887 -76239
11/15 248560 -138933 -109627
11/15 345504 -238553 -106951
12/15 342340 -265644 -76696
12/15 410485 -293393 -117092
12/15 325635 -207852 -117783
12/15 297316 -195659 -101657
12/15 273714 -179439 -94275
01/16 348087 -258511 -89576
01/16 333258 -253368 -79890
01/16 309617 -251862 -57755
01/16 302130 -246896 -55234
02/16 360295 -302924 -57371
02/16 261321 -216433 -44888
02/16 240852 -211344 -29508
02/16 185838 -117763 -68075
03/16 202507 -127551 -74956
03/16 245675 -166020 -79655
03/16 253341 -175940 -77401
03/16 279449 -214613 -64836
03/16 233864 -163185 -70679
04/16 302151 -241238 -60913
04/16 262166 -208109 -54057
04/16 179914 -130525 -49389
04/16 165980 -117845 -48135
05/16 229128 -188859 -40269
05/16 281617 -246113 -35504
05/16 208080 -172150 -35930
05/16 247760 -140163 -107597
05/16 293106 -195986 -97120
06/16 312965 -225872 -87093
06/16 180838 -135633 -45205
06/16 78001 -35487 -42514
06/16 123313 -94120 -29193
07/16 258257 -197738 -60519
07/16 177419 -124277 -53142
07/16 198568 -149013 -49555
07/16 251630 -201318 -50312
08/16 251138 -190467 -60671
08/16 268012 -187771 -80241
08/16 269754 -198804 -70950
08/16 232246 -164590 -67656
08/16 256801 -150919 -105882
09/16 287673 -196286 -91387
09/16 348055 -245293 -102762
09/16 283844 -188074 -95770
09/16 225900 -148286 -77614
10/16 293820 -214144 -79676
10/16 382296 -270990 -111306
10/16 308643 -202662 -105981
10/16 263248 -149244 -114004
11/16 292091 -203278 -88813
11/16 261050 -145627 -115423
11/16 387783 -268063 -119720
11/16 384024 -261288 -122736
11/16 429562 -303500 -126062
12/16 423109 -289726 -133383
12/16 418456 -290158 -128298
12/16 465241 -323465 -141776
12/16 479021 -336994 -142027
01/17 564409 -410862 -153547
01/17 586421 -437496 -148925
01/17 494018 -373713 -120305
01/17 444203 -307329 -136874
01/17 385289 -269513 -115776
02/17 367525 -234941 -132584
02/17 488130 -356135 -131995
02/17 417648 -304949 -112699
02/17 398890 -287366 -111524
03/17 571144 -411576 -159568
03/17 522249 -357071 -165178
03/17 417580 -315794 -101786
03/17 350761 -258571 -92190
04/17 384228 -293368 -90860
04/17 277464 -207781 -69683
04/17 167423 -92116 -75307
04/17 123315 -63825 -59490
05/17 162475 -101341 -61134
05/17 226137 -146428 -79709
05/17 263166 -170167 -92999
05/17 185878 -123693 -62185
05/17 162852 -86471 -76381
06/17 157077 -95304 -61773
06/17 110717 -52802 -57915
06/17 220374 -136761 -83613
06/17 272874 -171726 -101148
07/17 323450 -219293 -104157
07/17 404756 -275594 -129162
07/17 381242 -282325 -98917
07/17 394070 -294388 -99682
08/17 314081 -241701 -72380
08/17 306808 -211123 -95685
08/17 234611 -157519 -77092
08/17 214319 -140963 -73356
08/17 109705 -48490 -61215
09/17 126462 -76540 -49922
09/17 170831 -120160 -50671
09/17 291072 -210863 -80209
09/17 332534 -228274 -104260
10/17 390061 -283799 -106262
10/17 428928 -301585 -127343
10/17 598923 -445579 -153344
10/17 522335 -385959 -136376
10/17 650346 -469845 -180501
11/17 499693 -330205 -169488
11/17 396682 -235744 -160938
11/17 484509 -311268 -173241
11/17 426470 -261753 -164717
12/17 551341 -371488 -179853
12/17 518604 -324997 -193607
12/17 574966 -377947 -197019
12/17 604233 -424315 -179918
01/18 614812 -439222 -175590
01/18 633996 -443765 -190231
01/18 692935 -486260 -206675
01/18 629754 -435007 -194747
01/18 576488 -393447 -183041
02/18 595855 -453605 -142250
02/18 490451 -352507 -137944
02/18 577105 -427583 -149522
02/18 598813 -451877 -146936
03/18 675922 -489630 -186292
03/18 637212 -454466 -182746
03/18 644574 -464725 -179849
03/18 607016 -434605 -172411
04/18 778459 -579306 -199153
04/18 703593 -520483 -183110
04/18 758987 -573499 -185488
04/18 781215 -591849 -189366
05/18 785923 -601526 -184397
05/18 805185 -656908 -148277
05/18 802878 -643081 -159797
05/18 796596 -629829 -166767
05/18 648715 -472857 -175858
06/18 709439 -570005 -139434
06/18 699895 -542181 -157714
06/18 662449 -514106 -148343
06/18 694239 -546226 -148013
07/18 698612 -548119 -150493
07/18 747429 -601191 -146238
07/18 838304 -698955 -139349
07/18 865856 -715965 -149891
07/18 999294 -841043 -158251
08/18 1003991 -867556 -136435
08/18 903213 -802550 -100663
08/18 869704 -755338 -114366
08/18 788849 -768466 -20383
09/18 936222 -855686 -80536
09/18 948771 -852568 -96203
09/18 933842 -809654 -124188
09/18 955527 -826567 -128960
10/18 969462 -825959 -143503
10/18 1018147 -859940 -158207
10/18 954210 -819841 -134369
10/18 888136 -773639 -114497
10/18 629482 -538251 -91231
11/18 641695 -556379 -85316
11/18 650833 -570542 -80291
11/18 502460 -446186 -56274
11/18 348652 -325541 -23111
12/18 395732 -347941 -47791
12/18 327080 -286093 -40987
12/18 301166 -249292 -51874
12/18 359859 -321069 -38790
12/18 379861 -331230 -48631
01/19 313583 -290354 -23229
01/19 328867 -299593 -29274
01/19 199206 -175529 -23677
01/19 191049 -182834 -8215
02/19 185643 -204560 18917
02/19 234924 -230894 -4030
02/19 167591 -178599 11008
02/19 223632 -185125 -38507
03/19 209320 -220220 10900
03/19 151682 -203008 51326
03/19 167517 -219673 52156
03/19 109701 -165750 56049
04/19 10900 -39916 29016
04/19 60746 -53575 -7171
04/19 57042 -62911 5869
04/19 51388 -46822 -4566
04/19 99820 -106876 7056
05/19 134397 -132761 -1636
05/19 120825 -137903 17078
05/19 178675 -168676 -9999
05/19 64772 -111437 46665
06/19 135900 -164084 28184
06/19 41400 -61730 20330
06/19 15923 -39873 23950
06/19 12564 -41843 29279
07/19 91122 -86931 -4191
07/19 63578 -94042 30464
07/19 43403 -100588 57185
07/19 75852 -98795 22943
07/19 61102 -115941 54839
08/19 89596 -131314 41718
08/19 53664 -103857 50193
08/19 122545 -115472 -7073
08/19 159174 -105168 -54006
09/19 128603 -132444 3841
09/19 113766 -97886 -15880
09/19 190012 -165377 -24635
09/19 79093 -72968 -6125
10/19 2871 -9539 6668
10/19 127175 -152975 25800
10/19 147803 -212365 64562
10/19 148909 -218746 69837
10/19 116101 -129310 13209
11/19 331529 -308244 -23285
11/19 305177 -296342 -8835
11/19 249310 -250861 1551
11/19 248832 -262443 13611
12/19 299555 -292462 -7093
12/19 316338 -307800 -8538
12/19 402694 -390323 -12371
12/19 344251 -325982 -18269
12/19 316587 -297890 -18697
01/20 276572 -298374 21802
01/20 285010 -299441 14431
01/20 242889 -266432 23543
01/20 131689 -160222 28533
02/20 226511 -249210 22699
02/20 191589 -212691 21102
02/20 209539 -247868 38329
02/20 264373 -223519 -40854
03/20 92694 -131790 39096
03/20 -110052 51963 58089
03/20 112514 -41140 -71374
03/20 199828 -107064 -92764
03/20 249223 -271874 22651
04/20 133873 -163742 29869
04/20 132485 -157279 24794
04/20 129816 -156501 26685
04/20 168621 -213279 44658
05/20 207484 -239463 31979
05/20 207313 -225990 18677
05/20 226132 -240623 14491
05/20 152996 -155667 2671
06/20 129836 -143673 13837
06/20 253129 -205805 -47324
06/20 128259 -155304 27045
06/20 158639 -165749 7110
06/20 116181 -131475 15294
07/20 149545 -178252 28707
07/20 50078 -94960 44882
07/20 -9419 -44823 54242
07/20 -79583 24675 54908
08/20 34828 -85086 50258
08/20 71438 -112908 41470
08/20 39585 -80952 41367
08/20 -5752 -40460 46212
09/20 129863 -161004 31141
09/20 141331 -191717 50386
09/20 181260 -250402 69142
09/20 163005 -227424 64419
09/20 231577 -267765 36188
10/20 381994 -421907 39913
10/20 354005 -399371 45366
10/20 319461 -366238 46777
10/20 318806 -357675 38869
11/20 424480 -452864 28384
11/20 401286 -414972 13686
11/20 383989 -382249 -1740
11/20 222610 -264850 42240
12/20 341644 -352159 10515
12/20 337763 -342024 4261
12/20 266569 -262144 -4425
12/20 278822 -272624 -6198
12/20 233436 -236083 2647
01/21 270318 -279845 9527
01/21 359923 -336872 -23051
01/21 268248 -238021 -30227
01/21 95159 -99122 3963
02/21 132715 -115158 -17557
02/21 13123 2228 -15351
02/21 43260 -6152 -37108
02/21 -29241 95406 -66165
03/21 60979 26487 -87466
03/21 123653 -14305 -109348
03/21 41620 71859 -113479
03/21 87030 23047 -110077
03/21 20726 95335 -116061
04/21 141544 -7617 -133927
04/21 195397 -84247 -111150
04/21 146919 -24249 -122670
04/21 82004 9534 -91538
05/21 202363 -109619 -92744
05/21 311060 -212744 -98316
05/21 241885 -145347 -96538
05/21 220705 -115715 -104990
06/21 209541 -122702 -86839
06/21 206021 -138178 -67843
06/21 182709 -111018 -71691
06/21 349248 -209526 -139722
06/21 367839 -214355 -153484
07/21 361799 -217303 -144496
07/21 346911 -178076 -168835
07/21 231174 -69034 -162140
07/21 168613 -30025 -138588
08/21 205408 -85023 -120385
08/21 179889 -45958 -133931
08/21 126967 -2082 -124885
08/21 37665 95201 -132866
08/21 161517 -28136 -133381
09/21 201205 -63512 -137693
09/21 156367 -24366 -132001
09/21 285859 -147423 -138436
09/21 461653 -299196 -162457
10/21 547985 -314824 -233161
10/21 549713 -321419 -228294
10/21 510373 -255211 -255162
10/21 579881 -341475 -238406
11/21 606647 -376353 -230294
11/21 637634 -407485 -230149
11/21 581981 -344595 -237386
11/21 580200 -284883 -295317
11/21 614453 -367832 -246621
12/21 626885 -387531 -239354
12/21 567090 -339803 -227287
12/21 595081 -346376 -248705
12/21 543542 -298687 -244855
01/22 661633 -402875 -258758
01/22 560198 -299657 -260541
01/22 479188 -217174 -262014
01/22 401407 -140457 -260950
02/22 406878 -120524 -286354
