01/04 -43636 24507 19129
01/04 -44481 25356 19125
01/04 -42580 25571 17009
01/04 -43393 25370 18023
02/04 -34754 20278 14476
02/04 -40926 21913 19013
02/04 -45318 29095 16223
02/04 -36356 21347 15009
03/04 -29609 16422 13187
03/04 -23708 10485 13223
03/04 -16231 3836 12395
03/04 -15530 2966 12564
03/04 -15902 4172 11730
04/04 -23737 10367 13370
04/04 -24455 11426 13029
04/04 -12225 3246 8979
04/04 -10762 3133 7629
05/04 -6665 2186 4479
05/04 -678 -2842 3520
05/04 -1666 -1775 3441
05/04 1338 -4280 2942
06/04 1972 -5063 3091
06/04 -141 -4069 4210
06/04 -740 -910 1650
06/04 -725 -1132 1857
06/04 -2427 1704 723
07/04 -15718 2190 13528
07/04 -14480 7669 6811
07/04 -17154 10106 7048
07/04 -8336 2649 5687
08/04 -11586 6460 5126
08/04 -13183 7113 6070
08/04 -15679 8179 7500
08/04 -15430 7279 8151
08/04 -10952 4738 6214
09/04 -1749 -663 2412
09/04 -305 813 -508
09/04 -13847 7085 6762
10/04 -28206 16900 11306
10/04 -38244 24203 14041
10/04 -37745 22509 15236
10/04 -43892 28530 15362
11/04 -43484 28990 14494
11/04 -46918 32390 14528
11/04 -49237 34603 14634
11/04 -47417 30629 16788
11/04 -46377 30974 15403
12/04 -49492 34243 15249
12/04 -39662 29561 10101
12/04 -39738 29004 10734
12/04 -43192 30257 12935
01/05 -44604 30613 13991
01/05 -38067 25977 12090
01/05 -38714 27215 11499
01/05 -42476 30903 11573
02/05 -51158 35784 15374
02/05 -43999 27599 16400
02/05 -57921 36699 21222
02/05 -68017 45970 22047
03/05 -78756 55379 23377
03/05 -75926 51953 23973
03/05 -75590 54141 21449
03/05 -75386 54991 20395
03/05 -40481 26624 13857
04/05 -30419 21086 9333
04/05 -34880 25423 9457
04/05 -26219 18323 7896
04/05 -40367 27294 13073
05/05 -39738 29365 10373
05/05 -42538 30826 11712
05/05 -19732 15235 4497
05/05 -17109 13307 3802
05/05 -9239 5924 3315
06/05 -18620 12849 5771
06/05 -24000 15259 8741
06/05 -50394 33395 16999
06/05 -37420 22974 14446
07/05 -14782 8570 6212
07/05 -10365 8556 1809
07/05 -6662 6756 -94
07/05 -23579 17343 6236
08/05 -26686 17317 9369
08/05 -38249 28018 10231
08/05 -41227 26304 14923
08/05 -19265 11870 7395
08/05 -14742 10865 3877
09/05 -25263 19333 5930
09/05 -50542 33242 17300
09/05 -56251 36201 20050
09/05 -37409 22945 14464
10/05 -43745 28870 14875
10/05 -27242 16928 10314
10/05 -15435 11062 4373
10/05 -13905 7914 5991
11/05 -6501 4036 2465
11/05 -2557 4071 -1514
11/05 2487 193 -2680
11/05 2075 749 -2824
11/05 -3900 5742 -1842
12/05 -21345 15712 5633
12/05 -30161 20282 9879
12/05 -11314 7909 3405
12/05 1558 904 -2462
01/06 -3783 7110 -3327
01/06 -26687 21734 4953
01/06 -32817 22709 10108
01/06 -29263 19376 9887
01/06 -41758 29258 12500
02/06 -24951 20781 4170
02/06 -7782 8051 -269
02/06 -5026 4001 1025
02/06 -3062 1375 1687
03/06 4444 -2896 -1548
03/06 3730 1634 -5364
03/06 18951 -11327 -7624
03/06 22098 -13332 -8766
04/06 13374 -5850 -7524
04/06 -3253 6937 -3684
04/06 -10208 11161 -953
04/06 -10996 7757 3239
05/06 -32991 21773 11218
05/06 -44991 28854 16137
05/06 -49080 30585 18495
05/06 -32817 16310 16507
05/06 -43070 26788 16282
06/06 -28587 13918 14669
06/06 -24097 11952 12145
06/06 -5530 -2412 7942
06/06 -11120 2706 8414
07/06 -13341 5061 8280
07/06 -25848 16936 8912
07/06 -40505 28215 12290
07/06 -46642 33392 13250
08/06 -54260 38113 16147
08/06 -49329 33057 16272
08/06 -57403 39092 18311
08/06 -47042 30075 16967
08/06 -50463 33241 17222
09/06 -67281 47946 19335
09/06 -35891 24534 11357
09/06 -46092 33632 12460
09/06 -40858 30089 10769
10/06 -30213 21581 8632
10/06 -43845 35250 8595
10/06 -52343 39689 12654
10/06 -70256 56424 13832
10/06 -87519 71353 16166
11/06 -104761 85615 19146
11/06 -86491 64950 21541
11/06 -88082 67461 20621
11/06 -101904 79758 22146
12/06 -101744 75311 26433
12/06 -104729 80914 23815
12/06 -113586 88900 24686
12/06 -108082 85035 23047
01/07 -110606 88823 21783
01/07 -67561 49878 17683
01/07 -86398 66756 19642
01/07 -97704 77248 20456
01/07 -79527 64205 15322
02/07 -73350 61245 12105
02/07 -77383 64868 12515
02/07 -85547 69617 15930
02/07 -102279 83075 19204
03/07 -40722 27010 13712
03/07 -60282 48107 12175
03/07 -79717 63165 16552
03/07 -96450 80597 15853
04/07 -98635 81831 16804
04/07 -90829 74355 16474
04/07 -95042 78317 16725
04/07 -94074 76477 17597
05/07 -79934 63845 16089
05/07 -86083 73626 12457
05/07 -89459 75138 14321
05/07 -61418 47300 14118
05/07 -51426 39338 12088
06/07 -95355 77256 18099
06/07 -95779 73374 22405
06/07 -87727 65213 22514
06/07 -88502 66975 21527
07/07 -78893 58097 20796
07/07 -87424 65158 22266
07/07 -87519 68256 19263
07/07 -84831 66843 17988
07/07 -51252 35773 15479
08/07 -46222 30719 15503
08/07 -40871 23320 17551
08/07 -15319 4976 10343
08/07 -19515 11959 7556
09/07 -32565 26520 6045
09/07 -41126 30447 10679
09/07 -38647 23116 15531
09/07 -55688 39042 16646
10/07 -72744 54632 18112
10/07 -67182 49051 18131
10/07 -71760 55589 16171
10/07 -59301 43653 15648
10/07 -64679 46022 18657
11/07 -67640 50637 17003
11/07 -47137 32828 14309
11/07 -43545 30496 13049
11/07 -37222 25654 11568
12/07 -33890 23519 10371
12/07 -46797 32965 13832
12/07 -24813 11037 13776
12/07 -28115 13540 14575
12/07 -31054 18024 13030
01/08 -41682 23396 18286
01/08 -44514 25460 19054
01/08 -17433 5607 11826
01/08 -29956 16309 13647
02/08 -45979 32897 13082
02/08 -54902 35868 19034
02/08 -58686 40420 18266
02/08 -56279 36844 19435
03/08 -56783 37386 19397
03/08 -49877 31692 18185
03/08 -50146 35565 14581
03/08 -49921 35620 14301
04/08 -49388 36968 12420
04/08 -68399 51689 16710
04/08 -61051 44645 16406
04/08 -78486 58498 19988
04/08 -69078 50465 18613
05/08 -84096 65421 18675
05/08 -72391 57454 14937
05/08 -80680 61301 19379
05/08 -78373 57292 21081
06/08 -64905 53307 11598
06/08 -54314 47497 6817
06/08 -37940 36987 953
06/08 -61432 49382 12050
07/08 -62132 51409 10723
07/08 -60260 49306 10954
07/08 -76546 56068 20478
07/08 -71168 53588 17580
07/08 -47625 28919 18706
08/08 -25961 14747 11214
08/08 -20316 9053 11263
08/08 -5728 5950 -222
08/08 -2213 1377 836
09/08 -964 1511 -547
09/08 692 1586 -2278
09/08 18869 -17026 -1843
09/08 18388 -19462 1074
09/08 14870 -14347 -523
10/08 7813 -8347 534
10/08 6976 -6973 -3
10/08 9345 -7234 -2111
10/08 11010 -9819 -1191
11/08 7142 -5513 -1629
11/08 9793 -8604 -1189
11/08 10203 -5790 -4413
11/08 11207 -8624 -2583
12/08 12540 -9878 -2662
12/08 3115 -4452 1337
12/08 52 -4199 4147
12/08 -840 -1436 2276
12/08 -4001 -452 4453
01/09 -6729 595 6134
01/09 1448 -4476 3028
01/09 5663 -6115 452
01/09 3301 -3415 114
02/09 6549 -5119 -1430
02/09 3429 -5848 2419
02/09 6468 -7290 822
02/09 4940 -5583 643
03/09 4696 -2786 -1910
03/09 -2276 -3945 6221
03/09 -6592 -419 7011
03/09 -17496 8413 9083
03/09 -22032 11287 10745
04/09 -32692 18116 14576
04/09 -35237 20789 14448
04/09 -28849 17250 11599
04/09 -28113 16692 11421
05/09 -37518 23064 14454
05/09 -42055 28231 13824
05/09 -43146 29295 13851
05/09 -49237 32469 16768
06/09 -47921 30744 17177
06/09 -46731 31883 14848
06/09 -44568 32203 12365
06/09 -41354 29368 11986
06/09 -48252 34990 13262
07/09 -43615 31886 11729
07/09 -35203 25593 9610
07/09 -54153 38788 15365
07/09 -59650 43495 16155
08/09 -64301 46410 17891
08/09 -65313 48846 16467
08/09 -61044 44120 16924
08/09 -65880 48287 17593
09/09 -56290 41936 14354
09/09 -67274 48384 18890
09/09 -70795 48601 22194
09/09 -73082 51524 21558
09/09 -67064 47698 19366
10/09 -68229 50165 18064
10/09 -74823 52647 22176
10/09 -70630 53990 16640
10/09 -74030 52887 21143
11/09 -69162 50383 18779
11/09 -67417 47434 19983
11/09 -70253 46888 23365
11/09 -63184 43564 19620
12/09 -67523 48438 19085
12/09 -62452 46682 15770
12/09 -54431 40983 13448
12/09 -46433 32425 14008
12/09 -50833 36531 14302
01/10 -62716 47108 15608
01/10 -77062 59352 17710
01/10 -83309 62851 20458
01/10 -60063 45318 14745
02/10 -45836 33271 12565
02/10 -32822 27606 5216
02/10 -34640 27003 7637
02/10 -52007 38992 13015
03/10 -64377 48761 15616
03/10 -78760 61285 17475
03/10 -82914 63494 19420
03/10 -91194 74339 16855
03/10 -87625 69340 18285
04/10 -96593 73198 23395
04/10 -102706 80674 22032
04/10 -100913 78904 22009
04/10 -82994 66068 16926
05/10 -70743 56982 13761
05/10 -56406 49198 7208
05/10 -46556 38380 8176
05/10 -23648 19523 4125
06/10 -13311 15045 -1734
06/10 -12381 8435 3946
06/10 -13037 12406 631
06/10 -15594 11806 3788
06/10 -16498 12854 3644
07/10 -10793 7246 3547
07/10 -28612 23480 5132
07/10 -39150 32886 6264
07/10 -49975 40533 9442
08/10 -59135 48715 10420
08/10 -64659 54370 10289
08/10 -68808 57697 11111
08/10 -54346 47017 7329
08/10 -51999 43808 8191
09/10 -69618 56966 12652
09/10 -72013 56669 15344
09/10 -80871 64324 16547
09/10 -85947 69533 16414
10/10 -88073 69036 19037
10/10 -86116 67691 18425
10/10 -78946 59181 19765
10/10 -72745 55115 17630
11/10 -66718 51180 15538
11/10 -66918 47616 19302
11/10 -50130 36202 13928
11/10 -43376 28471 14905
11/10 -41514 26643 14871
12/10 -60541 43352 17189
12/10 -72123 53778 18345
12/10 -79150 60550 18600
12/10 -84969 64316 20653
01/11 -83329 62513 20816
01/11 -74554 53497 21057
01/11 -73411 53508 19903
01/11 -62135 45458 16677
02/11 -80255 60077 20178
02/11 -91086 71979 19107
02/11 -85274 65514 19760
02/11 -84193 66064 18129
03/11 -92491 71853 20638
03/11 -95280 73695 21585
03/11 -61333 47951 13382
03/11 -65686 51734 13952
03/11 -104444 85565 18879
04/11 -110025 90938 19087
04/11 -108259 90651 17608
04/11 -102098 84961 17137
04/11 -99133 80867 18266
05/11 -90849 73421 17428
05/11 -74738 60321 14417
05/11 -67636 50919 16717
05/11 -67820 53043 14777
05/11 -78193 60015 18178
06/11 -79855 65205 14650
06/11 -83427 67670 15757
06/11 -67183 54571 12612
06/11 -55863 46897 8966
07/11 -83347 63336 20011
07/11 -85990 67623 18367
07/11 -96561 77795 18766
07/11 -101746 81438 20308
08/11 -95650 75598 20052
08/11 -35947 29016 6931
08/11 -27744 29723 -1979
08/11 -43760 43574 186
08/11 -53046 47569 5477
09/11 -58364 48041 10323
09/11 -42435 36934 5501
09/11 -26704 23095 3609
09/11 -1778 5167 -3389
10/11 -2706 12911 -10205
10/11 479 10753 -11232
10/11 -13297 20353 -7056
10/11 -17294 23071 -5777
11/11 -26457 25866 591
11/11 -31095 27016 4079
11/11 -27338 24330 3008
11/11 -19827 17960 1867
11/11 -7741 12542 -4801
12/11 -30954 29824 1130
12/11 -36406 34429 1977
12/11 -26872 25742 1130
12/11 -35034 32637 2397
01/12 -49161 46537 2624
01/12 -60123 53526 6597
01/12 -64096 54306 9790
01/12 -80472 69486 10986
01/12 -88177 78044 10133
02/12 -89774 75095 14679
02/12 -87442 73741 13701
02/12 -87468 74700 12768
02/12 -92989 78201 14788
03/12 -71858 61720 10138
03/12 -77102 66756 10346
03/12 -55440 45191 10249
03/12 -68238 59574 8664
04/12 -56921 49319 7602
04/12 -45082 39429 5653
04/12 -57632 48421 9211
04/12 -50128 46041 4087
05/12 -62778 52280 10498
05/12 -22367 25104 -2737
05/12 1615 4734 -6349
05/12 25171 -16898 -8273
05/12 50069 -35527 -14542
06/12 65874 -51172 -14702
06/12 60032 -45459 -14573
06/12 13027 -3458 -9569
06/12 5570 -2159 -3411
07/12 -4178 9348 -5170
07/12 -13344 19065 -5721
07/12 -10940 13931 -2991
07/12 -26193 26443 -250
07/12 -43730 37235 6495
08/12 -62204 52894 9310
08/12 -76730 66679 10051
08/12 -98930 86882 12048
08/12 -88257 78072 10185
09/12 -68446 62439 6007
09/12 -74769 68259 6510
09/12 -81250 69246 12004
09/12 -102584 89562 13022
10/12 -75196 63743 11453
10/12 -44019 39814 4205
10/12 -42690 38444 4246
10/12 -49590 45651 3939
10/12 -62443 52090 10353
11/12 -76113 60317 15796
11/12 -77994 68146 9848
11/12 -75569 64711 10858
11/12 -91180 76806 14374
12/12 -105874 92229 13645
12/12 -118210 103376 14834
12/12 -118699 97496 21203
12/12 -94434 75433 19001
12/12 -93205 79522 13683
01/13 -99017 80315 18702
01/13 -114572 89057 25515
01/13 -120319 97011 23308
01/13 -102600 85296 17304
02/13 -97468 80940 16528
02/13 -58149 54114 4035
02/13 -47477 43981 3496
02/13 -19178 25695 -6517
03/13 -2174 7149 -4975
03/13 -23311 23266 45
03/13 -64010 54055 9955
03/13 -97759 85515 12244
04/13 -96879 83971 12908
04/13 -93032 77879 15153
04/13 -61952 53175 8777
04/13 -29710 31257 -1547
04/13 -33683 30234 3449
05/13 -5361 6630 -1269
05/13 29308 -13450 -15858
05/13 57117 -32409 -24708
05/13 67194 -42307 -24887
06/13 86193 -58550 -27643
06/13 88204 -63277 -24927
06/13 90900 -63521 -27379
06/13 89128 -61644 -27484
07/13 94708 -70515 -24193
07/13 89350 -63255 -26095
07/13 94442 -70686 -23756
07/13 81176 -63982 -17194
07/13 93881 -72573 -21308
08/13 102236 -76779 -25457
08/13 82777 -62721 -20056
08/13 82549 -63183 -19366
08/13 90251 -71117 -19134
09/13 88374 -71506 -16868
09/13 74740 -60032 -14708
09/13 38941 -27360 -11581
09/13 42141 -34819 -7322
10/13 33563 -28804 -4759
10/13 33169 -26404 -6765
10/13 36248 -32237 -4011
10/13 24160 -22111 -2049
10/13 20962 -23198 2236
11/13 27927 -25067 -2860
11/13 43277 -35809 -7468
11/13 44478 -35762 -8716
11/13 44843 -33511 -11332
12/13 60536 -44311 -16225
12/13 63679 -45850 -17829
12/13 66767 -51653 -15114
12/13 72121 -54239 -17882
12/13 74074 -57414 -16660
01/14 73202 -56852 -16350
01/14 65991 -51988 -14003
01/14 87769 -64654 -23115
01/14 88485 -65723 -22762
02/14 75480 -55523 -19957
02/14 64746 -47403 -17343
02/14 59175 -44398 -14777
02/14 54868 -38991 -15877
03/14 56360 -41108 -15252
03/14 55343 -40850 -14493
03/14 30633 -24463 -6170
03/14 26035 -20527 -5508
04/14 6118 -4880 -1238
04/14 -2104 3310 -1206
04/14 -6927 8097 -1170
04/14 -19980 16370 3610
04/14 -13324 10706 2618
05/14 -12583 8637 3946
05/14 -20418 17127 3291
05/14 -19699 19462 237
05/14 -16637 15848 789
06/14 -22256 21527 729
06/14 -34179 28247 5932
06/14 -37008 27029 9979
06/14 -41939 33463 8476
07/14 -49105 38879 10226
07/14 -42635 36603 6032
07/14 -43750 39743 4007
07/14 -47080 38793 8287
07/14 -45980 39606 6374
08/14 -34752 33300 1452
08/14 -29447 29546 -99
08/14 -39181 36574 2607
08/14 -44604 41938 2666
09/14 -51058 49047 2011
09/14 -42002 41229 773
09/14 -11587 22140 -10553
09/14 562 8347 -8909
09/14 17048 -2017 -15031
10/14 45107 -26486 -18621
10/14 47220 -30271 -16949
10/14 48774 -31509 -17265
10/14 46028 -33851 -12177
11/14 55660 -38268 -17392
11/14 58678 -38027 -20651
11/14 55239 -37602 -17637
11/14 59146 -44088 -15058
12/14 58769 -41110 -17659
12/14 65280 -45013 -20267
12/14 56235 -34253 -21982
12/14 61321 -39236 -22085
12/14 63170 -40697 -22473
01/15 72169 -48652 -23517
01/15 68844 -45365 -23479
01/15 70448 -46580 -23868
01/15 78541 -48943 -29598
02/15 85786 -56159 -29627
02/15 82727 -53182 -29545
02/15 82494 -53831 -28663
02/15 91479 -63154 -28325
03/15 85162 -61545 -23617
03/15 107717 -76851 -30866
03/15 56113 -28807 -27306
03/15 50321 -28368 -21953
03/15 45893 -24356 -21537
04/15 67838 -40281 -27557
04/15 71396 -42433 -28963
04/15 59245 -34663 -24582
04/15 44578 -27405 -17173
05/15 12836 626 -13462
05/15 10325 4487 -14812
05/15 4058 7323 -11381
05/15 11898 6422 -18320
06/15 33511 -13256 -20255
06/15 34010 -14027 -19983
06/15 19713 -4048 -15665
06/15 24475 -9052 -15423
06/15 28743 -12031 -16712
07/15 47565 -22197 -25368
07/15 60101 -33541 -26560
07/15 70911 -40850 -30061
07/15 81970 -50659 -31311
08/15 81451 -49412 -32039
08/15 78735 -51270 -27465
08/15 76778 -49883 -26895
08/15 89239 -63727 -25512
09/15 82795 -55732 -27063
09/15 84684 -53316 -31368
09/15 66468 -40729 -25739
09/15 75971 -52832 -23139
09/15 69579 -48865 -20714
10/15 62785 -40839 -21946
10/15 47727 -33705 -14022
10/15 50636 -38412 -12224
10/15 49145 -36352 -12793
11/15 59495 -38625 -20870
11/15 80186 -52830 -27356
11/15 88864 -66464 -22400
11/15 75027 -57145 -17882
12/15 59494 -46648 -12846
12/15 44118 -33579 -10539
12/15 21381 -10452 -10929
12/15 33568 -20854 -12714
12/15 28105 -17545 -10560
01/16 26056 -13761 -12295
01/16 46601 -23043 -23558
01/16 59902 -36267 -23635
01/16 50874 -32798 -18076
02/16 41630 -26168 -15462
02/16 14479 -5626 -8853
02/16 5308 2807 -8115
02/16 -4593 9575 -4982
03/16 -10617 16861 -6244
03/16 -33359 29195 4164
03/16 -22868 12782 10086
03/16 -31481 18030 13451
03/16 -35765 23466 12299
04/16 -37235 26845 10390
04/16 -45114 35122 9992
04/16 -53551 44106 9445
04/16 -68470 59540 8930
05/16 -58577 52395 6182
05/16 -42718 38158 4560
05/16 -26088 24893 1195
05/16 -605 124 481
05/16 8618 -4758 -3860
06/16 19482 -15808 -3674
06/16 9618 -6778 -2840
06/16 6143 -7043 900
06/16 -1915 -1952 3867
07/16 -8961 4903 4058
07/16 -24149 16216 7933
07/16 -34232 33431 801
07/16 -33827 31510 2317
08/16 -36204 31363 4841
08/16 -42396 34884 7512
08/16 -50856 41113 9743
08/16 -49989 42757 7232
08/16 -47061 42566 4495
09/16 -43568 38959 4609
09/16 -37882 36467 1415
09/16 -9234 6848 2386
09/16 -18169 15008 3161
10/16 -28121 23938 4183
10/16 -32384 26104 6280
10/16 -37615 29980 7635
10/16 -40171 31923 8248
11/16 -46709 40867 5842
11/16 -49750 41108 8642
11/16 -45563 41518 4045
11/16 -27269 30705 -3436
11/16 -17297 20957 -3660
12/16 -19803 20871 -1068
12/16 -15825 13473 2352
12/16 2761 3941 -6702
12/16 9238 -1510 -7728
01/17 14192 -3256 -10936
01/17 16043 -3848 -12195
01/17 3372 4845 -8217
01/17 -9193 10294 -1101
01/17 -15530 12056 3474
02/17 -25435 16748 8687
02/17 -32507 24218 8289
02/17 -41636 33522 8114
02/17 -58061 51915 6146
03/17 -55374 50978 4396
03/17 -45488 43265 2223
03/17 -55683 44955 10728
03/17 -58222 53138 5084
04/17 -55260 49593 5667
04/17 -48446 45151 3295
04/17 -46433 43262 3171
04/17 -41869 42702 -833
05/17 -40638 42675 -2037
05/17 -16057 25784 -9727
05/17 8986 6344 -15330
05/17 8515 2635 -11150
05/17 7282 3067 -10349
06/17 8219 -114 -8105
06/17 6525 -1511 -5014
06/17 -14197 15033 -836
06/17 -20451 19749 702
07/17 -38910 32414 6496
07/17 -41966 36806 5160
07/17 -62449 51356 11093
07/17 -71209 56374 14835
08/17 -79588 60713 18875
08/17 -75475 58010 17465
08/17 -77465 59612 17853
08/17 -75872 60484 15388
08/17 -81414 66527 14887
09/17 -83189 64904 18285
09/17 -83253 63033 20220
09/17 -87022 72512 14510
09/17 -89265 77194 12071
10/17 -82183 71812 10371
10/17 -79397 69182 10215
10/17 -74301 61800 12501
10/17 -68738 57250 11488
10/17 -52443 51608 835
11/17 -46134 45437 697
11/17 -44903 44032 871
11/17 -36814 39817 -3003
11/17 -34999 38882 -3883
12/17 -33073 40328 -7255
12/17 -28686 40720 -12034
12/17 20317 -12660 -7657
12/17 15006 -13639 -1367
01/18 15533 -20026 4493
01/18 -12969 5458 7511
01/18 -16696 10074 6622
01/18 -28100 16679 11421
01/18 -24363 13151 11212
02/18 -25764 13748 12016
02/18 -15998 9081 6917
02/18 -17432 11875 5557
02/18 -13121 9574 3547
03/18 -4994 3135 1859
03/18 -3151 -779 3930
03/18 -13950 17925 -3975
03/18 -3041 8074 -5033
04/18 4906 -75 -4831
04/18 7936 -2796 -5140
04/18 9661 -10155 494
04/18 15003 -3396 -11607
05/18 20929 -5672 -15257
05/18 33508 -16766 -16742
05/18 44296 -23106 -21190
05/18 42912 -21112 -21800
05/18 41322 -23235 -18087
06/18 36602 -20208 -16394
06/18 29066 -15235 -13831
06/18 60548 -43099 -17449
06/18 62758 -40978 -21780
07/18 62546 -39230 -23316
07/18 62880 -40973 -21907
07/18 61264 -40525 -20739
07/18 65015 -45486 -19529
07/18 71147 -51476 -19671
08/18 76617 -54540 -22077
08/18 75774 -51783 -23991
08/18 76193 -50207 -25986
08/18 66207 -44633 -21574
09/18 67814 -44031 -23783
09/18 66845 -44312 -22533
09/18 93785 -68003 -25782
09/18 93511 -72061 -21450
10/18 90247 -71718 -18529
10/18 93869 -73284 -20585
10/18 92905 -71491 -21414
10/18 89932 -70368 -19564
10/18 93402 -70412 -22990
11/18 83824 -66445 -17379
11/18 75972 -59780 -16192
11/18 69836 -59180 -10656
11/18 67982 -53903 -14079
12/18 60831 -50755 -10076
12/18 55621 -45531 -10090
12/18 48203 -35069 -13134
12/18 42983 -31261 -11722
12/18 42918 -26291 -16627
01/19 55302 -37775 -17527
01/19 52918 -37969 -14949
01/19 49773 -36063 -13710
01/19 45548 -32112 -13436
02/19 41993 -35617 -6376
02/19 47229 -34495 -12734
02/19 50165 -37068 -13097
02/19 50404 -35743 -14661
03/19 55806 -40741 -15065
03/19 59378 -43699 -15679
03/19 65128 -51902 -13226
03/19 70220 -53670 -16550
04/19 69611 -55743 -13868
04/19 68766 -54416 -14350
04/19 62470 -46880 -15590
04/19 68021 -50449 -17572
04/19 79297 -59005 -20292
05/19 76783 -57049 -19734
05/19 76907 -64046 -12861
05/19 79169 -66111 -13058
05/19 80586 -66393 -14193
06/19 78392 -63291 -15101
06/19 74296 -63226 -11070
06/19 79779 -64863 -14916
06/19 77799 -66320 -11479
07/19 68380 -58735 -9645
07/19 64616 -54007 -10609
07/19 59519 -52576 -6943
07/19 53289 -47980 -5309
07/19 60216 -53442 -6774
08/19 63630 -55511 -8119
08/19 73553 -62912 -10641
08/19 73897 -62781 -11116
08/19 73343 -61032 -12311
09/19 67958 -59318 -8640
09/19 60559 -53014 -7545
09/19 48493 -40082 -8411
09/19 55769 -47155 -8614
10/19 61639 -52302 -9337
10/19 55844 -46944 -8900
10/19 54838 -47605 -7233
10/19 50594 -43986 -6608
10/19 45359 -40287 -5072
11/19 33275 -26794 -6481
11/19 44139 -40809 -3330
11/19 52461 -47240 -5221
11/19 48763 -45355 -3408
12/19 38578 -36433 -2145
12/19 38909 -36808 -2101
12/19 49110 -46578 -2532
12/19 49176 -46164 -3012
12/19 36408 -38339 1931
01/20 15660 -27249 11589
01/20 15043 -20549 5506
01/20 19283 -19301 18
01/20 31379 -27520 -3859
02/20 49242 -43297 -5945
02/20 39430 -32668 -6762
02/20 40932 -37477 -3455
02/20 49865 -43852 -6013
03/20 65240 -51953 -13287
03/20 65865 -54013 -11852
03/20 38825 -28733 -10092
03/20 37225 -25207 -12018
03/20 44464 -31664 -12800
04/20 47994 -35398 -12596
04/20 51273 -35554 -15719
04/20 50893 -34820 -16073
04/20 50216 -37741 -12475
05/20 48074 -33455 -14619
05/20 49963 -35425 -14538
05/20 51246 -39558 -11688
05/20 54237 -40538 -13699
06/20 53852 -40791 -13061
06/20 43641 -36575 -7066
06/20 7192 -6532 -660
06/20 5998 -4810 -1188
06/20 6109 -2908 -3201
07/20 -1811 -694 2505
07/20 -4152 4250 -98
07/20 -446 -205 651
07/20 46 -5012 4966
08/20 -7508 -1048 8556
08/20 -3709 -3488 7197
08/20 -6505 -3300 9805
08/20 -5532 -3899 9431
09/20 -11047 -165 11212
09/20 -9266 -2044 11310
09/20 -25254 16219 9035
09/20 -21580 16339 5241
09/20 -14009 8937 5072
10/20 -15961 10847 5114
10/20 -12503 3854 8649
10/20 -15947 6755 9192
10/20 -16306 8890 7416
11/20 -5201 -1314 6515
11/20 2256 -8720 6464
11/20 -4464 -6123 10587
11/20 -3469 -5277 8746
12/20 -4982 -10800 15782
12/20 -7080 -10107 17187
12/20 -9605 -9325 18930
12/20 -9672 -4419 14091
12/20 -12713 -6506 19219
01/21 -13709 -3907 17616
01/21 -18013 5456 12557
01/21 -22136 4860 17276
01/21 -17638 771 16867
02/21 -15919 -1467 17386
02/21 -15691 -216 15907
02/21 -14170 -2821 16991
02/21 -17871 -1636 19507
03/21 -22596 6041 16555
03/21 -20909 8075 12834
03/21 -20446 7620 12826
03/21 -19221 5942 13279
03/21 -18637 12263 6374
04/21 -15494 4066 11428
04/21 -13546 3759 9787
04/21 -14290 -1806 16096
04/21 -15139 -1410 16549
05/21 -15179 1476 13703
05/21 -20569 2416 18153
05/21 -17887 3002 14885
05/21 -12789 -809 13598
06/21 -12013 -1925 13938
06/21 -4303 -9437 13740
06/21 10356 -17880 7524
06/21 20348 -17575 -2773
06/21 16252 -17800 1548
07/21 26485 -24870 -1615
07/21 34603 -28788 -5815
07/21 44984 -35690 -9294
07/21 51603 -39347 -12256
08/21 51437 -41283 -10154
08/21 64248 -49313 -14935
08/21 69709 -50367 -19342
08/21 77460 -56600 -20860
08/21 81581 -60078 -21503
09/21 83455 -70488 -12967
09/21 96033 -83383 -12650
09/21 102302 -85584 -16718
09/21 104698 -86383 -18315
10/21 108693 -89979 -18714
10/21 102000 -87608 -14392
10/21 81311 -76058 -5253
10/21 76399 -75246 -1153
11/21 73970 -75496 1526
11/21 66185 -63424 -2761
11/21 69858 -61153 -8705
11/21 73423 -63265 -10158
11/21 94709 -80185 -14524
12/21 98874 -81792 -17082
12/21 98423 -78903 -19520
12/21 98033 -80354 -17679
12/21 99476 -81741 -17735
01/22 100809 -89366 -11443
01/22 103609 -91486 -12123
01/22 98519 -88454 -10065
01/22 97749 -83273 -14476
02/22 96098 -79829 -16269
02/22 98357 -85741 -12616
02/22 97684 -86694 -10990
02/22 96072 -84080 -11992
03/22 87737 -78336 -9401
03/22 78183 -78195 12
03/22 48640 -44856 -3784
03/22 48388 -51189 2801
03/22 40894 -49606 8712
04/22 22332 -37513 15181
04/22 17876 -28715 10839
04/22 20800 -28837 8037
04/22 28916 -27651 -1265
05/22 34225 -28516 -5709
05/22 47126 -41714 -5412
05/22 54437 -44642 -9795
05/22 53269 -45446 -7823
05/22 51128 -48682 -2446
06/22 47413 -47896 483
06/22 44710 -43254 -1456
06/22 44608 -40606 -4002
06/22 47163 -42980 -4183
07/22 55708 -47621 -8087
07/22 52490 -41600 -10890
07/22 49276 -43148 -6128
07/22 50601 -47385 -3216
08/22 62124 -55950 -6174
08/22 59441 -57588 -1853
08/22 63470 -59248 -4222
08/22 64185 -60028 -4157
08/22 62503 -57393 -5110
09/22 63784 -56500 -7284
09/22 67018 -57850 -9168
09/22 52128 -40556 -11572
09/22 47998 -34653 -13345
10/22 38804 -27764 -11040
10/22 42692 -31271 -11421
10/22 48971 -35359 -13612
10/22 66319 -51446 -14873
11/22 62726 -50532 -12194
11/22 55223 -46683 -8540
11/22 54112 -44749 -9363
11/22 50014 -42786 -7228
11/22 50906 -44630 -6276
12/22 42820 -40563 -2257
12/22 42845 -37837 -5008
12/22 38428 -34115 -4313
12/22 38281 -36791 -1490
01/23 39595 -36267 -3328
01/23 32210 -33690 1480
01/23 25936 -33620 7684
01/23 29706 -33171 3465
01/23 23162 -30592 7430
02/23 22741 -28105 5364
02/23 23735 -28907 5172
02/23 25049 -24788 -261
02/23 28578 -24165 -4413
03/23 35999 -24824 -11175
03/23 53129 -40091 -13038
03/23 50554 -38459 -12095
03/23 45830 -35353 -10477
04/23 36837 -27233 -9604
04/23 47070 -37937 -9133
04/23 50557 -42356 -8201
04/23 53746 -39462 -14284
05/23 56552 -45010 -11542
05/23 56897 -49193 -7704
05/23 61902 -53594 -8308
05/23 60043 -49081 -10962
05/23 59100 -44126 -14974
06/23 67496 -56468 -11028
06/23 73907 -61745 -12162
06/23 50986 -49616 -1370
06/23 38822 -39424 602
07/23 51374 -44582 -6792
07/23 54035 -45084 -8951
07/23 51045 -50401 -644
07/23 49561 -51201 1640
08/23 57270 -51792 -5478
08/23 55845 -43192 -12653
08/23 65258 -53397 -11861
08/23 76894 -63786 -13108
08/23 80606 -70185 -10421
09/23 95366 -83537 -11829
09/23 94990 -79533 -15457
09/23 110012 -96946 -13066
09/23 102250 -86815 -15435
10/23 97266 -81987 -15279
10/23 91109 -76577 -14532
10/23 97132 -80739 -16393
10/23 98853 -83081 -15772
10/23 86432 -75110 -11322
11/23 73267 -65563 -7704
11/23 79057 -70956 -8101
11/23 82004 -77970 -4034
11/23 73789 -71219 -2570
12/23 54899 -57681 2782
12/23 54868 -52340 -2528
12/23 46308 -50677 4369
12/23 43062 -51303 8241
01/24 30295 -42893 12598
01/24 21070 -32274 11204
01/24 39044 -47857 8813
01/24 52649 -54120 1471
01/24 58847 -58295 -552
02/24 80031 -71813 -8218
02/24 90985 -78976 -12009
02/24 92611 -81875 -10736
02/24 89777 -79176 -10601
03/24 95745 -84743 -11002
03/24 97678 -90840 -6838
03/24 116062 -107538 -8524
03/24 117540 -105452 -12088
04/24 114086 -102685 -11401
04/24 101610 -92341 -9269
04/24 116344 -101083 -15261
04/24 114876 -96239 -18637
04/24 92394 -83235 -9159
05/24 72522 -64516 -8006
05/24 77142 -77171 29
05/24 51593 -56233 4640
05/24 49360 -49916 556
06/24 46923 -51303 4380
06/24 62043 -64785 2742
06/24 36384 -41656 5272
06/24 19343 -23676 4333
07/24 11293 -15836 4543
07/24 -12132 2413 9719
07/24 -27883 11113 16770
07/24 -4043 -8814 12857
07/24 32830 -31370 -1460
08/24 44743 -40199 -4544
08/24 48481 -42616 -5865
08/24 38366 -38885 519
08/24 7222 -19159 11937
09/24 -6812 -7864 14676
09/24 2620 -14042 11422
09/24 31978 -40122 8144
09/24 -4644 -11248 15892
10/24 -33851 14528 19323
10/24 -50253 33422 16831
10/24 -38078 19269 18809
10/24 -41530 27679 13851
