12/17 0 -1371 1371
12/17 0 -1801 1801
01/18 0 -1688 1688
01/18 0 -1907 1907
01/18 0 -2226 2226
01/18 0 -1746 1746
01/18 0 -2139 2139
02/18 0 -2040 2040
02/18 0 -1875 1875
02/18 0 -1608 1608
02/18 0 -1833 1833
03/18 0 -1599 1599
03/18 0 -1716 1716
03/18 0 -1370 1370
03/18 0 -1490 1490
04/18 0 -1786 1786
04/18 0 -1721 1721
04/18 0 -1883 1883
04/18 0 -1829 1829
05/18 0 -1597 1597
05/18 0 -1635 1635
05/18 0 -1874 1874
05/18 0 -1659 1659
05/18 0 -1679 1679
06/18 0 -1926 1926
06/18 0 -1945 1945
06/18 0 -1595 1595
06/18 0 -1368 1368
07/18 0 -1501 1501
07/18 0 -1455 1455
07/18 0 -1640 1640
07/18 0 -1651 1651
07/18 0 -1603 1603
08/18 0 -1611 1611
08/18 0 -1532 1532
08/18 0 -1266 1266
08/18 0 -1472 1472
09/18 0 -1368 1368
09/18 0 -1239 1239
09/18 0 -1318 1318
09/18 0 -1173 1173
10/18 0 -1297 1297
10/18 0 -1372 1372
10/18 0 -1331 1331
10/18 0 -1058 1058
10/18 0 -1077 1077
11/18 0 -1221 1221
11/18 0 -1185 1185
11/18 0 -1199 1199
11/18 -223 -979 1202
12/18 -236 -976 1212
12/18 -264 -913 1177
12/18 -239 -1342 1581
12/18 -219 -1142 1361
12/18 -219 -1230 1449
01/19 -174 -1306 1480
01/19 -129 -1204 1333
01/19 -129 -1010 1139
01/19 -129 -962 1091
02/19 -110 -1049 1159
02/19 68 -1229 1161
02/19 106 -1439 1333
02/19 -90 -1280 1370
03/19 -90 -1438 1528
03/19 0 -1331 1331
03/19 0 -1286 1286
03/19 0 -1244 1244
04/19 0 -1343 1343
04/19 0 -1258 1258
04/19 0 -1034 1034
04/19 0 -1143 1143
04/19 0 -1043 1043
