01/04 -35045 18050 16995
01/04 -31229 13690 17539
01/04 -32002 16235 15767
01/04 -34107 17671 16436
02/04 -34669 20893 13776
02/04 -36627 19906 16721
02/04 -33868 20159 13709
02/04 -35363 21076 14287
03/04 -25199 13977 11222
03/04 -21529 10630 10899
03/04 -11695 4095 7600
03/04 -16940 5872 11068
03/04 -13837 5235 8602
04/04 -20191 11251 8940
04/04 -19945 10648 9297
04/04 -9665 5144 4521
04/04 -6263 3732 2531
05/04 -7257 4730 2527
05/04 -2721 3219 -498
05/04 -1411 1613 -202
05/04 -8865 5902 2963
06/04 -21056 10033 11023
06/04 -24267 13477 10790
06/04 -27652 16208 11444
06/04 -25436 16182 9254
06/04 -24726 13884 10842
07/04 -33483 21077 12406
07/04 -44373 30022 14351
07/04 -48814 31767 17047
07/04 -36462 24495 11967
08/04 -34277 21606 12671
08/04 -33111 22716 10395
08/04 -29917 19198 10719
08/04 -13526 7259 6267
08/04 -9862 7089 2773
09/04 -1496 1747 -251
09/04 -7681 6009 1672
09/04 -5692 6002 -310
09/04 -11824 7816 4008
10/04 -4161 26 4135
10/04 -807 -4173 4980
10/04 -7288 -1701 8989
10/04 -24354 9525 14829
11/04 -26890 13342 13548
11/04 -39103 23346 15757
11/04 -42414 27649 14765
11/04 -50685 33605 17080
11/04 -48829 32775 16054
12/04 -48364 33585 14779
12/04 -53348 38786 14562
12/04 -48859 34782 14077
12/04 -33990 20151 13839
01/05 -24146 12523 11623
01/05 -29450 21392 8058
01/05 -25939 18715 7224
01/05 -22063 15990 6073
02/05 -25521 16693 8828
02/05 -16862 10109 6753
02/05 -31459 22239 9220
02/05 -36747 25156 11591
03/05 -47054 33519 13535
03/05 -59481 41127 18354
03/05 -56094 37824 18270
03/05 -40721 26655 14066
03/05 -20273 11874 8399
04/05 -22958 15484 7474
04/05 -26902 20371 6531
04/05 -35081 26798 8283
04/05 -36943 23711 13232
05/05 -34644 19878 14766
05/05 -30299 20098 10201
05/05 -4342 434 3908
05/05 6972 -7410 438
05/05 13135 -11071 -2064
06/05 4811 -8575 3764
06/05 17858 -16949 -909
06/05 13050 -12919 -131
06/05 21186 -19805 -1381
07/05 18716 -20414 1698
07/05 25725 -22581 -3144
07/05 26934 -25624 -1310
07/05 22618 -19865 -2753
08/05 20507 -16979 -3528
08/05 20144 -15509 -4635
08/05 -1907 2358 -451
08/05 -7308 5498 1810
08/05 -2350 -2211 4561
09/05 -24309 10996 13313
09/05 -26296 18475 7821
09/05 -18680 10578 8102
09/05 -5449 2563 2886
10/05 18967 -16860 -2107
10/05 23888 -23045 -843
10/05 25436 -21050 -4386
10/05 15171 -14041 -1130
11/05 17135 -14309 -2826
11/05 25458 -19370 -6088
11/05 30673 -23817 -6856
11/05 40408 -33020 -7388
11/05 39110 -33087 -6023
12/05 32220 -25779 -6441
12/05 9897 -7856 -2041
12/05 7374 -8192 818
12/05 12898 -11593 -1305
01/06 22449 -15021 -7428
01/06 9060 -4773 -4287
01/06 3606 -3303 -303
01/06 -5116 2848 2268
01/06 2247 -1910 -337
02/06 19618 -14062 -5556
02/06 33675 -24644 -9031
02/06 26654 -19881 -6773
02/06 10887 -8189 -2698
03/06 18872 -12344 -6528
03/06 22711 -14632 -8079
03/06 9083 -5235 -3848
03/06 14233 -6284 -7949
04/06 16671 -10684 -5987
04/06 4849 -5624 775
04/06 -7948 5094 2854
04/06 -17823 12290 5533
05/06 -26857 18624 8233
05/06 -38189 25767 12422
05/06 -39094 24272 14822
05/06 -46379 30558 15821
05/06 -53457 39697 13760
06/06 -37009 22286 14723
06/06 -34640 22094 12546
06/06 -34708 23402 11306
06/06 -15241 6571 8670
07/06 -20976 11863 9113
07/06 -26513 13749 12764
07/06 -26637 17077 9560
07/06 -33543 22659 10884
08/06 -60218 45003 15215
08/06 -70971 55626 15345
08/06 -82362 63196 19166
08/06 -72161 56816 15345
08/06 -72505 56125 16380
09/06 -66473 53932 12541
09/06 -44484 37581 6903
09/06 -53608 42953 10655
09/06 -71902 56967 14935
10/06 -53982 44946 9036
10/06 -29106 19835 9271
10/06 -39294 33305 5989
10/06 -44313 37165 7148
10/06 -68494 59864 8630
11/06 -96882 84280 12602
11/06 -78301 62252 16049
11/06 -85549 69089 16460
11/06 -95384 80626 14758
12/06 -92207 75832 16375
12/06 -98133 79169 18964
12/06 -102937 85598 17339
12/06 -93875 73844 20031
01/07 -83206 65157 18049
01/07 -73471 58653 14818
01/07 -100885 84318 16567
01/07 -112469 94728 17741
01/07 -90860 76927 13933
02/07 -107096 92728 14368
02/07 -60119 48598 11521
02/07 -69795 59153 10642
02/07 -83018 68028 14990
03/07 -35677 27393 8284
03/07 -27923 20403 7520
03/07 -53307 46129 7178
03/07 -55629 42578 13051
04/07 -65601 55843 9758
04/07 -55343 48417 6926
04/07 -66257 59667 6590
04/07 -79574 70066 9508
05/07 -75148 63993 11155
05/07 -65693 51997 13696
05/07 -49401 41078 8323
05/07 -46475 35338 11137
05/07 -60190 47410 12780
06/07 -74851 61860 12991
06/07 -44892 39417 5475
06/07 -80358 71693 8665
06/07 -107839 96134 11705
07/07 -104623 98173 6450
07/07 -97683 88531 9152
07/07 -107456 98366 9090
07/07 -93355 83504 9851
07/07 -77318 68713 8605
08/07 -61026 54133 6893
08/07 -50743 41358 9385
08/07 -35189 29139 6050
08/07 -39192 34571 4621
09/07 -38015 32574 5441
09/07 -48326 41591 6735
09/07 -19718 13393 6325
09/07 -29196 24557 4639
10/07 -31919 26554 5365
10/07 -37128 30488 6640
10/07 -43764 35704 8060
10/07 -50296 45421 4875
10/07 -59456 52928 6528
11/07 -66886 60326 6560
11/07 -48451 43625 4826
11/07 -38844 34385 4459
11/07 -37021 35062 1959
12/07 -35183 31528 3655
12/07 -55284 56998 -1714
12/07 -9725 11537 -1812
12/07 -5993 9126 -3133
12/07 8789 -2809 -5980
01/08 8246 -3262 -4984
01/08 4528 307 -4835
01/08 9643 -729 -8914
01/08 1190 5358 -6548
02/08 15341 -7809 -7532
02/08 22439 -13933 -8506
02/08 20820 -12157 -8663
02/08 2350 3637 -5987
03/08 -13313 15714 -2401
03/08 -15249 21229 -5980
03/08 -27948 29140 -1192
03/08 -16114 19728 -3614
04/08 8845 -2760 -6085
04/08 19169 -12560 -6609
04/08 27187 -16136 -11051
04/08 1745 4663 -6408
04/08 36768 -24848 -11920
05/08 40402 -30437 -9965
05/08 36840 -24804 -12036
05/08 34659 -25340 -9319
05/08 34206 -24888 -9318
06/08 33204 -29028 -4176
06/08 28221 -21051 -7170
06/08 39380 -31248 -8132
06/08 22740 -12843 -9897
07/08 10462 -2631 -7831
07/08 13988 -8298 -5690
07/08 -3972 6423 -2451
07/08 741 3322 -4063
07/08 3691 1460 -5151
08/08 35441 -25875 -9566
08/08 46492 -32946 -13546
08/08 59163 -43728 -15435
08/08 63155 -45109 -18046
09/08 61063 -47285 -13778
09/08 59894 -47520 -12374
09/08 62285 -49359 -12926
09/08 62655 -47771 -14884
09/08 46806 -33036 -13770
10/08 51193 -35224 -15969
10/08 44668 -31473 -13195
10/08 50650 -36701 -13949
10/08 44669 -33090 -11579
11/08 45692 -35265 -10427
11/08 52597 -39838 -12759
11/08 55770 -42431 -13339
11/08 51849 -40244 -11605
12/08 50958 -39225 -11733
12/08 55154 -37426 -17728
12/08 23252 -30400 7148
12/08 25340 -31630 6290
12/08 29981 -35843 5862
01/09 26746 -34684 7938
01/09 25388 -34052 8664
01/09 30646 -39037 8391
01/09 32432 -36994 4562
02/09 28795 -33423 4628
02/09 24859 -31930 7071
02/09 25129 -30570 5441
02/09 25135 -28282 3147
03/09 22446 -25449 3003
03/09 27581 -30680 3099
03/09 33691 -32990 -701
03/09 30221 -30746 525
03/09 31372 -31136 -236
04/09 33967 -34462 495
04/09 34039 -26510 -7529
04/09 32167 -24160 -8007
04/09 32730 -22913 -9817
05/09 28006 -22437 -5569
05/09 24654 -22506 -2148
05/09 30005 -25928 -4077
05/09 29272 -24805 -4467
06/09 23215 -20160 -3055
06/09 13651 -15333 1682
06/09 8046 -8474 428
06/09 11145 -12158 1013
06/09 1715 -4101 2386
07/09 7597 -9150 1553
07/09 11519 -12654 1135
07/09 2337 -5691 3354
07/09 6742 -8043 1301
08/09 -1717 -2228 3945
08/09 3595 -4256 661
08/09 7623 -1658 -5965
08/09 9430 -7017 -2413
09/09 22032 -17518 -4514
09/09 7500 -5960 -1540
09/09 10915 -12487 1572
09/09 31782 -31595 -187
09/09 55854 -47826 -8028
10/09 70872 -62106 -8766
10/09 76698 -65346 -11352
10/09 52325 -43318 -9007
10/09 35522 -31431 -4091
11/09 18944 -18905 -39
11/09 14723 -15857 1134
11/09 3076 -6585 3509
11/09 7575 -11355 3780
12/09 8996 -10663 1667
12/09 18188 -16876 -1312
12/09 27299 -23444 -3855
12/09 28540 -24577 -3963
12/09 35059 -29475 -5584
01/10 45824 -33564 -12260
01/10 44757 -35467 -9290
01/10 24518 -20171 -4347
01/10 33035 -27153 -5882
02/10 43534 -33968 -9566
02/10 65567 -52756 -12811
02/10 72367 -56079 -16288
02/10 80968 -62884 -18084
03/10 78544 -67549 -10995
03/10 80504 -63473 -17031
03/10 80554 -63987 -16567
03/10 89048 -71624 -17424
03/10 82530 -67073 -15457
04/10 77083 -59474 -17609
04/10 68485 -57391 -11094
04/10 60992 -49298 -11694
04/10 67018 -54666 -12352
05/10 82343 -65616 -16727
05/10 91454 -72188 -19266
05/10 95449 -76745 -18704
05/10 97178 -75079 -22099
06/10 93657 -70454 -23203
06/10 97211 -74680 -22531
06/10 66514 -48134 -18380
06/10 62116 -46346 -15770
06/10 51970 -34771 -17199
07/10 49738 -38077 -11661
07/10 46623 -34671 -11952
07/10 33697 -26767 -6930
07/10 28091 -17940 -10151
08/10 4689 -250 -4439
08/10 -4592 5021 -429
08/10 1488 -4431 2943
08/10 3531 -4365 834
08/10 19595 -15266 -4329
09/10 24048 -16068 -7980
09/10 8400 -9127 727
09/10 6690 -8989 2299
09/10 -2219 -2194 4413
10/10 -16224 9403 6821
10/10 -14159 8066 6093
10/10 -8913 5796 3117
10/10 -9631 5089 4542
11/10 -19015 15182 3833
11/10 -31274 21266 10008
11/10 -27231 23771 3460
11/10 -12711 10197 2514
11/10 6929 -4864 -2065
12/10 15881 -12920 -2961
12/10 9519 -8186 -1333
12/10 11124 -7432 -3692
12/10 20420 -13121 -7299
01/11 21717 -14133 -7584
01/11 11541 -5090 -6451
01/11 -11057 5794 5263
01/11 -15400 7888 7512
02/11 -32356 22659 9697
02/11 -34723 24475 10248
02/11 -66435 52572 13863
02/11 -47103 36009 11094
03/11 -39233 25809 13424
03/11 -48233 33906 14327
03/11 -8512 -225 8737
03/11 -46623 29724 16899
03/11 -9133 743 8390
04/11 -45318 32414 12904
04/11 -48892 26671 22221
04/11 -46260 30175 16085
04/11 -56162 33583 22579
05/11 -53460 30807 22653
05/11 -35184 18118 17066
05/11 -7455 -928 8383
05/11 12229 -14143 1914
05/11 -3837 -1829 5666
06/11 -7171 -1750 8921
06/11 -18820 11226 7594
06/11 10590 -11360 770
06/11 21696 -18349 -3347
07/11 33816 -31669 -2147
07/11 35737 -24801 -10936
07/11 11963 -6714 -5249
07/11 -5034 1222 3812
08/11 -10464 5139 5325
08/11 -6343 245 6098
08/11 -5550 -3096 8646
08/11 -24034 10961 13073
08/11 -10441 444 9997
09/11 12181 -13220 1039
09/11 33329 -26193 -7136
09/11 75542 -59755 -15787
09/11 83678 -64010 -19668
10/11 88682 -68724 -19958
10/11 82204 -61972 -20232
10/11 70587 -53226 -17361
10/11 59268 -50147 -9121
11/11 53870 -47092 -6778
11/11 34679 -29122 -5557
11/11 42463 -32864 -9599
11/11 50812 -36634 -14178
11/11 63904 -46660 -17244
12/11 61186 -43560 -17626
12/11 57607 -39509 -18098
12/11 39464 -25939 -13525
12/11 41338 -29172 -12166
01/12 47751 -31899 -15852
01/12 55613 -35853 -19760
01/12 65645 -41634 -24011
01/12 48063 -31361 -16702
01/12 40280 -26214 -14066
02/12 41719 -33122 -8597
02/12 49164 -40599 -8565
02/12 37994 -31350 -6644
02/12 30702 -23235 -7467
03/12 43326 -37099 -6227
03/12 53214 -41848 -11366
03/12 20814 -15852 -4962
03/12 8988 -11110 2122
04/12 6983 -8807 1824
04/12 20094 -18784 -1310
04/12 8401 -13051 4650
04/12 -23512 7536 15976
05/12 -38979 16493 22486
05/12 -48435 25339 23096
05/12 -46722 25021 21701
05/12 -16179 11340 4839
05/12 -3344 1475 1869
06/12 19090 -2867 -16223
06/12 38353 -23112 -15241
06/12 29210 -17153 -12057
06/12 13394 -758 -12636
07/12 16329 -5353 -10976
07/12 21648 -7622 -14026
07/12 21548 -7453 -14095
07/12 17392 -2934 -14458
07/12 12141 -1810 -10331
08/12 20011 -8275 -11736
08/12 8763 -288 -8475
08/12 -5155 7833 -2678
08/12 -6109 1968 4141
09/12 -1525 -6868 8393
09/12 -14803 -4366 19169
09/12 -37352 14412 22940
09/12 -53922 27137 26785
10/12 -56136 30094 26042
10/12 -41892 22572 19320
10/12 -43019 19599 23420
10/12 -26108 18397 7711
10/12 -38026 23403 14623
11/12 -31150 19279 11871
11/12 -19431 8228 11203
11/12 -10354 730 9624
11/12 -27562 10278 17284
12/12 -52339 27270 25069
12/12 -50535 27954 22581
12/12 -53317 28036 25281
12/12 -62763 37321 25442
12/12 -61235 36308 24927
01/13 -43241 25949 17292
01/13 -46945 28338 18607
01/13 -23389 17938 5451
01/13 140 10622 -10762
02/13 16548 1174 -17722
02/13 33083 -16776 -16307
02/13 46042 -23365 -22677
02/13 65696 -36130 -29566
03/13 81548 -43849 -37699
03/13 82484 -49800 -32684
03/13 93602 -61480 -32122
03/13 95441 -66555 -28886
04/13 97863 -65020 -32843
04/13 95230 -69969 -25261
04/13 86801 -61975 -24826
04/13 88913 -60112 -28801
04/13 73632 -58607 -15025
05/13 85429 -63086 -22343
05/13 85169 -65355 -19814
05/13 103998 -76976 -27022
05/13 101363 -74525 -26838
06/13 101828 -77738 -24090
06/13 66046 -53687 -12359
06/13 22615 -20406 -2209
06/13 21781 -19429 -2352
07/13 46553 -31324 -15229
07/13 55108 -34259 -20849
07/13 60256 -37446 -22810
07/13 66356 -49653 -16703
07/13 62370 -49463 -12907
08/13 56196 -46033 -10163
08/13 55820 -46521 -9299
08/13 40931 -39522 -1409
08/13 43762 -38226 -5536
09/13 47998 -43046 -4952
09/13 36534 -38166 1632
09/13 -2655 -6310 8965
09/13 -12372 1174 11198
10/13 -14773 1496 13277
10/13 -20998 8771 12227
10/13 -22978 12231 10747
10/13 -27976 14262 13714
10/13 -21936 10162 11774
11/13 -8373 -2392 10765
11/13 1432 -9303 7871
11/13 -8095 -1665 9760
11/13 -12044 391 11653
12/13 -35420 18369 17051
12/13 -36501 18429 18072
12/13 -33548 17825 15723
12/13 -34332 14420 19912
12/13 -45581 22781 22800
01/14 -36769 18178 18591
01/14 -28148 11160 16988
01/14 -23819 8720 15099
01/14 -40778 22172 18606
02/14 -20876 10951 9925
02/14 -23104 10672 12432
02/14 -40297 22323 17974
02/14 -49639 28802 20837
03/14 -49582 29605 19977
03/14 -41235 21999 19236
03/14 -39383 25536 13847
03/14 -42415 29724 12691
04/14 -46568 33572 12996
04/14 -62900 46477 16423
04/14 -70626 50598 20028
04/14 -67077 47800 19277
04/14 -65316 44234 21082
05/14 -64295 40646 23649
05/14 -54328 31755 22573
05/14 -49791 33090 16701
05/14 -51251 35304 15947
06/14 -45320 34974 10346
06/14 -51429 35842 15587
06/14 -72946 52596 20350
06/14 -68896 49751 19145
07/14 -75297 56412 18885
07/14 -62309 41639 20670
07/14 -60291 38770 21521
07/14 -44883 27497 17386
07/14 -37541 24910 12631
08/14 -20209 12121 8088
08/14 -23466 18799 4667
08/14 -16001 13287 2714
08/14 -17413 15467 1946
09/14 -7550 9448 -1898
09/14 -17678 26727 -9049
09/14 15775 -6581 -9194
09/14 13234 -1050 -12184
09/14 3170 3589 -6759
10/14 10876 -1075 -9801
10/14 15351 -2837 -12514
10/14 16808 -4485 -12323
10/14 13879 -6247 -7632
11/14 19005 -7462 -11543
11/14 23677 -12891 -10786
11/14 36573 -22829 -13744
11/14 47825 -30666 -17159
12/14 49426 -31014 -18412
12/14 38450 -23602 -14848
12/14 27092 -14552 -12540
12/14 31582 -15233 -16349
12/14 36809 -19302 -17507
01/15 45197 -25570 -19627
01/15 57827 -37140 -20687
01/15 66280 -45708 -20572
01/15 66219 -45340 -20879
02/15 61088 -42398 -18690
02/15 54486 -38603 -15883
02/15 41305 -28798 -12507
02/15 33050 -21870 -11180
03/15 35400 -26908 -8492
03/15 47650 -32591 -15059
03/15 59626 -37851 -21775
03/15 58858 -38557 -20301
03/15 55619 -36630 -18989
04/15 51598 -34301 -17297
04/15 57723 -36045 -21678
04/15 47497 -29281 -18216
04/15 44758 -34128 -10630
05/15 30343 -24758 -5585
05/15 38987 -30769 -8218
05/15 23388 -23362 -26
05/15 26865 -25539 -1326
06/15 28514 -25658 -2856
06/15 30440 -28277 -2163
06/15 25547 -25434 -113
06/15 15587 -22194 6607
06/15 7118 -12759 5641
07/15 21171 -22973 1802
07/15 23213 -24199 986
07/15 19635 -21468 1833
07/15 5166 -9788 4622
08/15 6396 -6557 161
08/15 8068 -10371 2303
08/15 -2449 -3971 6420
08/15 -10144 3299 6845
09/15 16672 -11239 -5433
09/15 30908 -17638 -13270
09/15 13699 -3619 -10080
09/15 5006 1267 -6273
09/15 11414 -2047 -9367
10/15 18888 -4533 -14355
10/15 22519 -7527 -14992
10/15 -345 7537 -7192
10/15 7695 4134 -11829
11/15 7730 188 -7918
11/15 36901 -15770 -21131
11/15 45232 -25260 -19972
11/15 51379 -32256 -19123
12/15 49040 -28258 -20782
12/15 44590 -23902 -20688
12/15 34007 -16920 -17087
12/15 49672 -26661 -23011
12/15 52811 -31022 -21789
01/16 54401 -30496 -23905
01/16 58816 -30521 -28295
01/16 64795 -38579 -26216
01/16 72297 -47537 -24760
02/16 71746 -45018 -26728
02/16 54709 -36300 -18409
02/16 57559 -36255 -21304
02/16 52788 -33068 -19720
03/16 62384 -39378 -23006
03/16 72682 -49005 -23677
03/16 38929 -13619 -25310
03/16 59790 -37723 -22067
03/16 60506 -40028 -20478
04/16 70900 -46506 -24394
04/16 74181 -51310 -22871
04/16 71019 -55152 -15867
04/16 67606 -48669 -18937
05/16 56878 -40408 -16470
05/16 55022 -34935 -20087
05/16 60935 -38422 -22513
05/16 54031 -32835 -21196
05/16 51984 -32851 -19133
06/16 84439 -66299 -18140
06/16 58611 -36661 -21950
06/16 68218 -51947 -16271
06/16 57040 -42711 -14329
07/16 66383 -49031 -17352
07/16 83138 -60067 -23071
07/16 100587 -74386 -26201
07/16 106742 -80572 -26170
08/16 107648 -82515 -25133
08/16 110591 -90082 -20509
08/16 117165 -94238 -22927
08/16 114580 -94978 -19602
08/16 114454 -92485 -21969
09/16 103984 -89969 -14015
09/16 101050 -82821 -18229
09/16 79168 -58686 -20482
09/16 103256 -87714 -15542
10/16 109799 -97572 -12227
10/16 104716 -95470 -9246
10/16 101766 -91558 -10208
10/16 98795 -83962 -14833
11/16 96565 -82961 -13604
11/16 101742 -89845 -11897
11/16 94327 -80313 -14014
11/16 88843 -74318 -14525
11/16 91383 -78135 -13248
12/16 89639 -77238 -12401
12/16 83840 -72343 -11497
12/16 76493 -59350 -17143
12/16 75482 -57099 -18383
01/17 77912 -64742 -13170
01/17 78059 -65831 -12228
01/17 77179 -66242 -10937
01/17 73025 -63172 -9853
01/17 69775 -61772 -8003
02/17 75079 -64539 -10540
02/17 73627 -65528 -8099
02/17 74852 -66352 -8500
02/17 79822 -70671 -9151
03/17 92337 -81437 -10900
03/17 122119 -107117 -15002
03/17 119871 -107844 -12027
03/17 111206 -104075 -7131
04/17 106872 -99673 -7199
04/17 112430 -105901 -6529
04/17 105212 -99490 -5722
04/17 92281 -91182 -1099
05/17 78532 -81364 2832
05/17 43890 -46798 2908
05/17 32005 -32995 990
05/17 22479 -23867 1388
05/17 33465 -29651 -3814
06/17 38748 -36716 -2032
06/17 43892 -39441 -4451
06/17 42276 -37604 -4672
06/17 43194 -39133 -4061
07/17 24751 -27767 3016
07/17 22994 -24138 1144
07/17 13803 -16473 2670
07/17 21158 -26197 5039
08/17 23107 -29452 6345
08/17 20738 -25160 4422
08/17 33275 -31860 -1415
08/17 44993 -45900 907
08/17 54141 -51555 -2586
09/17 52245 -52927 682
09/17 44469 -46085 1616
09/17 5845 -10161 4316
09/17 -14809 5054 9755
10/17 -31361 19949 11412
10/17 -19935 15508 4427
10/17 -8615 5047 3568
10/17 -2982 -1485 4467
10/17 -5776 1245 4531
11/17 5493 -9198 3705
11/17 -1084 -4533 5617
11/17 -7143 -300 7443
11/17 -13271 4573 8698
12/17 -17094 6406 10688
12/17 -17942 11388 6554
12/17 -26832 20388 6444
12/17 -21867 12676 9191
01/18 -30767 16235 14532
01/18 -42055 25492 16563
01/18 -41497 26204 15293
01/18 -48411 33045 15366
01/18 -50643 31741 18902
02/18 -46508 27867 18641
02/18 -30415 14940 15475
02/18 -22142 7803 14339
02/18 -25040 12687 12353
03/18 -19122 5264 13858
03/18 -21533 8027 13506
03/18 -37650 23807 13843
03/18 -48494 34176 14318
04/18 -54485 40338 14147
04/18 -57878 43016 14862
04/18 -63524 47702 15822
04/18 -48883 37365 11518
05/18 -31954 26372 5582
05/18 -10380 8988 1392
05/18 -5044 5621 -577
05/18 -8628 5701 2927
05/18 -4211 9477 -5266
06/18 3799 7345 -11144
06/18 -180 10969 -10789
06/18 33792 -19206 -14586
06/18 36547 -21581 -14966
07/18 49632 -28781 -20851
07/18 56197 -40403 -15794
07/18 55687 -38752 -16935
07/18 65121 -46743 -18378
07/18 61592 -47386 -14206
08/18 76239 -58852 -17387
08/18 84554 -60741 -23813
08/18 97277 -72338 -24939
08/18 96958 -76928 -20030
09/18 91302 -69613 -21689
09/18 83197 -61179 -22018
09/18 103687 -79258 -24429
09/18 88427 -67078 -21349
10/18 78665 -59340 -19325
10/18 76085 -60507 -15578
10/18 66401 -50353 -16048
10/18 66529 -46997 -19532
10/18 72170 -52482 -19688
11/18 69869 -56799 -13070
11/18 57122 -47107 -10015
11/18 57500 -43478 -14022
11/18 52143 -39150 -12993
12/18 59120 -39750 -19370
12/18 61589 -42419 -19170
12/18 79388 -60723 -18665
12/18 75789 -56479 -19310
12/18 75924 -56914 -19010
01/19 76140 -60092 -16048
01/19 76320 -60476 -15844
01/19 64613 -52111 -12502
01/19 43212 -35196 -8016
02/19 42415 -33744 -8671
02/19 54632 -42944 -11688
02/19 58404 -47528 -10876
02/19 42945 -39263 -3682
03/19 41899 -34929 -6970
03/19 42137 -36696 -5441
03/19 14813 -13774 -1039
03/19 10218 -8582 -1636
04/19 14117 -9931 -4186
04/19 9307 -6516 -2791
04/19 -908 922 -14
04/19 8889 -1835 -7054
04/19 12767 -4668 -8099
05/19 13773 -6879 -6894
05/19 11983 -3318 -8665
05/19 36597 -26152 -10445
05/19 48385 -31996 -16389
06/19 63501 -47762 -15739
06/19 60043 -44801 -15242
06/19 67728 -52564 -15164
06/19 67431 -58937 -8494
07/19 77933 -64244 -13689
07/19 94819 -72982 -21837
07/19 96344 -76357 -19987
07/19 101811 -78583 -23228
07/19 109062 -90150 -18912
08/19 118900 -102702 -16198
08/19 112246 -95820 -16426
08/19 115511 -92418 -23093
08/19 115880 -89028 -26852
09/19 108317 -84959 -23358
09/19 111424 -92233 -19191
09/19 103124 -86124 -17000
09/19 98607 -80795 -17812
10/19 94896 -77092 -17804
10/19 94704 -73219 -21485
10/19 84376 -72952 -11424
10/19 59076 -52440 -6636
10/19 37586 -32415 -5171
11/19 31972 -29035 -2937
11/19 30775 -28133 -2642
11/19 30143 -31903 1760
11/19 39482 -36576 -2906
12/19 30302 -30050 -252
12/19 16454 -22639 6185
12/19 -392 -5780 6172
12/19 -19143 8697 10446
12/19 -20550 12393 8157
01/20 -27735 16510 11225
01/20 -37277 31532 5745
01/20 -32637 24922 7715
01/20 -19436 17689 1747
02/20 -17006 12987 4019
02/20 -25199 21084 4115
02/20 -34182 29258 4924
02/20 -34184 29598 4586
03/20 -32674 35162 -2488
03/20 -31690 26328 5362
03/20 -18372 18640 -268
03/20 475 10884 -11359
03/20 4479 4993 -9472
04/20 2926 3693 -6619
04/20 3839 3232 -7071
04/20 11602 -1380 -10222
04/20 17808 -6681 -11127
05/20 23207 -12005 -11202
05/20 28146 -13688 -14458
05/20 33299 -18989 -14310
05/20 35289 -22257 -13032
06/20 44403 -36044 -8359
06/20 34112 -24048 -10064
06/20 29064 -15998 -13066
06/20 27677 -18516 -9161
06/20 33677 -20990 -12687
07/20 26618 -16408 -10210
07/20 22908 -13586 -9322
07/20 20434 -15080 -5354
07/20 28405 -25409 -2996
08/20 12441 -14727 2286
08/20 -1192 -2821 4013
08/20 -17772 6504 11268
08/20 -13850 5600 8250
09/20 -20121 6312 13809
09/20 -15652 12730 2922
09/20 -8844 2293 6551
09/20 -4587 2964 1623
09/20 10524 -12745 2221
10/20 12366 -11298 -1068
10/20 10427 -9802 -625
10/20 4326 -2000 -2326
10/20 6953 -6660 -293
11/20 13354 -11227 -2127
11/20 18416 -17695 -721
11/20 16657 -19746 3089
11/20 10576 -17130 6554
12/20 1312 -7899 6587
12/20 -11745 5710 6035
12/20 -11351 4068 7283
12/20 -11958 6032 5926
12/20 -12427 4832 7595
01/21 -12539 3665 8874
01/21 -25671 12942 12729
01/21 -23707 13705 10002
01/21 -19210 7965 11245
02/21 -18523 9616 8907
02/21 -36501 21118 15383
02/21 -37858 22167 15691
02/21 -44635 30978 13657
03/21 -48170 36082 12088
03/21 -44354 33911 10443
03/21 -41091 28600 12491
03/21 -32714 21819 10895
03/21 -31580 24959 6621
04/21 -30127 19951 10176
04/21 -40046 25590 14456
04/21 -45196 25178 20018
04/21 -47334 29218 18116
05/21 -37993 19848 18145
05/21 -49576 28176 21400
05/21 -45604 24900 20704
05/21 -50190 30659 19531
06/21 -43200 24125 19075
06/21 -44343 27714 16629
06/21 -49883 32170 17713
06/21 -26578 17927 8651
06/21 -29348 17723 11625
07/21 -25435 21903 3532
07/21 -12555 7969 4586
07/21 3732 -3497 -235
07/21 7628 -5684 -1944
08/21 -2962 -86 3048
08/21 -9263 7070 2193
08/21 -4054 4651 -597
08/21 19171 -16745 -2426
08/21 14435 -14900 465
09/21 20266 -24524 4258
09/21 -13077 4790 8287
09/21 1073 -218 -855
09/21 3411 1964 -5375
10/21 25676 -20018 -5658
10/21 20191 -11979 -8212
10/21 -2381 1615 766
10/21 -13660 14953 -1293
11/21 -11732 15047 -3315
11/21 17548 -12093 -5455
11/21 41182 -31599 -9583
11/21 45803 -34579 -11224
11/21 53772 -38899 -14873
12/21 54624 -38277 -16347
12/21 70440 -50748 -19692
12/21 71124 -57686 -13438
12/21 60101 -50719 -9382
01/22 49516 -39171 -10345
01/22 38032 -29166 -8866
01/22 2848 -247 -2601
01/22 16842 -7763 -9079
02/22 28891 -23605 -5286
