08/00 12174 -13740 1566
09/00 2625 -8772 6147
09/00 9791 -11975 2184
09/00 17778 -16783 -995
09/00 26863 -22895 -3968
10/00 40667 -35165 -5502
10/00 39901 -34960 -4941
10/00 40317 -37305 -3012
10/00 37105 -38022 917
10/00 37528 -37105 -423
11/00 32606 -31595 -1011
11/00 30522 -29729 -793
11/00 28163 -27650 -513
11/00 20031 -19181 -850
12/00 20291 -18437 -1854
12/00 12562 -14861 2299
12/00 8164 -13646 5482
12/00 2963 -11530 8567
01/01 -8552 -3823 12375
01/01 -14970 2021 12949
01/01 -14725 3974 10751
01/01 -16632 9917 6715
01/01 -15479 7224 8255
02/01 -17573 8652 8921
02/01 -3005 25 2980
02/01 2480 -4298 1818
02/01 11494 -12949 1455
03/01 13729 -13480 -249
03/01 11465 -13419 1954
03/01 16070 -14674 -1396
03/01 23020 -21032 -1988
04/01 21002 -19364 -1638
04/01 15681 -15022 -659
04/01 16350 -15602 -748
04/01 12412 -13517 1105
05/01 8312 -12156 3844
05/01 5069 -13134 8065
05/01 7748 -14854 7106
05/01 3171 -11502 8331
05/01 8799 -14042 5243
06/01 2615 -11529 8914
06/01 -5233 -5509 10742
06/01 -9555 -4810 14365
06/01 -13950 -3407 17357
07/01 -16434 2124 14310
07/01 -16652 1472 15180
07/01 -7653 -4163 11816
07/01 1648 -12191 10543
07/01 -7429 -1375 8804
08/01 -8445 -1560 10005
08/01 -7824 -1651 9475
08/01 -425 -7134 7559
08/01 257 -6875 6618
09/01 14742 -15527 785
09/01 24453 -25267 814
09/01 28353 -26578 -1775
09/01 28252 -27937 -315
10/01 28608 -30339 1731
10/01 19949 -20289 340
10/01 9968 -12618 2650
10/01 18375 -19804 1429
10/01 19848 -20573 725
11/01 28386 -26432 -1954
11/01 31806 -28089 -3717
11/01 26123 -25375 -748
11/01 28366 -26672 -1694
12/01 4739 -7970 3231
12/01 5696 -7794 2098
12/01 -3323 -4900 8223
12/01 2303 -6091 3788
12/01 10923 -14601 3678
01/02 14730 -15333 603
01/02 12753 -15445 2692
01/02 22864 -22045 -819
01/02 17936 -17164 -772
02/02 12088 -15426 3338
02/02 8466 -13596 5130
02/02 4630 -9338 4708
02/02 16240 -19960 3720
03/02 5678 -10094 4416
03/02 -6637 -2100 8737
03/02 -7760 -2291 10051
03/02 -5104 -4556 9660
04/02 -99 -12486 12585
04/02 13047 -20762 7715
04/02 -2628 -8822 11450
04/02 -14354 -469 14823
04/02 -19101 2307 16794
05/02 -26508 6182 20326
05/02 -31289 10523 20766
05/02 -36938 15201 21737
05/02 -42000 18205 23795
06/02 -47265 23278 23987
06/02 -47128 24689 22439
06/02 -46077 18945 27132
06/02 -44787 18175 26612
07/02 -49993 23412 26581
07/02 -50835 22316 28519
07/02 -44290 16222 28068
07/02 -30796 9106 21690
07/02 -21849 4205 17644
08/02 -16855 1234 15621
08/02 -14112 1061 13051
08/02 -13237 557 12680
08/02 -15495 2767 12728
09/02 -25685 10520 15165
09/02 -29271 10603 18668
09/02 -20134 2174 17960
09/02 -14222 612 13610
10/02 -13967 -414 14381
10/02 -12762 53 12709
10/02 -12563 -410 12973
10/02 -23058 7566 15492
10/02 -30354 12585 17769
11/02 -35754 15616 20138
11/02 -31045 11725 19320
11/02 -20323 4490 15833
11/02 -19293 4302 14991
12/02 -33892 16642 17250
12/02 -36492 18682 17810
12/02 -45272 23613 21659
12/02 -48515 23062 25453
12/02 -35041 11519 23522
01/03 -35835 13131 22704
01/03 -54293 24982 29311
01/03 -62599 31985 30614
01/03 -68753 38248 30505
02/03 -73906 43147 30759
02/03 -72976 42822 30154
02/03 -73926 43406 30520
02/03 -75083 41609 33474
03/03 -79810 42464 37346
03/03 -76282 41764 34518
03/03 -76126 42676 33450
03/03 -60083 34208 25875
04/03 -60117 33189 26928
04/03 -59724 32803 26921
04/03 -62696 33309 29387
04/03 -60758 31088 29670
04/03 -64110 35436 28674
05/03 -60386 32757 27629
05/03 -57402 30890 26512
05/03 -52567 25560 27007
05/03 -45064 19947 25117
06/03 -43509 18362 25147
06/03 -39347 17680 21667
06/03 -45175 18454 26721
06/03 -33075 15779 17296
07/03 -35010 16781 18229
07/03 -29608 17923 11685
07/03 -25045 9336 15709
07/03 -17419 8266 9153
07/03 -21507 9434 12073
08/03 -21936 8295 13641
08/03 -28454 13046 15408
08/03 -24455 9971 14484
08/03 -21016 9549 11467
09/03 -26512 12265 14247
09/03 -37098 19420 17678
09/03 -45095 20132 24963
09/03 -44562 22307 22255
09/03 -46271 23087 23184
10/03 -51988 30600 21388
10/03 -53759 29854 23905
10/03 -55518 29405 26113
10/03 -57774 32871 24903
11/03 -51172 28720 22452
11/03 -54514 29705 24809
11/03 -59254 33476 25778
11/03 -50149 25877 24272
12/03 -54465 30668 23797
12/03 -49849 27087 22762
12/03 -36377 16598 19779
12/03 -27557 8663 18894
12/03 -37640 18959 18681
01/04 -47201 27212 19989
01/04 -63616 37569 26047
01/04 -47516 23944 23572
01/04 -33409 13709 19700
02/04 -10956 -3852 14808
02/04 -10026 -4434 14460
02/04 -16603 -373 16976
02/04 -6135 -6776 12911
03/04 -1989 -9415 11404
03/04 -17657 2824 14833
03/04 -15699 3742 11957
03/04 -19562 7100 12462
03/04 -50172 33015 17157
04/04 -59999 41865 18134
04/04 -33675 17150 16525
04/04 -11159 -552 11711
04/04 1254 -9625 8371
05/04 15475 -19391 3916
05/04 20086 -25648 5562
05/04 22537 -28734 6197
05/04 12571 -19177 6606
06/04 8864 -14276 5412
06/04 -1678 -4892 6570
06/04 5592 -10990 5398
06/04 7226 -15205 7979
06/04 -11340 265 11075
07/04 -22675 11321 11354
07/04 -38162 23876 14286
07/04 -45362 30978 14384
07/04 -40547 25715 14832
08/04 -38801 23601 15200
08/04 -42155 26639 15516
08/04 -48650 31094 17556
08/04 -52740 33743 18997
08/04 -46761 29138 17623
09/04 -56374 41303 15071
09/04 -62343 44652 17691
09/04 -59170 39399 19771
09/04 -64889 46756 18133
10/04 -63338 45168 18170
10/04 -66523 49386 17137
10/04 -61956 40020 21936
10/04 -58044 36223 21821
11/04 -61894 39692 22202
11/04 -55838 34972 20866
11/04 -55070 33335 21735
11/04 -51563 29471 22092
11/04 -44186 23631 20555
12/04 -33986 18370 15616
12/04 -15285 9077 6208
12/04 -22733 6276 16457
12/04 -23626 6134 17492
01/05 -26337 9662 16675
01/05 -24900 9893 15007
01/05 -20021 5500 14521
01/05 -14139 2653 11486
02/05 -13406 1269 12137
02/05 -193 -7365 7558
02/05 -4475 -5307 9782
02/05 -8846 -3141 11987
03/05 -3494 -6829 10323
03/05 -16082 3329 12753
03/05 -25233 26150 -917
03/05 -48072 31547 16525
03/05 -41865 26690 15175
04/05 -42354 25675 16679
04/05 -6043 -7434 13477
04/05 6837 -16358 9521
04/05 17748 -24719 6971
05/05 32791 -33321 530
05/05 25418 -27795 2377
05/05 34713 -33492 -1221
05/05 32455 -32884 429
05/05 29696 -31240 1544
06/05 20732 -26561 5829
06/05 11124 -17589 6465
06/05 -14331 284 14047
06/05 -17274 2284 14990
07/05 -15834 4088 11746
07/05 -37604 23203 14401
07/05 -41954 25825 16129
07/05 -35239 17519 17720
08/05 -23977 12164 11813
08/05 -30683 14214 16469
08/05 -45470 26047 19423
08/05 -42340 24543 17797
08/05 -42660 28914 13746
09/05 -45665 29993 15672
09/05 -45954 29592 16362
09/05 -41413 26503 14910
09/05 -60907 43096 17811
10/05 -57366 38031 19335
10/05 -57610 43591 14019
10/05 -60600 42812 17788
10/05 -52213 36945 15268
11/05 -52635 37160 15475
11/05 -28226 26340 1886
11/05 -33946 20169 13777
11/05 -30478 15725 14753
11/05 -46949 29010 17939
12/05 -59298 37317 21981
12/05 -77655 56183 21472
12/05 -57188 48111 9077
12/05 -58838 42292 16546
01/06 -56243 36687 19556
01/06 -48088 23317 24771
01/06 -49851 26933 22918
01/06 -48195 27133 21062
01/06 -58524 37484 21040
02/06 -68190 44845 23345
02/06 -61664 40464 21200
02/06 -57896 35197 22699
02/06 -62090 40634 21456
03/06 -64928 41323 23605
03/06 -39214 14021 25193
03/06 -14572 -3742 18314
03/06 -11100 -7811 18911
04/06 -13405 -4146 17551
04/06 -29111 13942 15169
04/06 -23059 6918 16141
04/06 -35505 15623 19882
05/06 -49820 32152 17668
05/06 -48176 28873 19303
05/06 -39355 19528 19827
05/06 -35053 15702 19351
05/06 -48786 31707 17079
06/06 -41201 22862 18339
06/06 -51100 33351 17749
06/06 -41417 23978 17439
06/06 -50008 30309 19699
07/06 -56599 36447 20152
07/06 -30959 11621 19338
07/06 -23983 9284 14699
07/06 -10530 -5419 15949
08/06 -9197 -7416 16613
08/06 -30136 9830 20306
08/06 -22584 8597 13987
08/06 -30956 15493 15463
08/06 -45695 30605 15090
09/06 -43428 27466 15962
09/06 -30255 14782 15473
09/06 -6953 855 6098
09/06 -14943 6510 8433
10/06 -18675 9279 9396
10/06 -10466 1859 8607
10/06 20495 -24498 4003
10/06 7831 -14233 6402
10/06 16276 -23678 7402
11/06 12422 -20342 7920
11/06 37902 -47375 9473
11/06 52028 -58893 6865
11/06 38274 -40282 2008
12/06 46498 -46479 -19
12/06 52717 -52008 -709
12/06 54078 -57392 3314
12/06 70674 -66294 -4380
01/07 77526 -74268 -3258
01/07 87049 -84906 -2143
01/07 79972 -78967 -1005
01/07 77126 -77857 731
01/07 71516 -70876 -640
02/07 77084 -80646 3562
02/07 56467 -56695 228
02/07 63583 -65426 1843
02/07 54384 -56424 2040
03/07 72670 -74925 2255
03/07 75658 -74139 -1519
03/07 64646 -51153 -13493
03/07 32087 -31982 -105
04/07 30101 -35165 5064
04/07 12204 -15564 3360
04/07 10103 -15991 5888
04/07 -6324 -1631 7955
05/07 -18472 8851 9621
05/07 -25466 17819 7647
05/07 -52647 43097 9550
05/07 -48559 38967 9592
05/07 -64488 52020 12468
06/07 -52815 43858 8957
06/07 -69247 62005 7242
06/07 -48066 58796 -10730
06/07 -78058 68863 9195
07/07 -77095 65253 11842
07/07 -83749 67378 16371
07/07 -83311 67272 16039
07/07 -92983 76964 16019
07/07 -66631 49698 16933
08/07 -65477 51938 13539
08/07 -56353 47810 8543
08/07 -46728 40033 6695
08/07 -51692 45094 6598
09/07 -61147 51345 9802
09/07 -72747 58754 13993
09/07 -92697 79828 12869
09/07 -69974 59162 10812
10/07 -85279 69179 16100
10/07 -99612 83001 16611
10/07 -91325 76949 14376
10/07 -82986 71323 11663
10/07 -79384 68831 10553
11/07 -69540 63588 5952
11/07 -58101 46723 11378
11/07 -40745 32292 8453
11/07 -37485 28999 8486
12/07 -28724 15324 13400
12/07 -33330 18664 14666
12/07 -34477 23287 11190
12/07 -26527 14723 11804
12/07 -33884 22998 10886
01/08 -29683 16424 13259
01/08 -19469 7765 11704
01/08 -15857 7677 8180
01/08 -14176 4295 9881
02/08 -22733 10240 12493
02/08 -38385 20435 17950
02/08 -24746 11947 12799
02/08 -41688 26184 15504
03/08 -52931 36406 16525
03/08 -44863 28931 15932
03/08 -31247 20899 10348
03/08 -12778 2178 10600
04/08 -11059 723 10336
04/08 -14545 6564 7981
04/08 -12915 5503 7412
04/08 -29012 17370 11642
04/08 -16443 7428 9015
05/08 -43142 31712 11430
05/08 -41439 29409 12030
05/08 -47043 31418 15625
05/08 -65777 50125 15652
06/08 -52595 45738 6857
06/08 -30259 17579 12680
06/08 -828 -951 1779
06/08 2015 -4489 2474
07/08 2808 -9790 6982
07/08 894 -5952 5058
07/08 -22665 12859 9806
07/08 -30293 21889 8404
07/08 -4850 -2246 7096
08/08 17798 -18772 974
08/08 26159 -25329 -830
08/08 31326 -28085 -3241
08/08 15386 -15764 378
09/08 20341 -17574 -2767
09/08 11426 -9984 -1442
09/08 10480 -10222 -258
09/08 16917 -18653 1736
09/08 17391 -18021 630
10/08 17540 -17152 -388
10/08 14023 -17884 3861
10/08 10171 -12395 2224
10/08 3477 -9847 6370
11/08 1833 -7494 5661
11/08 -2004 -3245 5249
11/08 1229 -7177 5948
11/08 331 -6269 5938
12/08 5637 -9707 4070
12/08 4935 -8829 3894
12/08 1222 -6748 5526
12/08 5308 -10030 4722
12/08 4866 -10355 5489
01/09 4261 -13872 9611
01/09 7921 -12204 4283
01/09 10306 -14585 4279
01/09 10251 -14966 4715
02/09 5274 -12575 7301
02/09 6413 -11471 5058
02/09 8523 -12909 4386
02/09 6804 -12965 6161
03/09 13539 -19013 5474
03/09 16760 -20290 3530
03/09 20555 -23950 3395
03/09 8374 -20672 12298
03/09 11554 -23346 11792
04/09 13046 -23311 10265
04/09 7303 -17729 10426
04/09 475 -12707 12232
04/09 -6231 -7707 13938
05/09 -16920 2014 14906
05/09 -23276 5449 17827
05/09 -25312 5425 19887
05/09 -31621 11532 20089
06/09 -28853 6594 22259
06/09 -37993 12966 25027
06/09 -35764 15460 20304
06/09 -29065 11347 17718
06/09 -25044 9272 15772
07/09 -25203 6552 18651
07/09 -24593 5893 18700
07/09 -35701 16506 19195
07/09 -45749 29068 16681
08/09 -57337 36592 20745
08/09 -52699 33889 18810
08/09 -56237 37458 18779
08/09 -59873 39989 19884
09/09 -49584 32889 16695
09/09 -57152 36818 20334
09/09 -58826 38032 20794
09/09 -56035 34552 21483
09/09 -36155 18209 17946
10/09 -55674 35775 19899
10/09 -65253 44196 21057
10/09 -67971 43537 24434
10/09 -57571 35455 22116
11/09 -40867 23369 17498
11/09 -40341 21984 18357
11/09 -41941 23606 18335
11/09 -42880 24653 18227
12/09 -53573 30809 22764
12/09 -47067 29459 17608
12/09 -43289 25625 17664
12/09 -42554 22701 19853
12/09 -63010 39989 23021
01/10 -66666 40196 26470
01/10 -74014 48695 25319
01/10 -73698 46803 26895
01/10 -48154 25809 22345
02/10 -33141 15355 17786
02/10 -27327 8863 18464
02/10 -46728 23455 23273
02/10 -53439 28421 25018
03/10 -62476 38289 24187
03/10 -87902 61399 26503
03/10 -94918 69640 25278
03/10 -105107 73027 32080
03/10 -100787 70296 30491
04/10 -98474 69312 29162
04/10 -100410 70475 29935
04/10 -101494 69656 31838
04/10 -90102 59198 30904
05/10 -80463 52012 28451
05/10 -71373 50454 20919
05/10 -67412 44885 22527
05/10 -46688 23872 22816
06/10 -41924 22154 19770
06/10 -43534 22510 21024
06/10 -47669 27354 20315
06/10 -47616 26353 21263
06/10 -38464 15894 22570
07/10 -26402 8094 18308
07/10 -42766 22038 20728
07/10 -39057 16424 22633
07/10 -44836 23868 20968
08/10 -59474 34182 25292
08/10 -69216 41179 28037
08/10 -50497 29514 20983
08/10 -33405 16147 17258
08/10 -13109 -4764 17873
09/10 -18147 452 17695
09/10 -35851 17695 18156
09/10 -52736 29815 22921
09/10 -55020 27870 27150
10/10 -68649 42678 25971
10/10 -69452 43786 25666
10/10 -57126 30740 26386
10/10 -45723 19875 25848
11/10 -48293 23365 24928
11/10 -62936 37338 25598
11/10 -62160 38441 23719
11/10 -42686 22499 20187
11/10 -41661 19155 22506
12/10 -57378 33722 23656
12/10 -61683 33396 28287
12/10 -50851 24948 25903
12/10 -61599 34787 26812
01/11 -65251 38348 26903
01/11 -76876 47757 29119
01/11 -75356 44055 31301
01/11 -64699 31719 32980
02/11 -66237 33814 32423
02/11 -76360 39790 36570
02/11 -101826 72090 29736
02/11 -101129 68348 32781
03/11 -106282 72827 33455
03/11 -115190 77544 37646
03/11 -90828 56991 33837
03/11 -77927 45977 31950
03/11 -82542 51245 31297
04/11 -100504 65030 35474
04/11 -100255 63741 36514
04/11 -99565 65035 34530
04/11 -97647 59063 38584
05/11 -87598 54041 33557
05/11 -69423 37203 32220
05/11 -57413 26291 31122
05/11 -53275 21277 31998
05/11 -59332 26402 32930
06/11 -36708 13522 23186
06/11 -48737 18855 29882
06/11 -27651 2204 25447
06/11 -18130 -1863 19993
07/11 -38116 6821 31295
07/11 -46621 15334 31287
07/11 -56684 27764 28920
07/11 -65886 36141 29745
08/11 -70299 41037 29262
08/11 -44133 23704 20429
08/11 -21404 4121 17283
08/11 -25868 8804 17064
08/11 -30799 13939 16860
09/11 -18973 2081 16892
09/11 -8624 -6303 14927
09/11 -12984 -5458 18442
09/11 11193 -20550 9357
10/11 11024 -15682 4658
10/11 25942 -24913 -1029
10/11 25587 -24795 -792
10/11 17974 -17923 -51
11/11 8137 -14820 6683
11/11 6764 -15568 8804
11/11 9300 -17215 7915
11/11 19090 -22144 3054
11/11 24739 -26869 2130
12/11 16678 -20171 3493
12/11 9411 -13385 3974
12/11 -3232 -26868 30100
12/11 19201 -21812 2611
01/12 18500 -23371 4871
01/12 19007 -28649 9642
01/12 23119 -28730 5611
01/12 6880 -18909 12029
01/12 6645 -19409 12764
02/12 -18274 2184 16090
02/12 -24625 9566 15059
02/12 -32518 14112 18406
02/12 -41527 22480 19047
03/12 -45184 26032 19152
03/12 -50526 26721 23805
03/12 -62500 42315 20185
03/12 -45007 23737 21270
04/12 -51387 29487 21900
04/12 -41210 27967 13243
04/12 -58451 38028 20423
04/12 -68083 44224 23859
05/12 -102549 70223 32326
05/12 -80329 60095 20234
05/12 -66516 51005 15511
05/12 -48192 38555 9637
05/12 -39499 34085 5414
06/12 -17330 14906 2424
06/12 -10923 9620 1303
06/12 -11116 8201 2915
06/12 -7225 9277 -2052
07/12 -9150 8698 452
07/12 -4837 4338 499
07/12 172 -1208 1036
07/12 2522 -2432 -90
07/12 -22714 12449 10265
08/12 -32553 19122 13431
08/12 -45648 28593 17055
08/12 -74463 50867 23596
08/12 -83968 60936 23032
09/12 -87184 66555 20629
09/12 -129123 101860 27263
09/12 -138738 111881 26857
09/12 -136287 105346 30941
10/12 -129165 101176 27989
10/12 -121809 95628 26181
10/12 -119484 93750 25734
10/12 -107857 89088 18769
10/12 -99970 78771 21199
11/12 -91165 74762 16403
11/12 -82016 66119 15897
11/12 -74649 61446 13203
11/12 -78562 62379 16183
12/12 -79323 57071 22252
12/12 -86907 62533 24374
12/12 -101824 74278 27546
12/12 -88313 63352 24961
12/12 -88132 65926 22206
01/13 -90979 64005 26974
01/13 -99637 68668 30969
01/13 -86837 57952 28885
01/13 -40834 35057 5777
02/13 -32864 27761 5103
02/13 -31462 26565 4897
02/13 -20004 19379 625
02/13 29539 -21433 -8106
03/13 59171 -46663 -12508
03/13 67665 -53397 -14268
03/13 76642 -65331 -11311
03/13 71516 -62645 -8871
04/13 71125 -64544 -6581
04/13 78832 -71133 -7699
04/13 85843 -75913 -9930
04/13 83168 -71679 -11489
04/13 73887 -67848 -6039
05/13 51691 -51916 225
05/13 39114 -44417 5303
05/13 44128 -33852 -10276
05/13 49066 -33359 -15707
06/13 58007 -39776 -18231
06/13 48689 -35907 -12782
06/13 35220 -26087 -9133
06/13 24355 -10638 -13717
07/13 34170 -16250 -17920
07/13 41388 -23829 -17559
07/13 36810 -20043 -16767
07/13 28405 -16758 -11647
07/13 22382 -11434 -10948
08/13 20864 -10436 -10428
08/13 18628 -9081 -9547
08/13 20939 -9544 -11395
08/13 41187 -24959 -16228
09/13 49279 -34639 -14640
09/13 42413 -30942 -11471
09/13 22859 -18764 -4095
09/13 4208 -5675 1467
10/13 -1743 -955 2698
10/13 10273 -8663 -1610
10/13 16299 -10814 -5485
10/13 5526 -5364 -162
10/13 21521 -15237 -6284
11/13 25167 -18002 -7165
11/13 23532 -16092 -7440
11/13 23221 -16335 -6886
11/13 41002 -28780 -12222
12/13 56430 -41583 -14847
12/13 75430 -57514 -17916
12/13 81520 -65500 -16020
12/13 74109 -58432 -15677
12/13 73939 -57956 -15983
01/14 77670 -60542 -17128
01/14 84311 -67345 -16966
01/14 89804 -70327 -19477
01/14 76169 -62789 -13380
02/14 79252 -60300 -18952
02/14 73633 -58928 -14705
02/14 76670 -65000 -11670
02/14 67859 -58591 -9268
03/14 69874 -61096 -8778
03/14 62995 -52191 -10804
03/14 76337 -69805 -6532
03/14 49979 -33215 -16764
04/14 47728 -36994 -10734
04/14 42727 -34307 -8420
04/14 37842 -35426 -2416
04/14 36085 -35455 -630
04/14 30005 -30295 290
05/14 31716 -31600 -116
05/14 28786 -26037 -2749
05/14 30325 -26534 -3791
05/14 22069 -21810 -259
06/14 25590 -22731 -2859
06/14 28027 -24108 -3919
06/14 9311 -21533 12222
06/14 4540 -5320 780
07/14 -9323 2695 6628
07/14 -20698 10295 10403
07/14 -24024 15621 8403
07/14 -26406 20581 5825
07/14 -26875 22691 4184
08/14 -19784 21455 -1671
08/14 -13660 17998 -4338
08/14 -3342 7281 -3939
08/14 -3454 5663 -2209
09/14 -9374 9191 183
09/14 -6359 11630 -5271
09/14 3203 7544 -10747
09/14 6568 3064 -9632
09/14 14158 -4566 -9592
10/14 20631 -7452 -13179
10/14 29793 -16167 -13626
10/14 36770 -21534 -15236
10/14 34245 -21405 -12840
11/14 35667 -19415 -16252
11/14 36011 -21846 -14165
11/14 34953 -19517 -15436
11/14 29317 -16341 -12976
12/14 33272 -18389 -14883
12/14 30554 -14362 -16192
12/14 34186 -15694 -18492
12/14 29191 -12187 -17004
12/14 29959 -14033 -15926
01/15 34090 -17087 -17003
01/15 37655 -21179 -16476
01/15 45704 -29080 -16624
01/15 41155 -23963 -17192
02/15 44672 -27321 -17351
02/15 50503 -33333 -17170
02/15 48990 -32842 -16148
02/15 51460 -36245 -15215
03/15 51965 -38863 -13102
03/15 60796 -39030 -21766
03/15 55039 -32822 -22217
03/15 49483 -32656 -16827
03/15 44332 -29618 -14714
04/15 43578 -30019 -13559
04/15 42709 -30578 -12131
04/15 33596 -27051 -6545
04/15 24895 -20909 -3986
05/15 13563 -10080 -3483
05/15 693 -3982 3289
05/15 -1396 4348 -2952
05/15 -365 7333 -6968
06/15 12334 -1025 -11309
06/15 22678 -13745 -8933
06/15 22962 -12281 -10681
06/15 24406 -17579 -6827
06/15 30753 -23450 -7303
07/15 47453 -32268 -15185
07/15 60728 -40726 -20002
07/15 67331 -43568 -23763
07/15 81035 -56067 -24968
08/15 87720 -64180 -23540
08/15 89780 -67405 -22375
08/15 86078 -66794 -19284
08/15 80808 -59712 -21096
09/15 76574 -55119 -21455
09/15 68580 -48640 -19940
09/15 69332 -47083 -22249
09/15 57613 -38394 -19219
09/15 62891 -42235 -20656
10/15 51546 -35010 -16536
10/15 44722 -33949 -10773
10/15 34550 -27112 -7438
10/15 31969 -18895 -13074
11/15 32644 -19491 -13153
11/15 35602 -17907 -17695
11/15 49967 -28352 -21615
11/15 57148 -38617 -18531
12/15 58853 -38980 -19873
12/15 61977 -40138 -21839
12/15 71972 -51009 -20963
12/15 76749 -56027 -20722
12/15 80673 -60787 -19886
01/16 79735 -60130 -19605
01/16 78709 -59214 -19495
01/16 82481 -66386 -16095
01/16 81197 -66819 -14378
02/16 70420 -52420 -18000
02/16 59638 -51935 -7703
02/16 52387 -45085 -7302
02/16 43501 -36940 -6561
03/16 37575 -30478 -7097
03/16 27220 -25781 -1439
03/16 17153 -16826 -327
03/16 9659 -15009 5350
03/16 3659 -6180 2521
04/16 -6488 97 6391
04/16 -10102 2385 7717
04/16 -18065 7308 10757
04/16 -25684 11999 13685
05/16 -30745 18943 11802
05/16 -33890 25874 8016
05/16 -33527 22706 10821
05/16 -25595 20047 5548
05/16 -30322 26259 4063
06/16 -29402 21537 7865
06/16 -40910 18440 22470
06/16 -14134 2595 11539
06/16 -15439 7949 7490
07/16 -18148 11517 6631
07/16 -22521 17175 5346
07/16 -27679 22068 5611
07/16 -22944 23180 -236
08/16 -21877 17758 4119
08/16 -15537 15366 171
08/16 -22766 12473 10293
08/16 -31617 16734 14883
08/16 -34035 22400 11635
09/16 -30005 20905 9100
09/16 -18511 17058 1453
09/16 -13779 16303 -2524
09/16 18861 -11615 -7246
10/16 20364 -14077 -6287
10/16 19525 -11704 -7821
10/16 15506 -14298 -1208
10/16 21648 -13324 -8324
11/16 24770 -15960 -8810
11/16 30078 -21312 -8766
11/16 32534 -18599 -13935
11/16 29571 -17462 -12109
11/16 27182 -18576 -8606
12/16 22893 -18158 -4735
12/16 20121 -21869 1748
12/16 13942 -11754 -2188
12/16 8669 -1598 -7071
01/17 14171 -3871 -10300
01/17 11325 -7935 -3390
01/17 4856 -5456 600
01/17 -3042 2519 523
01/17 -9949 3472 6477
02/17 -18938 8550 10388
02/17 -28193 19340 8853
02/17 -32520 24584 7936
02/17 -37625 30090 7535
03/17 -28459 29220 -761
03/17 -12786 21458 -8672
03/17 32464 -24403 -8061
03/17 36441 -28217 -8224
04/17 38710 -30225 -8485
04/17 38595 -32334 -6261
04/17 42167 -33252 -8915
04/17 52745 -42642 -10103
05/17 61470 -47704 -13766
05/17 99276 -86215 -13061
05/17 108684 -98000 -10684
05/17 112104 -99109 -12995
05/17 109374 -98187 -11187
06/17 105838 -94501 -11337
06/17 98093 -88595 -9498
06/17 85766 -82881 -2885
06/17 47978 -49495 1517
07/17 32293 -39372 7079
07/17 -6631 -8604 15235
07/17 -22327 8043 14284
07/17 -41516 26613 14903
08/17 -61484 40638 20846
08/17 -84985 62821 22164
08/17 -69109 51349 17760
08/17 -66306 51099 15207
08/17 -68676 53167 15509
09/17 -71350 53644 17706
09/17 -74071 50499 23572
09/17 -79971 58846 21125
09/17 -96830 74605 22225
10/17 -97056 75128 21928
10/17 -97535 76392 21143
10/17 -95735 75086 20649
10/17 -89688 72332 17356
10/17 -71778 57839 13939
11/17 -61941 50889 11052
11/17 -57965 47335 10630
11/17 -62186 45125 17061
11/17 -61824 45658 16166
12/17 -56105 42466 13639
12/17 -53487 41960 11527
12/17 -55571 45901 9670
12/17 -30479 17346 13133
01/18 -30882 14739 16143
01/18 -41751 17461 24290
01/18 -40070 17556 22514
01/18 -46594 22557 24037
01/18 -57426 33465 23961
02/18 -60562 40164 20398
02/18 -50244 32529 17715
02/18 -42969 23127 19842
02/18 -38133 22220 15913
03/18 -22630 19565 3065
03/18 -23152 19420 3732
03/18 -21744 24560 -2816
03/18 32868 -27050 -5818
04/18 33118 -31872 -1246
04/18 31443 -31672 229
04/18 22890 -30324 7434
04/18 21850 -25144 3294
05/18 29245 -27535 -1710
05/18 27477 -23861 -3616
05/18 27423 -23656 -3767
05/18 23386 -26212 2826
05/18 18977 -15690 -3287
06/18 20361 -16039 -4322
06/18 20041 -14988 -5053
06/18 -6284 -14014 20298
06/18 40909 -32799 -8110
07/18 58151 -49448 -8703
07/18 59195 -52887 -6308
07/18 58541 -47484 -11057
07/18 49149 -44511 -4638
07/18 35104 -31569 -3535
08/18 29728 -24898 -4830
08/18 31283 -26198 -5085
08/18 26792 -27021 229
08/18 25410 -24789 -621
09/18 30574 -26307 -4267
09/18 34707 -26942 -7765
09/18 57484 -30111 -27373
09/18 16531 -19532 3001
10/18 10287 -18484 8197
10/18 8203 -12145 3942
10/18 6874 -11019 4145
10/18 8158 -7228 -930
10/18 8472 -9655 1183
11/18 921 -2632 1711
11/18 5898 -2791 -3107
11/18 11274 -6289 -4985
11/18 15596 -8630 -6966
12/18 19305 -12936 -6369
12/18 22315 -11669 -10646
12/18 38481 -7457 -31024
12/18 53097 -44692 -8405
12/18 59590 -50649 -8941
01/19 77214 -66002 -11212
01/19 65063 -59524 -5539
01/19 62744 -56096 -6648
01/19 64095 -56390 -7705
02/19 47576 -42037 -5539
02/19 43404 -37537 -5867
02/19 41782 -36437 -5345
02/19 44461 -39177 -5284
03/19 48572 -40444 -8128
03/19 52533 -41053 -11480
03/19 61991 -47774 -14217
03/19 49259 -39571 -9688
04/19 51113 -44323 -6790
04/19 47087 -43202 -3885
04/19 55321 -49162 -6159
04/19 55803 -47493 -8310
04/19 56061 -46745 -9316
05/19 52898 -46115 -6783
05/19 53406 -47588 -5818
05/19 45115 -42236 -2879
05/19 44310 -39423 -4887
06/19 43359 -41759 -1600
06/19 26671 -32840 6169
06/19 2800 -38071 35271
06/19 2567 -14790 12223
07/19 -19773 6293 13480
07/19 -25573 9226 16347
07/19 -42224 20964 21260
07/19 -46639 30750 15889
07/19 -38323 21722 16601
08/19 -31695 24166 7529
08/19 -25173 14200 10973
08/19 -20313 13037 7276
08/19 -19414 10905 8509
09/19 -10571 5349 5222
09/19 -25867 11523 14344
09/19 -27744 19823 7921
09/19 -10444 4592 5852
10/19 -13456 6327 7129
10/19 -5882 5313 569
10/19 -22725 12961 9764
10/19 -48620 33393 15227
10/19 -63451 43589 19862
11/19 -73077 54002 19075
11/19 -56829 42373 14456
11/19 -41642 28865 12777
11/19 -32216 20344 11872
12/19 -30228 21471 8757
12/19 -31852 20741 11111
12/19 -35517 11191 24326
12/19 -30579 8497 22082
12/19 -40049 11913 28136
01/20 -49523 26367 23156
01/20 -60100 32852 27248
01/20 -60750 38294 22456
01/20 -50732 34590 16142
02/20 -37586 18563 19023
02/20 -19295 9705 9590
02/20 -14504 7817 6687
02/20 -21947 14624 7323
03/20 -17256 10579 6677
03/20 290 -1990 1700
03/20 24588 -9623 -14965
03/20 31320 -29245 -2075
03/20 26610 -21929 -4681
04/20 29487 -24433 -5054
04/20 31363 -23760 -7603
04/20 33923 -23891 -10032
04/20 35829 -29044 -6785
05/20 35568 -32052 -3516
05/20 37530 -32246 -5284
05/20 36924 -35056 -1868
05/20 36074 -33954 -2120
06/20 32240 -33138 898
06/20 25110 -24829 -281
06/20 24363 -25486 1123
06/20 18097 -20834 2737
06/20 19029 -20519 1490
07/20 17880 -16818 -1062
07/20 19360 -19775 415
07/20 9591 -16698 7107
07/20 4433 -12496 8063
08/20 13473 -23195 9722
08/20 17687 -29547 11860
08/20 21305 -33587 12282
08/20 17669 -29318 11649
09/20 9761 -27006 17245
09/20 3721 -17355 13634
09/20 -13520 -16943 30463
09/20 4975 -18882 13907
09/20 7209 -18948 11739
10/20 10700 -18047 7347
10/20 2521 -13564 11043
10/20 6457 -19075 12618
10/20 4477 -18069 13592
11/20 7119 -20686 13567
11/20 -93 -21349 21442
11/20 -493 -20359 20852
11/20 -4466 -16846 21312
12/20 -4938 -21243 26181
12/20 -7739 -20738 28477
12/20 -15090 -15716 30806
12/20 -37339 10085 27254
12/20 -41316 15368 25948
01/21 -38259 14524 23735
01/21 -34068 12073 21995
01/21 -31770 10326 21444
01/21 -40347 13770 26577
02/21 -39258 16096 23162
02/21 -35655 9528 26127
02/21 -33588 8164 25424
02/21 -40921 9132 31789
03/21 -47100 15327 31773
03/21 -42617 10981 31636
03/21 -29275 10263 19012
03/21 -31619 5103 26516
03/21 -34051 6518 27533
04/21 -29421 2690 26731
04/21 -28345 2406 25939
04/21 -41150 13246 27904
04/21 -46705 15722 30983
05/21 -60705 25947 34758
05/21 -66249 38629 27620
05/21 -74978 46112 28866
05/21 -75535 44811 30724
06/21 -82481 48772 33709
06/21 -77183 45281 31902
06/21 -72921 44254 28667
06/21 -66690 43225 23465
06/21 -70782 45801 24981
07/21 -66667 41178 25489
07/21 -50450 26376 24074
07/21 -25876 12915 12961
07/21 -21242 5374 15868
08/21 -23089 7460 15629
08/21 -22171 6465 15706
08/21 -14642 2660 11982
08/21 -14735 5877 8858
08/21 -4102 -2848 6950
09/21 -6081 -6010 12091
09/21 1424 -9283 7859
09/21 18854 -27877 9023
09/21 14833 -20235 5402
10/21 15455 -26866 11411
10/21 11728 -27860 16132
10/21 -7837 -10924 18761
10/21 -26629 3320 23309
11/21 -27441 4162 23279
11/21 -26608 5104 21504
11/21 -26717 8709 18008
11/21 -11397 -3135 14532
11/21 9851 -14075 4224
12/21 6137 -9358 3221
12/21 -2059 -13128 15187
12/21 7440 -9877 2437
12/21 7167 -10334 3167
01/22 8542 -11025 2483
01/22 1996 -7376 5380
01/22 -13723 7492 6231
01/22 -19581 12317 7264
02/22 -25622 18264 7358
02/22 -16958 14886 2072
02/22 -15116 12170 2946
02/22 -14143 9253 4890
03/22 -21586 14140 7446
03/22 -15494 7646 7848
03/22 -13145 17740 -4595
03/22 -7565 -4940 12505
03/22 -15518 -1535 17053
04/22 -30414 6923 23491
04/22 -33450 12158 21292
04/22 -39338 21226 18112
04/22 -30481 20881 9600
05/22 -12959 9029 3930
05/22 2939 -5407 2468
05/22 12591 -14496 1905
05/22 6933 -12687 5754
05/22 -327 -7007 7334
06/22 -13401 -1062 14463
06/22 -30284 23202 7082
06/22 -6578 4105 2473
06/22 -12247 9097 3150
07/22 -4533 4293 240
07/22 -4653 3505 1148
07/22 -8746 6667 2079
07/22 -22197 15769 6428
08/22 -30407 20277 10130
08/22 -29743 21223 8520
08/22 -32129 26867 5262
08/22 -29683 23227 6456
08/22 -29039 24179 4860
09/22 -18916 17910 1006
09/22 -13476 12425 1051
09/22 892 2056 -2948
09/22 21707 -17666 -4041
10/22 17947 -21407 3460
10/22 27366 -25672 -1694
10/22 25103 -20573 -4530
10/22 18053 -18155 102
11/22 19275 -17649 -1626
11/22 17930 -18464 534
11/22 14229 -12920 -1309
11/22 12664 -11672 -992
11/22 13951 -16116 2165
12/22 22905 -22090 -815
12/22 24924 -27248 2324
12/22 22986 -26961 3975
12/22 28426 -30033 1607
01/23 24541 -26766 2225
01/23 27265 -30955 3690
01/23 27488 -27259 -229
01/23 29159 -30712 1553
01/23 27637 -30184 2547
02/23 31946 -33091 1145
02/23 36358 -35494 -864
02/23 39753 -37503 -2250
02/23 38460 -36074 -2386
03/23 39469 -29202 -10267
03/23 36369 -31715 -4654
03/23 64449 -56821 -7628
03/23 63417 -56825 -6592
04/23 58148 -58509 361
04/23 58205 -56579 -1626
04/23 42194 -46233 4039
04/23 45878 -43791 -2087
05/23 56587 -50096 -6491
05/23 41957 -42263 306
05/23 44533 -42990 -1543
05/23 49140 -48526 -614
05/23 39037 -29914 -9123
06/23 38456 -38329 -127
06/23 29376 -36668 7292
06/23 18758 -33543 14785
06/23 -16734 -2847 19581
07/23 -18815 4527 14288
07/23 -14026 4444 9582
07/23 -12991 521 12470
07/23 -22096 5530 16566
08/23 -23269 6365 16904
08/23 -4617 -623 5240
08/23 13769 -11411 -2358
08/23 16133 -12070 -4063
08/23 17939 -15761 -2178
09/23 29461 -24963 -4498
09/23 49275 -41883 -7392
09/23 48804 -48027 -777
09/23 29819 -32696 2877
10/23 38581 -40151 1570
10/23 48420 -46489 -1931
10/23 50106 -48539 -1567
10/23 53600 -48639 -4961
10/23 56052 -49332 -6720
11/23 72568 -67721 -4847
11/23 77698 -70403 -7295
11/23 70083 -65440 -4643
11/23 67537 -63242 -4295
12/23 63290 -57848 -5442
12/23 61193 -55245 -5948
12/23 50577 -54333 3756
12/23 23948 -34721 10773
01/24 8320 -21131 12811
01/24 -1787 -7380 9167
01/24 4928 -13388 8460
01/24 3161 -8451 5290
01/24 -4200 -2388 6588
02/24 4412 -7736 3324
02/24 6958 -5482 -1476
02/24 1345 -863 -482
02/24 -573 -1378 1951
03/24 23567 -19837 -3730
03/24 30296 -30874 578
03/24 41437 -37148 -4289
03/24 54477 -50290 -4187
04/24 52481 -51223 -1258
04/24 58340 -53385 -4955
04/24 91572 -82815 -8757
04/24 84462 -76450 -8012
04/24 70490 -63201 -7289
05/24 71845 -69221 -2624
05/24 78220 -80303 2083
05/24 91857 -90824 -1033
05/24 90353 -86585 -3768
06/24 99904 -91639 -8265
06/24 138061 -129493 -8568
06/24 158379 -147931 -10448
06/24 126330 -122412 -3918
07/24 124503 -120352 -4151
07/24 113308 -111212 -2096
07/24 137579 -132473 -5106
07/24 168664 -161603 -7061
07/24 203786 -196263 -7523
08/24 185438 -181632 -3806
08/24 180958 -179611 -1347
08/24 167006 -164410 -2596
08/24 106144 -110002 3858
09/24 62013 -68544 6531
09/24 66918 -68953 2035
09/24 68061 -73150 5089
09/24 59746 -65589 5843
10/24 60168 -70003 9835
10/24 86230 -89151 2921
10/24 123906 -122393 -1513
01/24 8320 -21131 12811
01/24 -1787 -7380 9167
01/24 4928 -13388 8460
01/24 3161 -8451 5290
01/24 -4200 -2388 6588
02/24 4412 -7736 3324
02/24 6958 -5482 -1476
02/24 1345 -863 -482
02/24 -573 -1378 1951
03/24 23567 -19837 -3730
03/24 30296 -30874 578
03/24 41437 -37148 -4289
03/24 54477 -50290 -4187
04/24 52481 -51223 -1258
04/24 58340 -53385 -4955
04/24 91572 -82815 -8757
04/24 84462 -76450 -8012
04/24 70490 -63201 -7289
05/24 71845 -69221 -2624
05/24 78220 -80303 2083
05/24 91857 -90824 -1033
05/24 90353 -86585 -3768
06/24 99904 -91639 -8265
06/24 138061 -129493 -8568
06/24 158379 -147931 -10448
06/24 126330 -122412 -3918
07/24 124503 -120352 -4151
07/24 113308 -111212 -2096
07/24 137579 -132473 -5106
07/24 168664 -161603 -7061
07/24 203786 -196263 -7523
08/24 185438 -181632 -3806
08/24 180958 -179611 -1347
08/24 167006 -164410 -2596
08/24 106144 -110002 3858
09/24 62013 -68544 6531
09/24 66918 -68953 2035
09/24 68061 -73150 5089
09/24 59746 -65589 5843
10/24 60168 -70003 9835
10/24 86230 -89151 2921
10/24 123906 -122393 -1513
10/24 148695 -140631 -8064
