09/07 -27929 23819 4110
09/07 -29592 24967 4625
09/07 -32720 27189 5531
09/07 -45313 39296 6017
10/07 -52603 45253 7350
10/07 -46706 40363 6343
10/07 -42206 37113 5093
10/07 -39541 36044 3497
10/07 -42531 37885 4646
11/07 -49602 45213 4389
11/07 -48682 43808 4874
11/07 -52383 46182 6201
11/07 -53171 46083 7088
12/07 -56182 48305 7877
12/07 -58602 50330 8272
12/07 -60947 53174 7773
12/07 -62577 55042 7535
12/07 -63345 55521 7824
01/08 -67400 58059 9341
01/08 -71582 62501 9081
01/08 -64181 57444 6737
01/08 -63776 56811 6965
02/08 -68333 62524 5809
02/08 -64453 61286 3167
02/08 -66965 59682 7283
02/08 -62791 54579 8212
03/08 -60446 52135 8311
03/08 -57351 49369 7982
03/08 -49973 43256 6717
03/08 -41996 35572 6424
04/08 -39010 33152 5858
04/08 -39531 33647 5884
04/08 -42332 37270 5062
04/08 -40564 35895 4669
04/08 -41474 36145 5329
05/08 -37918 32198 5720
05/08 -35417 29640 5777
05/08 -32783 26073 6710
05/08 -30924 24018 6906
06/08 -30864 27447 3417
06/08 -35751 31477 4274
06/08 -38425 34000 4425
06/08 -40200 35776 4424
07/08 -43967 38864 5103
07/08 -35850 32824 3026
07/08 -34890 27239 7651
07/08 -30811 24022 6789
07/08 -27040 19101 7939
08/08 -24155 18063 6092
08/08 -22322 16983 5339
08/08 -12735 11652 1083
08/08 -19089 12780 6309
09/08 -18451 11803 6648
09/08 -14262 8971 5291
09/08 -12092 8424 3668
09/08 -14186 9823 4363
09/08 -13899 10815 3084
10/08 -7914 5868 2046
10/08 -3860 3854 6
10/08 623 -120 -503
10/08 -187 1496 -1309
11/08 -1638 2336 -698
11/08 -4786 5854 -1068
11/08 -8769 9021 -252
11/08 -10062 9698 364
12/08 -9795 9775 20
12/08 -11490 10209 1281
12/08 -17963 15333 2630
12/08 -21987 18965 3022
12/08 -23407 20109 3298
01/09 -24832 20856 3976
01/09 -24293 21154 3139
01/09 -21642 18522 3120
01/09 -24751 21119 3632
02/09 -28259 22854 5405
02/09 -29416 23986 5430
02/09 -26966 22376 4590
02/09 -23176 19687 3489
03/09 -19536 18163 1373
03/09 -18966 18809 157
03/09 -20769 19555 1214
03/09 -22868 19889 2979
03/09 -25866 22364 3502
04/09 -28715 24555 4160
04/09 -25561 23738 1823
04/09 -21305 19333 1972
04/09 -19812 18834 978
05/09 -16324 15679 645
05/09 -15444 13814 1630
05/09 -12443 11903 540
05/09 -11214 9984 1230
06/09 -19037 14765 4272
06/09 -27128 20894 6234
06/09 -29877 24445 5432
06/09 -24875 21829 3046
06/09 -22242 19049 3193
07/09 -21051 18587 2464
07/09 -22027 17176 4851
07/09 -25439 19582 5857
07/09 -28477 23455 5022
08/09 -29611 24309 5302
08/09 -27811 21746 6065
08/09 -28306 24858 3448
08/09 -31888 26026 5862
09/09 -30666 25509 5157
09/09 -32406 26497 5909
09/09 -34831 27544 7287
09/09 -33064 26677 6387
09/09 -33049 27198 5851
10/09 -34661 28373 6288
10/09 -35314 28393 6921
10/09 -35497 28005 7492
10/09 -38184 30887 7297
11/09 -40771 34147 6624
11/09 -41316 34719 6597
11/09 -37917 32059 5858
11/09 -41626 35295 6331
12/09 -44572 38038 6534
12/09 -45644 39944 5700
12/09 -47825 41208 6617
12/09 -45971 40069 5902
12/09 -45384 39935 5449
01/10 -44123 37268 6855
01/10 -42651 35979 6672
01/10 -48871 41260 7611
01/10 -49897 44739 5158
02/10 -43055 40804 2251
02/10 -33891 31677 2214
02/10 -28703 27729 974
02/10 -29310 28506 804
03/10 -27719 27229 490
03/10 -20682 21432 -750
03/10 -19889 20560 -671
03/10 -22374 22341 33
03/10 -22998 21802 1196
04/10 -22700 21666 1034
04/10 -22786 23404 -618
04/10 -27676 26969 707
04/10 -33265 31817 1448
05/10 -35701 33535 2166
05/10 -34737 33343 1394
05/10 -27104 26699 405
05/10 -26044 26119 -75
06/10 -26408 25461 947
06/10 -29340 28856 484
06/10 -27917 27187 730
06/10 -28174 26471 1703
06/10 -30753 27879 2874
07/10 -30303 28022 2281
07/10 -29269 26551 2718
07/10 -32168 29005 3163
07/10 -25922 24138 1784
08/10 -28627 25484 3143
08/10 -21919 19790 2129
08/10 -14023 13434 589
08/10 -6864 8092 -1228
08/10 2761 -1639 -1122
09/10 6180 -5948 -232
09/10 8586 -8923 337
09/10 5509 -6991 1482
09/10 4490 -6781 2291
10/10 7109 -8628 1519
10/10 5198 -7393 2195
10/10 5638 -6381 743
10/10 2132 -5450 3318
11/10 3586 -6129 2543
11/10 5113 -8265 3152
11/10 7729 -7886 157
11/10 -1403 -39 1442
11/10 -1662 -522 2184
12/10 -12755 9341 3414
12/10 -13544 10499 3045
12/10 -14754 11649 3105
12/10 -18265 13136 5129
01/11 -18881 15158 3723
01/11 -16009 13280 2729
01/11 -18561 15475 3086
01/11 -24456 18547 5909
02/11 -29841 21951 7890
02/11 -32951 25192 7759
02/11 -34191 26919 7272
02/11 -36942 29287 7655
03/11 -38511 30437 8074
03/11 -41808 33243 8565
03/11 -35632 28588 7044
03/11 -32012 24113 7899
03/11 -29494 22673 6821
04/11 -23863 18736 5127
04/11 -22684 18615 4069
04/11 -21827 17863 3964
04/11 -21898 17746 4152
05/11 -23995 17414 6581
05/11 -21526 17506 4020
05/11 -14044 10231 3813
05/11 -12063 9511 2552
05/11 -9605 8093 1512
06/11 -6136 4805 1331
06/11 -7407 6313 1094
06/11 -10222 9882 340
06/11 -14794 14352 442
07/11 -20928 18329 2599
07/11 -23290 20016 3274
07/11 -23455 18539 4916
07/11 -19554 16001 3553
08/11 -13012 11509 1503
08/11 -9641 9202 439
08/11 -4248 5655 -1407
08/11 -10910 9338 1572
08/11 -14965 12533 2432
09/11 -16450 14800 1650
09/11 -10854 9790 1064
09/11 115 861 -976
09/11 4137 -3087 -1050
10/11 5805 -2711 -3094
10/11 2063 228 -2291
10/11 2337 30 -2367
10/11 1519 59 -1578
11/11 -5990 6104 -114
11/11 2554 -1209 -1345
11/11 3531 -2174 -1357
11/11 5947 -4000 -1947
11/11 7633 -5970 -1663
12/11 7949 -7821 -128
12/11 9827 -9167 -660
12/11 10252 -8542 -1710
12/11 9463 -7603 -1860
01/12 8488 -7743 -745
01/12 8714 -9720 1006
01/12 8597 -7962 -635
01/12 5733 -6213 480
01/12 3116 -2173 -943
02/12 9006 -8669 -337
02/12 13302 -12150 -1152
02/12 9342 -8676 -666
02/12 4494 -4387 -107
03/12 6790 -6001 -789
03/12 2441 -3830 1389
03/12 6320 -5694 -626
03/12 2515 -3174 659
04/12 9786 -8582 -1204
04/12 16729 -14954 -1775
04/12 18028 -16310 -1718
04/12 14029 -13731 -298
05/12 10942 -11145 203
05/12 5896 -6223 327
05/12 6026 -5711 -315
05/12 9000 -7937 -1063
05/12 10488 -8035 -2453
06/12 14505 -10878 -3627
06/12 6683 -5691 -992
06/12 2580 -1680 -900
06/12 6264 -4677 -1587
07/12 -11453 8731 2722
07/12 -15023 13324 1699
07/12 -9816 10799 -983
07/12 -8247 8845 -598
07/12 -18354 15723 2631
08/12 -24970 19579 5391
08/12 -27928 21975 5953
08/12 -26526 20849 5677
08/12 -31100 24013 7087
09/12 -41844 33618 8226
09/12 -47010 37620 9390
09/12 -41943 33259 8684
09/12 -43850 35389 8461
10/12 -42354 34871 7483
10/12 -40687 33810 6877
10/12 -39637 34910 4727
10/12 -42367 35233 7134
10/12 -40031 34564 5467
11/12 -40281 34056 6225
11/12 -34505 31525 2980
11/12 -44229 39011 5218
11/12 -50873 43354 7519
12/12 -57178 47629 9549
12/12 -53271 46563 6708
12/12 -53993 46714 7279
12/12 -45815 42771 3044
12/12 -43079 41239 1840
01/13 -36800 34950 1850
01/13 -34446 31971 2475
01/13 -30686 28574 2112
01/13 -25591 24995 596
02/13 -23392 21806 1586
02/13 -23065 22145 920
02/13 -22639 22739 -100
02/13 -20261 19900 361
03/13 -19442 19560 -118
03/13 -20625 19513 1112
03/13 -18314 18390 -76
03/13 -20679 19405 1274
04/13 -21416 19934 1482
04/13 -23122 20222 2900
04/13 -30298 29427 871
04/13 -41950 38348 3602
04/13 -51473 46858 4615
05/13 -60043 52825 7218
05/13 -59677 52549 7128
05/13 -58756 51168 7588
05/13 -57055 50907 6148
06/13 -53936 50721 3215
06/13 -59058 53117 5941
06/13 -54933 51954 2979
06/13 -46960 45524 1436
07/13 -40858 40139 719
07/13 -29147 28573 574
07/13 -35882 32321 3561
07/13 -43876 39680 4196
07/13 -45177 40940 4237
08/13 -50164 42711 7453
08/13 -59085 50214 8871
08/13 -64072 55408 8664
08/13 -63934 57383 6551
09/13 -65667 59198 6469
09/13 -72137 63888 8249
09/13 -74199 65843 8356
09/13 -75841 67631 8210
10/13 -76904 69152 7752
10/13 -78168 69354 8814
10/13 -80055 70756 9299
10/13 -81185 71404 9781
10/13 -81013 72193 8820
11/13 -93039 84106 8933
11/13 -83910 77049 6861
11/13 -85647 76293 9354
11/13 -87086 77885 9201
12/13 -89455 79255 10200
12/13 -92972 84278 8694
12/13 -94029 84882 9147
12/13 -96330 86131 10199
12/13 -91878 84828 7050
01/14 -86628 80511 6117
01/14 -86039 78797 7242
01/14 -85081 78898 6183
01/14 -93195 83628 9567
02/14 -95414 87178 8236
02/14 -93883 85023 8860
02/14 -94339 85495 8844
02/14 -92148 83955 8193
03/14 -92353 83592 8761
03/14 -91516 80598 10918
03/14 -88433 78727 9706
03/14 -83134 74462 8672
04/14 -82115 73571 8544
04/14 -80728 71452 9276
04/14 -79246 70877 8369
04/14 -80413 70687 9726
04/14 -71796 63922 7874
05/14 -68479 61629 6850
05/14 -63974 57810 6164
05/14 -63553 56647 6906
05/14 -71473 64489 6984
06/14 -78097 69095 9002
06/14 -78620 71317 7303
06/14 -82766 73991 8775
06/14 -82932 74278 8654
07/14 -82596 72952 9644
07/14 -81915 71907 10008
07/14 -80373 70173 10200
07/14 -80933 70990 9943
07/14 -81008 70494 10514
08/14 -90008 79918 10090
08/14 -90489 81137 9352
08/14 -88408 80300 8108
08/14 -88022 79301 8721
09/14 -89939 82025 7914
09/14 -88240 81654 6586
09/14 -83556 77749 5807
09/14 -87802 80783 7019
09/14 -89972 83425 6547
10/14 -75273 70396 4877
10/14 -70203 64424 5779
10/14 -66340 60546 5794
10/14 -56823 53468 3355
11/14 -53072 51171 1901
11/14 -46725 43868 2857
11/14 -44559 44082 477
11/14 -51418 50084 1334
12/14 -49940 48490 1450
12/14 -50982 46861 4121
12/14 -54668 49726 4942
12/14 -63763 57921 5842
12/14 -65019 59052 5967
01/15 -66449 62394 4055
01/15 -74214 66513 7701
01/15 -73501 68210 5291
01/15 -52426 52574 -148
02/15 -41406 42140 -734
02/15 -40355 39172 1183
02/15 -48567 46768 1799
02/15 -62346 57132 5214
03/15 -64572 58868 5704
03/15 -65314 61092 4222
03/15 -50946 50411 535
03/15 -38930 36629 2301
03/15 -34891 31841 3050
04/15 -28437 25982 2455
04/15 -33394 29582 3812
04/15 -36327 34824 1503
04/15 -41664 37289 4375
05/15 -41087 35723 5364
05/15 -48716 42233 6483
05/15 -60314 53140 7174
05/15 -67403 59122 8281
06/15 -69666 60546 9120
06/15 -72478 64685 7793
06/15 -74641 65222 9419
06/15 -77722 67384 10338
06/15 -80780 70063 10717
07/15 -81582 72988 8594
07/15 -83283 72314 10969
07/15 -82835 73553 9282
07/15 -77527 71894 5633
08/15 -73757 68571 5186
08/15 -54525 49339 5186
08/15 -50353 44733 5620
08/15 -47797 42728 5069
09/15 -50624 45660 4964
09/15 -56414 50080 6334
09/15 -59359 52237 7122
09/15 -60759 53235 7524
09/15 -61594 55485 6109
10/15 -55765 49119 6646
10/15 -48843 42189 6654
10/15 -49558 42531 7027
10/15 -48688 42324 6364
11/15 -56646 48385 8261
11/15 -62113 54423 7690
11/15 -75148 67739 7409
11/15 -75472 68478 6994
12/15 -75795 67740 8055
12/15 -77265 71066 6199
12/15 -77919 72063 5856
12/15 -70081 64810 5271
12/15 -69488 63205 6283
01/16 -64541 59351 5190
01/16 -46693 43448 3245
01/16 -39842 37654 2188
01/16 -40340 38686 1654
02/16 -38029 36082 1947
02/16 -32953 31454 1499
02/16 -30617 29520 1097
02/16 -35051 32998 2053
03/16 -38119 34696 3423
03/16 -40823 36391 4432
03/16 -44786 39596 5190
03/16 -46856 41163 5693
03/16 -44535 40805 3730
04/16 -41208 39455 1753
04/16 -40689 37632 3057
04/16 -48052 42969 5083
04/16 -58236 52506 5730
05/16 -65786 59768 6018
05/16 -65416 60698 4718
05/16 -59378 54365 5013
05/16 -41862 37431 4431
05/16 -37253 32061 5192
06/16 -40993 35118 5875
06/16 -48713 43591 5122
06/16 -48614 44201 4413
06/16 -49174 44391 4783
07/16 -53738 48930 4808
07/16 -55800 50056 5744
07/16 -55977 51107 4870
07/16 -38210 37132 1078
08/16 -35960 32998 2962
08/16 -25396 22377 3019
08/16 -34245 30646 3599
08/16 -46111 42245 3866
08/16 -43052 39958 3094
09/16 -37888 34947 2941
09/16 -21997 20653 1344
09/16 -18912 17171 1741
09/16 -25261 23180 2081
10/16 -25368 22553 2815
10/16 -25626 25093 533
10/16 -32757 30646 2111
10/16 -35202 32554 2648
11/16 -35922 34662 1260
11/16 -26318 23577 2741
11/16 -17229 15397 1832
11/16 -11436 8132 3304
11/16 -12223 10033 2190
12/16 -9312 7839 1473
12/16 463 -1415 952
12/16 250 -2278 2028
12/16 214 -1613 1399
01/17 -369 -1818 2187
01/17 -1213 -2363 3576
01/17 -5521 830 4691
01/17 -1963 -3337 5300
01/17 181 -5625 5444
02/17 9958 -16432 6474
02/17 10031 -16628 6597
02/17 10024 -16225 6201
02/17 15173 -23091 7918
03/17 15795 -24513 8718
03/17 11624 -19467 7843
03/17 5307 -12393 7086
03/17 1781 -7523 5742
04/17 -3821 -3314 7135
04/17 7284 -14751 7467
04/17 12786 -21705 8919
04/17 14631 -23383 8752
05/17 22375 -31112 8737
05/17 23290 -30747 7457
05/17 20096 -25676 5580
05/17 15727 -19404 3677
05/17 14226 -19468 5242
06/17 16603 -20807 4204
06/17 14753 -22393 7640
06/17 19226 -25057 5831
06/17 31486 -38256 6770
07/17 31836 -38163 6327
07/17 34091 -42951 8860
07/17 38216 -46277 8061
07/17 34023 -40834 6811
08/17 22825 -28617 5792
08/17 16004 -21098 5094
08/17 22109 -28376 6267
08/17 31555 -39623 8068
08/17 29323 -37409 8086
09/17 32695 -40240 7545
09/17 28942 -37696 8754
09/17 22740 -30521 7781
09/17 18636 -25082 6446
10/17 11078 -18935 7857
10/17 6885 -13526 6641
10/17 4383 -10757 6374
10/17 -5774 -703 6477
10/17 -9478 1385 8093
11/17 -14778 5852 8926
11/17 -26543 16835 9708
11/17 -23340 13266 10074
11/17 -22667 13170 9497
12/17 -15187 7766 7421
12/17 -6338 -3500 9838
12/17 -3899 -6399 10298
12/17 -2595 -8067 10662
01/18 -8455 -2427 10882
01/18 -10680 -392 11072
01/18 -10821 867 9954
01/18 -17042 7917 9125
01/18 -22748 13861 8887
02/18 -26558 18374 8184
02/18 -25338 17867 7471
02/18 -33836 26691 7145
02/18 -36932 30396 6536
03/18 -39860 32150 7710
03/18 -46437 39966 6471
03/18 -46292 40724 5568
03/18 -48732 41918 6814
04/18 -48373 42018 6355
04/18 -51872 45570 6302
04/18 -54859 49707 5152
04/18 -60159 54982 5177
05/18 -59219 53470 5749
05/18 -59702 53948 5754
05/18 -62520 57387 5133
05/18 -61295 55756 5539
05/18 -61923 56118 5805
06/18 -57460 51693 5767
06/18 -51003 45478 5525
06/18 -50110 43837 6273
06/18 -51449 45683 5766
07/18 -50727 45418 5309
07/18 -53143 46743 6400
07/18 -48446 44296 4150
07/18 -35618 32277 3341
07/18 -28220 26331 1889
08/18 -13123 11869 1254
08/18 -6078 4679 1399
08/18 -8489 6118 2371
08/18 -12747 10643 2104
09/18 -10772 8018 2754
09/18 -14579 12617 1962
09/18 -11223 9771 1452
09/18 -4366 2510 1856
10/18 10100 -9589 -511
10/18 18825 -19876 1051
10/18 14562 -16160 1598
10/18 12552 -13827 1275
10/18 8397 -10157 1760
11/18 -3863 1104 2759
11/18 -6197 3990 2207
11/18 -6299 4300 1999
11/18 -5644 2905 2739
12/18 -10972 7152 3820
12/18 -10018 6827 3191
12/18 -19319 15362 3957
12/18 -20211 16767 3444
12/18 -28859 25175 3684
01/19 -30920 27494 3426
01/19 -31603 28568 3035
01/19 -28485 25743 2742
01/19 -29963 27076 2887
02/19 -17212 14456 2756
02/19 -14176 11837 2339
02/19 -18274 15347 2927
02/19 -10352 9072 1280
03/19 4664 -4185 -479
03/19 11978 -11234 -744
03/19 17186 -16914 -272
03/19 23628 -25568 1940
04/19 13040 -15751 2711
04/19 -6631 5956 675
04/19 -5059 3670 1389
04/19 -1666 -253 1919
04/19 489 -2233 1744
05/19 314 -359 45
05/19 -7770 5805 1965
05/19 -24440 22317 2123
05/19 -37903 32417 5486
06/19 -34204 30923 3281
06/19 -44028 38835 5193
06/19 -48695 43327 5368
06/19 -50557 45294 5263
07/19 -51706 46776 4930
07/19 -61832 56286 5546
07/19 -50447 45512 4935
07/19 -56315 51497 4818
07/19 -52259 47028 5231
08/19 -36233 31767 4466
08/19 -16054 12488 3566
08/19 1922 -4346 2424
08/19 7396 -10436 3040
09/19 13781 -15750 1969
09/19 14502 -18004 3502
09/19 690 -4267 3577
09/19 -17004 14312 2692
10/19 -34139 31310 2829
10/19 -32547 30035 2512
10/19 -35452 33132 2320
10/19 -35303 32187 3116
10/19 -39080 34908 4172
11/19 -41944 38260 3684
11/19 -52554 48443 4111
11/19 -62596 58293 4303
11/19 -66801 62923 3878
12/19 -63356 59370 3986
12/19 -64303 59699 4604
12/19 -61929 58517 3412
12/19 -45253 41806 3447
12/19 -43100 38755 4345
01/20 -45917 41625 4292
01/20 -49673 44725 4948
01/20 -62560 56881 5679
01/20 -70620 66058 4562
02/20 -76363 72943 3420
02/20 -88294 84066 4228
02/20 -86464 83940 2524
02/20 -86033 83545 2488
03/20 -75456 73970 1486
03/20 -59408 56182 3226
03/20 -33977 30801 3176
03/20 -19284 15966 3318
03/20 -10769 6215 4554
04/20 -8592 3064 5528
04/20 -4602 -306 4908
04/20 -6019 1668 4351
04/20 -6503 1722 4781
05/20 -8587 3897 4690
05/20 -8920 5006 3914
05/20 -9864 5095 4769
05/20 -7400 2446 4954
06/20 -9999 5504 4495
06/20 -10887 6304 4583
06/20 -4268 2154 2114
06/20 -3983 213 3770
06/20 -2982 -127 3109
07/20 6820 -10162 3342
07/20 12590 -17038 4448
07/20 10227 -15531 5304
07/20 -1440 -4115 5555
08/20 -20523 14769 5754
08/20 -30766 26163 4603
08/20 -30473 25974 4499
08/20 -33484 27642 5842
09/20 -39554 34129 5425
09/20 -37890 33425 4465
09/20 -47319 42371 4948
09/20 -39303 34459 4844
09/20 -41868 37120 4748
10/20 -31441 28106 3335
10/20 -21561 17012 4549
10/20 -18307 13928 4379
10/20 -25478 20449 5029
11/20 -10277 6908 3369
11/20 -11435 7604 3831
11/20 -21440 16362 5078
11/20 -39566 34465 5101
12/20 -40396 35147 5249
12/20 -38165 32379 5786
12/20 -40476 34575 5901
12/20 -38635 32192 6443
12/20 -39187 32406 6781
01/21 -41504 34426 7078
01/21 -41756 35610 6146
01/21 -41851 35500 6351
01/21 -37865 30994 6871
02/21 -40889 33643 7246
02/21 -36098 28694 7404
02/21 -33361 26165 7196
02/21 -33558 25602 7956
03/21 -46423 38378 8045
03/21 -50956 44721 6235
03/21 -50579 44756 5823
03/21 -45189 40658 4531
03/21 -29523 24498 5025
04/21 -29976 25372 4604
04/21 -33279 29252 4027
04/21 -33696 29415 4281
04/21 -35781 29968 5813
05/21 -22107 17396 4711
05/21 -30628 24174 6454
05/21 -35310 31239 4071
05/21 -28187 24303 3884
06/21 -32982 27878 5104
06/21 -28626 25369 3257
06/21 -28186 24277 3909
06/21 -23581 19604 3977
06/21 -20654 17514 3140
07/21 -10468 8767 1701
07/21 -16092 13326 2766
07/21 -861 -1810 2671
07/21 -10432 7626 2806
08/21 -11411 8814 2597
08/21 -17245 14264 2981
08/21 -37813 35195 2618
08/21 -36575 33655 2920
08/21 -30595 27909 2686
09/21 -34369 30441 3928
09/21 -30978 28036 2942
09/21 -27626 25439 2187
09/21 -26194 24276 1918
10/21 -48301 43997 4304
10/21 -45299 40221 5078
10/21 -27077 22821 4256
10/21 -23256 19198 4058
11/21 -20130 16074 4056
11/21 1434 -4621 3187
11/21 -7053 4521 2532
11/21 -17710 15925 1785
11/21 7141 -7497 356
12/21 7799 -9095 1296
12/21 46 -1101 1055
12/21 -2534 703 1831
12/21 -4886 3250 1636
01/22 -8599 6469 2130
01/22 -18436 14933 3503
01/22 -30821 28214 2607
01/22 -32467 28620 3847
02/22 -31350 27762 3588
02/22 -47234 42855 4379
02/22 -53823 49216 4607
02/22 -48066 41915 6151
03/22 -35441 25431 10010
03/22 -40088 29762 10326
03/22 -41335 32691 8644
03/22 -40535 31204 9331
03/22 -48448 39674 8774
04/22 -43201 36634 6567
04/22 -46610 39159 7451
04/22 -43099 36357 6742
04/22 -29441 24654 4787
05/22 -43277 36559 6718
05/22 -26770 21046 5724
05/22 -23668 18583 5085
05/22 -13540 8583 4957
05/22 -14322 10153 4169
06/22 -17823 14494 3329
06/22 -126 -3369 3495
06/22 -4856 3305 1551
06/22 -8708 6339 2369
07/22 5287 -7115 1828
07/22 2102 -4180 2078
07/22 -1028 -602 1630
07/22 -5134 3408 1726
08/22 64 -1957 1893
08/22 2152 -5562 3410
08/22 180 -2778 2598
08/22 -2613 -1150 3763
08/22 -12968 8311 4657
09/22 -7224 4464 2760
09/22 1917 -5874 3957
09/22 2779 -5941 3162
09/22 5660 -9759 4099
10/22 -2215 164 2051
10/22 -16330 13686 2644
10/22 -12445 11218 1227
10/22 -456 -1545 2001
11/22 5810 -8241 2431
11/22 -15306 11948 3358
11/22 -28597 25843 2754
11/22 -18712 15284 3428
11/22 -13322 9698 3624
12/22 -21713 17964 3749
12/22 -26669 23317 3352
12/22 -21830 17751 4079
12/22 -36138 30903 5235
01/23 -31978 27838 4140
01/23 -31199 27221 3978
01/23 -31155 27698 3457
01/23 -28978 24941 4037
01/23 -27818 25159 2659
02/23 -23198 22431 767
02/23 -33683 28858 4825
02/23 -51594 46085 5509
02/23 -59813 55413 4400
03/23 -59008 54700 4308
03/23 -36114 32019 4095
03/23 -42636 37846 4790
03/23 -65418 61273 4145
04/23 -64227 60245 3982
04/23 -65075 59913 5162
04/23 -64143 59355 4788
04/23 -66251 61714 4537
05/23 -62471 57951 4520
05/23 -66804 62029 4775
05/23 -69194 64055 5139
05/23 -70745 65374 5371
05/23 -71049 65573 5476
06/23 -76549 72234 4315
06/23 -82214 77939 4275
06/23 -71968 67342 4626
06/23 -75815 71552 4263
07/23 -75594 72584 3010
07/23 -74388 70115 4273
07/23 -80964 76488 4476
07/23 -81340 77894 3446
08/23 -81502 78214 3288
08/23 -81601 79502 2099
08/23 -80698 77125 3573
08/23 -80096 76973 3123
08/23 -86688 83221 3467
09/23 -90212 86220 3992
09/23 -91493 87623 3870
09/23 -91617 88262 3355
09/23 -81367 78538 2829
10/23 -72861 69933 2928
10/23 -71491 67876 3615
10/23 -75556 71492 4064
10/23 -79960 77020 2940
10/23 -72106 69477 2629
11/23 -78099 75027 3072
11/23 -78125 75784 2341
11/23 -75421 72839 2582
11/23 -73777 71646 2131
12/23 -69993 66911 3082
12/23 -70652 67303 3349
12/23 -70924 69404 1520
12/23 -69492 67498 1994
01/24 -69429 68954 475
01/24 -67423 68881 -1458
01/24 -72315 70197 2118
01/24 -78485 75756 2729
01/24 -76000 71694 4306
02/24 -63329 58114 5215
02/24 -54822 49351 5471
02/24 -52597 48126 4471
02/24 -46871 41188 5683
03/24 -48223 43303 4920
03/24 -51017 45772 5245
03/24 -51282 45582 5700
03/24 -42377 36330 6047
04/24 -39902 33671 6231
04/24 -41018 34908 6110
04/24 -40494 33835 6659
04/24 -35403 29584 5819
04/24 -32122 27152 4970
05/24 -32495 26562 5933
05/24 -33568 27958 5610
05/24 -34663 28891 5772
05/24 -38425 32570 5855
06/24 -40799 33645 7154
06/24 -41563 35331 6232
06/24 -39779 33741 6038
06/24 -35345 29357 5988
07/24 -36588 30162 6426
07/24 -38427 31740 6687
07/24 -37643 32278 5365
07/24 -39007 33303 5704
07/24 -39256 32870 6386
08/24 -37073 31097 5976
08/24 -35738 30268 5470
08/24 -35270 28888 6382
08/24 -37450 30192 7258
09/24 -38437 31930 6507
09/24 -38269 32225 6044
09/24 -39580 33753 5827
09/24 -42210 36014 6196
10/24 -45118 39378 5740
10/24 -46917 39936 6981
10/24 -49419 43312 6107
01/24 -69429 68954 475
01/24 -67423 68881 -1458
01/24 -72315 70197 2118
01/24 -78485 75756 2729
01/24 -76000 71694 4306
02/24 -63329 58114 5215
02/24 -54822 49351 5471
02/24 -52597 48126 4471
02/24 -46871 41188 5683
03/24 -48223 43303 4920
03/24 -51017 45772 5245
03/24 -51282 45582 5700
03/24 -42377 36330 6047
04/24 -39902 33671 6231
04/24 -41018 34908 6110
04/24 -40494 33835 6659
04/24 -35403 29584 5819
04/24 -32122 27152 4970
05/24 -32495 26562 5933
05/24 -33568 27958 5610
05/24 -34663 28891 5772
05/24 -38425 32570 5855
06/24 -40799 33645 7154
06/24 -41563 35331 6232
06/24 -39779 33741 6038
06/24 -35345 29357 5988
07/24 -36588 30162 6426
07/24 -38427 31740 6687
07/24 -37643 32278 5365
07/24 -39007 33303 5704
07/24 -39256 32870 6386
08/24 -37073 31097 5976
08/24 -35738 30268 5470
08/24 -35270 28888 6382
08/24 -37450 30192 7258
09/24 -38437 31930 6507
09/24 -38269 32225 6044
09/24 -39580 33753 5827
09/24 -42210 36014 6196
10/24 -45118 39378 5740
10/24 -46917 39936 6981
10/24 -49419 43312 6107
10/24 -46635 40976 5659
