09/07 -23341 20506 2835
09/07 -23146 20258 2888
09/07 -33540 30548 2992
09/07 -40932 36595 4337
10/07 -44544 38818 5726
10/07 -47136 42218 4918
10/07 -52409 47261 5148
10/07 -50281 45590 4691
10/07 -43626 40949 2677
11/07 -39525 37994 1531
11/07 -38844 37467 1377
11/07 -40779 38123 2656
11/07 -39922 37012 2910
12/07 -44464 39817 4647
12/07 -46516 41349 5167
12/07 -49222 42490 6732
12/07 -49916 44212 5704
12/07 -49193 42378 6815
01/08 -48031 42223 5808
01/08 -47047 40561 6486
01/08 -44493 40076 4417
01/08 -45333 40263 5070
02/08 -55418 50230 5188
02/08 -62514 56865 5649
02/08 -63521 55989 7532
02/08 -61613 54826 6787
03/08 -61766 54999 6767
03/08 -53625 47389 6236
03/08 -44576 38884 5692
03/08 -38451 33714 4737
04/08 -32584 31206 1378
04/08 -32405 29974 2431
04/08 -30673 25837 4836
04/08 -30611 27347 3264
04/08 -29098 26061 3037
05/08 -26496 23081 3415
05/08 -27168 26049 1119
05/08 -29176 26315 2861
05/08 -26197 24129 2068
06/08 -22104 22850 -746
06/08 -20222 21226 -1004
06/08 -23414 22559 855
06/08 -28811 25738 3073
07/08 -32073 28775 3298
07/08 -28907 27363 1544
07/08 -30119 25551 4568
07/08 -26203 23439 2764
07/08 -19165 17241 1924
08/08 -17588 17375 213
08/08 -15782 13988 1794
08/08 -6572 8982 -2410
08/08 -17129 13430 3699
09/08 -21517 19021 2496
09/08 -16466 15010 1456
09/08 -6110 5679 431
09/08 -2909 2746 163
09/08 -859 1591 -732
10/08 9148 -8634 -514
10/08 10198 -9618 -580
10/08 10210 -9192 -1018
10/08 8426 -7626 -800
11/08 5590 -5754 164
11/08 5927 -5627 -300
11/08 9816 -8725 -1091
11/08 8412 -7786 -626
12/08 9178 -8267 -911
12/08 12520 -11138 -1382
12/08 10882 -10063 -819
12/08 11436 -10587 -849
12/08 12031 -11659 -372
01/09 7166 -7100 -66
01/09 -1354 1103 251
01/09 -4714 3158 1556
01/09 -9500 7894 1606
02/09 -10054 8943 1111
02/09 -10330 9634 696
02/09 -7343 6995 348
02/09 -1039 6285 -5246
03/09 -49 731 -682
03/09 265 490 -755
03/09 -1534 1081 453
03/09 -7624 6558 1066
03/09 -10648 9119 1529
04/09 -13055 11467 1588
04/09 -11581 10853 728
04/09 -7163 7786 -623
04/09 -8942 9440 -498
05/09 -15710 14466 1244
05/09 -22653 20292 2361
05/09 -27680 24615 3065
05/09 -30911 28468 2443
06/09 -36670 33680 2990
06/09 -34659 32413 2246
06/09 -24200 22376 1824
06/09 -16694 16598 96
06/09 -14358 13748 610
07/09 -11694 11746 -52
07/09 -6978 6576 402
07/09 -8688 7185 1503
07/09 -9640 8264 1376
08/09 -17257 14736 2521
08/09 -24135 21652 2483
08/09 -24324 22936 1388
08/09 -16346 15797 549
09/09 -10159 10208 -49
09/09 -8447 7870 577
09/09 -14143 12909 1234
09/09 -22329 20701 1628
09/09 -21411 19602 1809
10/09 -21993 19290 2703
10/09 -28355 26286 2069
10/09 -37049 33384 3665
10/09 -36588 33518 3070
11/09 -37015 33921 3094
11/09 -37958 35487 2471
11/09 -25952 23911 2041
11/09 -24876 22641 2235
12/09 -29637 26520 3117
12/09 -34341 31029 3312
12/09 -40805 36801 4004
12/09 -40003 35990 4013
12/09 -34117 30620 3497
01/10 -31276 27550 3726
01/10 -35058 30764 4294
01/10 -35310 31926 3384
01/10 -31168 27877 3291
02/10 -21529 20206 1323
02/10 -17623 16642 981
02/10 -15699 15556 143
02/10 -14667 13747 920
03/10 -10632 10136 496
03/10 -11402 10566 836
03/10 -10059 9450 609
03/10 -13912 13125 787
03/10 -22545 20830 1715
04/10 -24069 21817 2252
04/10 -18097 15579 2518
04/10 -8334 7510 824
04/10 -4637 3290 1347
05/10 -11363 11092 271
05/10 -11497 11422 75
05/10 -12501 12786 -285
05/10 -7801 9081 -1280
06/10 -13959 14856 -897
06/10 -13098 12216 882
06/10 -28792 27714 1078
06/10 -38441 35419 3022
06/10 -40564 37203 3361
07/10 -41495 38492 3003
07/10 -44821 41214 3607
07/10 -44536 41711 2825
07/10 -46099 43134 2965
08/10 -47729 44359 3370
08/10 -45313 42616 2697
08/10 -46751 44505 2246
08/10 -40005 39562 443
08/10 -39099 37699 1400
09/10 -42223 40757 1466
09/10 -44161 42344 1817
09/10 -42362 40269 2093
09/10 -41290 39171 2119
10/10 -33224 32043 1181
10/10 -33625 32127 1498
10/10 -38436 36873 1563
10/10 -42917 40318 2599
11/10 -44171 41030 3141
11/10 -45661 42146 3515
11/10 -35871 33865 2006
11/10 -37049 34830 2219
11/10 -35214 33178 2036
12/10 -39718 36863 2855
12/10 -41166 37987 3179
12/10 -41521 38114 3407
12/10 -41500 37936 3564
01/11 -40658 37536 3122
01/11 -42768 39597 3171
01/11 -45699 42424 3275
01/11 -41391 38791 2600
02/11 -44923 40864 4059
02/11 -43546 39330 4216
02/11 -41624 37962 3662
02/11 -40485 36739 3746
03/11 -34961 31256 3705
03/11 -38622 34134 4488
03/11 -30386 27510 2876
03/11 -30718 27390 3328
03/11 -26676 23936 2740
04/11 -28520 26015 2505
04/11 -31968 29513 2455
04/11 -38158 34483 3675
04/11 -38498 34124 4374
05/11 -38171 33633 4538
05/11 -31658 28763 2895
05/11 -23702 21524 2178
05/11 -18913 17851 1062
05/11 -20434 18710 1724
06/11 -16418 15584 834
06/11 -19365 17696 1669
06/11 -9428 10121 -693
06/11 -8333 8811 -478
07/11 -11276 10719 557
07/11 -12352 11343 1009
07/11 -10251 8797 1454
07/11 -7217 6781 436
08/11 -6067 6051 16
08/11 -6805 7597 -792
08/11 -7926 7043 883
08/11 -13956 12123 1833
08/11 -22734 19968 2766
09/11 -27057 24738 2319
09/11 -26372 24024 2348
09/11 -23968 22255 1713
09/11 -13961 14038 -77
10/11 -11151 11875 -724
10/11 -8049 9014 -965
10/11 -8788 9990 -1202
10/11 -13847 13980 -133
11/11 -9565 10273 -708
11/11 -6088 7677 -1589
11/11 -4655 6450 -1795
11/11 -7000 8366 -1366
11/11 -7782 9417 -1635
12/11 -10053 11022 -969
12/11 -2136 3826 -1690
12/11 1153 1275 -2428
12/11 185 1581 -1766
01/12 -2412 4405 -1993
01/12 -3540 5310 -1770
01/12 -8958 10394 -1436
01/12 -7526 8869 -1343
01/12 -7132 8641 -1509
02/12 -9569 10447 -878
02/12 -1908 3214 -1306
02/12 -775 1360 -585
02/12 -989 1590 -601
03/12 26 1455 -1481
03/12 2048 -1131 -917
03/12 3020 -1457 -1563
03/12 2316 -950 -1366
04/12 146 1082 -1228
04/12 -557 1496 -939
04/12 6939 -6372 -567
04/12 5041 -4532 -509
05/12 4457 -4179 -278
05/12 6101 -5174 -927
05/12 3575 -3030 -545
05/12 2647 -1472 -1175
05/12 6722 -5035 -1687
06/12 7021 -5846 -1175
06/12 9967 -8940 -1027
06/12 10416 -9516 -900
06/12 9729 -8835 -894
07/12 7532 -6231 -1301
07/12 3175 -1696 -1479
07/12 955 214 -1169
07/12 552 416 -968
07/12 1540 -203 -1337
08/12 2528 -1150 -1378
08/12 8954 -7061 -1893
08/12 14143 -13299 -844
08/12 15282 -14742 -540
09/12 17101 -16903 -198
09/12 16627 -16825 198
09/12 8390 -8471 81
09/12 8417 -8749 332
10/12 3439 -3803 364
10/12 4490 -5305 815
10/12 10448 -11976 1528
10/12 13509 -14570 1061
10/12 15162 -16258 1096
11/12 19463 -20401 938
11/12 18391 -18978 587
11/12 17864 -17531 -333
11/12 16098 -16101 3
12/12 14402 -14874 472
12/12 13271 -13090 -181
12/12 14129 -15690 1561
12/12 13743 -16545 2802
12/12 13907 -14460 553
01/13 11944 -13514 1570
01/13 3715 -5099 1384
01/13 2830 -3505 675
01/13 2530 -3221 691
02/13 7904 -8919 1015
02/13 17504 -18703 1199
02/13 19437 -20429 992
02/13 14499 -15179 680
03/13 14023 -15342 1319
03/13 14301 -15655 1354
03/13 19180 -19584 404
03/13 18461 -18758 297
04/13 17271 -15391 -1880
04/13 13488 -13238 -250
04/13 17849 -17317 -532
04/13 9752 -10040 288
04/13 12677 -12428 -249
05/13 4444 -4091 -353
05/13 -5968 5162 806
05/13 3275 -2975 -300
05/13 10064 -10517 453
06/13 10713 -10775 62
06/13 11722 -11985 263
06/13 18022 -18680 658
06/13 18359 -18397 38
07/13 14189 -14387 198
07/13 14383 -14987 604
07/13 10729 -11964 1235
07/13 4449 -6237 1788
07/13 3704 -5297 1593
08/13 10596 -11795 1199
08/13 10889 -12329 1440
08/13 10125 -12377 2252
08/13 13857 -16621 2764
09/13 13316 -16300 2984
09/13 14820 -17583 2763
09/13 16635 -19439 2804
09/13 16578 -19025 2447
10/13 17172 -20270 3098
10/13 15963 -19070 3107
10/13 11672 -15221 3549
10/13 16015 -19730 3715
10/13 21318 -24345 3027
11/13 22870 -27488 4618
11/13 22568 -26877 4309
11/13 19980 -22668 2688
11/13 18879 -20965 2086
12/13 16486 -18531 2045
12/13 17958 -19395 1437
12/13 10172 -11959 1787
12/13 5688 -7103 1415
12/13 5788 -8285 2497
01/14 1053 -3029 1976
01/14 -2591 -172 2763
01/14 -1649 -2134 3783
01/14 857 -4909 4052
02/14 -12153 9587 2566
02/14 -22967 18965 4002
02/14 -31779 28387 3392
02/14 -35886 32407 3479
03/14 -37912 34321 3591
03/14 -41393 37425 3968
03/14 -46010 42473 3537
03/14 -46616 42138 4478
04/14 -42837 39109 3728
04/14 -41869 37115 4754
04/14 -44309 40486 3823
04/14 -46494 40961 5533
04/14 -47238 43429 3809
05/14 -46947 43302 3645
05/14 -43557 40833 2724
05/14 -44919 42491 2428
05/14 -43969 41380 2589
06/14 -43471 40687 2784
06/14 -43255 41676 1579
06/14 -46478 44848 1630
06/14 -47785 45653 2132
07/14 -46806 44476 2330
07/14 -45404 43208 2196
07/14 -39524 38523 1001
07/14 -41256 40023 1233
07/14 -46240 44518 1722
08/14 -50931 47880 3051
08/14 -48760 44997 3763
08/14 -49668 46594 3074
08/14 -51979 47977 4002
09/14 -54585 50568 4017
09/14 -53783 50352 3431
09/14 -46012 43602 2410
09/14 -40722 39644 1078
09/14 -45025 43121 1904
10/14 -50224 47656 2568
10/14 -56255 53550 2705
10/14 -56083 53135 2948
10/14 -51431 48470 2961
11/14 -48563 46313 2250
11/14 -47552 45582 1970
11/14 -47081 44490 2591
11/14 -50944 48326 2618
12/14 -46977 45292 1685
12/14 -38421 37799 622
12/14 -36480 36147 333
12/14 -32540 32744 -204
12/14 -29760 29822 -62
01/15 -31546 31014 532
01/15 -38200 37939 261
01/15 -35581 34694 887
01/15 -29935 28817 1118
02/15 -25759 25914 -155
02/15 -28275 27151 1124
02/15 -22457 21487 970
02/15 -13518 13381 137
03/15 -4877 4083 794
03/15 -2535 1555 980
03/15 -1196 284 912
03/15 1360 -2195 835
03/15 1960 -2893 933
04/15 -3414 1440 1974
04/15 3493 -5339 1846
04/15 -1090 -962 2052
04/15 145 -1362 1217
05/15 2372 -3563 1191
05/15 3772 -5243 1471
05/15 -2665 903 1762
05/15 11095 -12814 1719
06/15 9867 -10730 863
06/15 -2 -452 454
06/15 2897 -4361 1464
06/15 6192 -8409 2217
06/15 4721 -6277 1556
07/15 13461 -16914 3453
07/15 11689 -13957 2268
07/15 11830 -13790 1960
07/15 16830 -19302 2472
08/15 13584 -15152 1568
08/15 2189 -3685 1496
08/15 -7534 6076 1458
08/15 10967 -12778 1811
09/15 15218 -17007 1789
09/15 18035 -20301 2266
09/15 20804 -23427 2623
09/15 21360 -24775 3415
09/15 18591 -21312 2721
10/15 12793 -15177 2384
10/15 3835 -5306 1471
10/15 909 -3532 2623
10/15 8814 -12102 3288
11/15 12231 -15657 3426
11/15 16973 -19605 2632
11/15 21906 -25508 3602
11/15 14007 -17102 3095
12/15 13736 -16148 2412
12/15 2147 -4724 2577
12/15 3781 -6245 2464
12/15 8598 -11448 2850
12/15 6977 -10478 3501
01/16 875 -3277 2402
01/16 14330 -17000 2670
01/16 17998 -20803 2805
01/16 16459 -18682 2223
02/16 5994 -8007 2013
02/16 3561 -5528 1967
02/16 7987 -10919 2932
02/16 5014 -7271 2257
03/16 13351 -17324 3973
03/16 825 -2970 2145
03/16 -14879 13442 1437
03/16 -29606 25894 3712
03/16 -30067 25803 4264
04/16 -21670 17322 4348
04/16 -17403 12972 4431
04/16 -20857 15769 5088
04/16 -19354 13284 6070
05/16 -7920 1729 6191
05/16 -14158 8910 5248
05/16 -25645 21296 4349
05/16 -15658 10222 5436
05/16 -8220 1238 6982
06/16 -14048 8540 5508
06/16 -30034 24864 5170
06/16 -37358 32381 4977
06/16 -38732 33795 4937
07/16 -42840 37630 5210
07/16 -49847 42409 7438
07/16 -49682 43103 6579
07/16 -46590 40899 5691
08/16 -45248 38582 6666
08/16 -42059 34865 7194
08/16 -39270 32902 6368
08/16 -43511 38294 5217
08/16 -42517 37952 4565
09/16 -52313 47200 5113
09/16 -52092 48044 4048
09/16 -54813 50179 4634
09/16 -53800 48251 5549
10/16 -48428 42595 5833
10/16 -47719 41597 6122
10/16 -54845 49548 5297
10/16 -65447 60923 4524
11/16 -68739 64405 4334
11/16 -69632 65103 4529
11/16 -64778 59299 5479
11/16 -62805 57144 5661
11/16 -56246 50622 5624
12/16 -41929 37302 4627
12/16 -35662 31026 4636
12/16 -33925 29194 4731
12/16 -26717 23484 3233
01/17 -23749 20437 3312
01/17 -28132 25205 2927
01/17 -33300 31196 2104
01/17 -39292 36245 3047
01/17 -38791 35781 3010
02/17 -34200 31213 2987
02/17 -30485 28046 2439
02/17 -33702 30872 2830
02/17 -30079 28747 1332
03/17 -27146 25082 2064
03/17 -24817 22393 2424
03/17 -26478 23945 2533
03/17 -17076 14691 2385
04/17 -17246 14351 2895
04/17 -17929 15184 2745
04/17 -20046 17894 2152
04/17 -2630 1114 1516
05/17 1980 -3219 1239
05/17 212 -1108 896
05/17 941 -2213 1272
05/17 2505 -4945 2440
05/17 4742 -6880 2138
06/17 10241 -13174 2933
06/17 16474 -20268 3794
06/17 21569 -25030 3461
06/17 27566 -30844 3278
07/17 25347 -27883 2536
07/17 27745 -29174 1429
07/17 17061 -18971 1910
07/17 12469 -13934 1465
08/17 5979 -6712 733
08/17 -1346 -174 1520
08/17 -4822 4184 638
08/17 7646 -9816 2170
08/17 14805 -17734 2929
09/17 18822 -22111 3289
09/17 18201 -21931 3730
09/17 8480 -10497 2017
09/17 7546 -9835 2289
10/17 16420 -21154 4734
10/17 18129 -22578 4449
10/17 23933 -29644 5711
10/17 26660 -33017 6357
10/17 25649 -32816 7167
11/17 29049 -35315 6266
11/17 28510 -34147 5637
11/17 31453 -36774 5321
11/17 25626 -30241 4615
12/17 24058 -28459 4401
12/17 39413 -46195 6782
12/17 39666 -47024 7358
12/17 40630 -47266 6636
01/18 31838 -37531 5693
01/18 27767 -32986 5219
01/18 34743 -41858 7115
01/18 38131 -45832 7701
01/18 33481 -40834 7353
02/18 36273 -43982 7709
02/18 30396 -37198 6802
02/18 38854 -46777 7923
02/18 33114 -40999 7885
03/18 28912 -36844 7932
03/18 29660 -40028 10368
03/18 33735 -42633 8898
03/18 31541 -39970 8429
04/18 33865 -44600 10735
04/18 31771 -40725 8954
04/18 44332 -54854 10522
04/18 38009 -44659 6650
05/18 26758 -32821 6063
05/18 21373 -27964 6591
05/18 26416 -34518 8102
05/18 22800 -31057 8257
05/18 20786 -28279 7493
06/18 14953 -21666 6713
06/18 24058 -32657 8599
06/18 35626 -43452 7826
06/18 36075 -44342 8267
07/18 46590 -54887 8297
07/18 46601 -54337 7736
07/18 55371 -64001 8630
07/18 57135 -66159 9024
07/18 55837 -65150 9313
08/18 60406 -69973 9567
08/18 73926 -83910 9984
08/18 80740 -90352 9612
08/18 76797 -86099 9302
09/18 79408 -89568 10160
09/18 79952 -89905 9953
09/18 86846 -98481 11635
09/18 81166 -91796 10630
10/18 67938 -76935 8997
10/18 56225 -64088 7863
10/18 40947 -46100 5153
10/18 27010 -32593 5583
10/18 19912 -23670 3758
11/18 16451 -20415 3964
11/18 20472 -24678 4206
11/18 17711 -21287 3576
11/18 17574 -21534 3960
12/18 26693 -32384 5691
12/18 33095 -39808 6713
12/18 39456 -47780 8324
12/18 41958 -50336 8378
12/18 43409 -52135 8726
01/19 38504 -47734 9230
01/19 42023 -52007 9984
01/19 34847 -43771 8924
01/19 34939 -43852 8913
02/19 27519 -35538 8019
02/19 31824 -41395 9571
02/19 37804 -48012 10208
02/19 43636 -55191 11555
03/19 42545 -54207 11662
03/19 44955 -58524 13569
03/19 40807 -55134 14327
03/19 42653 -56722 14069
04/19 43870 -58993 15123
04/19 37365 -51989 14624
04/19 50862 -66977 16115
04/19 48888 -61588 12700
04/19 44327 -56608 12281
05/19 49815 -64186 14371
05/19 44582 -58459 13877
05/19 40786 -53163 12377
05/19 30141 -42642 12501
06/19 12826 -21243 8417
06/19 11929 -21496 9567
06/19 11294 -19932 8638
06/19 6264 -13654 7390
07/19 -6662 97 6565
07/19 -12151 5388 6763
07/19 -10000 2613 7387
07/19 -6408 -1067 7475
07/19 3342 -11551 8209
08/19 9391 -17045 7654
08/19 16743 -25055 8312
08/19 24624 -32344 7720
08/19 22872 -30656 7784
09/19 27900 -36481 8581
09/19 24084 -33309 9225
09/19 13226 -22837 9611
09/19 14490 -24779 10289
10/19 13782 -22893 9111
10/19 24714 -34167 9453
10/19 33925 -44896 10971
10/19 32219 -41765 9546
10/19 28170 -37768 9598
11/19 16785 -23211 6426
11/19 -1489 -2761 4250
11/19 -3195 -1062 4257
11/19 -15853 12211 3642
12/19 -24514 21599 2915
12/19 -39476 37329 2147
12/19 -47643 44861 2782
12/19 -49964 46997 2967
12/19 -49235 46315 2920
01/20 -48283 44140 4143
01/20 -48843 42988 5855
01/20 -47274 41494 5780
01/20 -37961 32536 5425
02/20 -25670 20884 4786
02/20 -13456 6432 7024
02/20 -10080 4058 6022
02/20 -8996 3498 5498
03/20 -20855 16824 4031
03/20 -21054 17596 3458
03/20 -20232 17947 2285
03/20 -27516 25012 2504
03/20 -33728 31799 1929
04/20 -33728 31418 2310
04/20 -35104 32757 2347
04/20 -34546 32854 1692
04/20 -29855 27969 1886
05/20 -28575 26100 2475
05/20 -29772 26793 2979
05/20 -30540 26942 3598
05/20 -25251 21629 3622
06/20 -12797 8484 4313
06/20 -8103 2750 5353
06/20 -299 -5694 5993
06/20 1435 -7502 6067
06/20 -1250 -4311 5561
07/20 -2939 -2583 5522
07/20 -3117 -2729 5846
07/20 -5168 -535 5703
07/20 -18978 14410 4568
08/20 -36786 33332 3454
08/20 -43542 39025 4517
08/20 -47895 43061 4834
08/20 -54953 50469 4484
09/20 -65504 60362 5142
09/20 -68844 64978 3866
09/20 -70963 66339 4624
09/20 -65782 61741 4041
09/20 -59682 54931 4751
10/20 -52265 47505 4760
10/20 -51459 46226 5233
10/20 -46164 40708 5456
10/20 -41184 35421 5763
11/20 -34262 28021 6241
11/20 -31104 24006 7098
11/20 -29680 22907 6773
11/20 -37505 30616 6889
12/20 -39267 32265 7002
12/20 -38733 31519 7214
12/20 -42269 36105 6164
12/20 -45073 38775 6298
12/20 -46515 40680 5835
01/21 -47894 40975 6919
01/21 -40480 34447 6033
01/21 -48720 42972 5748
01/21 -48548 42091 6457
02/21 -50338 44043 6295
02/21 -48607 41936 6671
02/21 -48844 43702 5142
02/21 -65348 59458 5890
03/21 -67695 61250 6445
03/21 -59570 53784 5786
03/21 -58502 52943 5559
03/21 -52353 46428 5925
03/21 -42544 37617 4927
04/21 -36408 31904 4504
04/21 -39910 34860 5050
04/21 -46183 42102 4081
04/21 -62131 56809 5322
05/21 -64683 58434 6249
05/21 -65944 59590 6354
05/21 -68406 63473 4933
05/21 -70912 65114 5798
06/21 -76318 70773 5545
06/21 -73792 68404 5388
06/21 -68794 63152 5642
06/21 -60290 55220 5070
06/21 -66315 60876 5439
07/21 -59276 54981 4295
07/21 -56273 51225 5048
07/21 -66472 62036 4436
07/21 -61060 56712 4348
08/21 -59481 55023 4458
08/21 -57615 52266 5349
08/21 -59643 54797 4846
08/21 -60389 56012 4377
08/21 -62471 57073 5398
09/21 -62088 57115 4973
09/21 -62349 58067 4282
09/21 -63846 60118 3728
09/21 -70663 65575 5088
10/21 -71022 66571 4451
10/21 -73808 69085 4723
10/21 -73100 68889 4211
10/21 -71916 67593 4323
11/21 -69264 64353 4911
11/21 -65365 60820 4545
11/21 -70075 66081 3994
11/21 -71494 67904 3590
11/21 -69144 66025 3119
12/21 -65596 62344 3252
12/21 -63167 60308 2859
12/21 -57984 56134 1850
12/21 -58015 55265 2750
01/22 -57751 54565 3186
01/22 -63594 60168 3426
01/22 -66937 63784 3153
01/22 -64950 61643 3307
02/22 -65365 61378 3987
02/22 -72255 66867 5388
02/22 -75230 70425 4805
02/22 -72509 67791 4718
03/22 -66290 61906 4384
03/22 -56074 52113 3961
03/22 -48838 45500 3338
03/22 -45824 41851 3973
03/22 -42092 38689 3403
04/22 -48758 43811 4947
04/22 -52716 47929 4787
04/22 -45447 41803 3644
04/22 -45574 41837 3737
05/22 -43007 40697 2310
05/22 -33559 32555 1004
05/22 -40949 38487 2462
05/22 -38484 37072 1412
05/22 -45757 43015 2742
06/22 -51363 48767 2596
06/22 -48399 46885 1514
06/22 -52348 49371 2977
06/22 -47147 45200 1947
07/22 -49139 46787 2352
07/22 -35166 34308 858
07/22 -28026 27979 47
07/22 -28867 28641 226
08/22 -27968 27284 684
08/22 -31268 30453 815
08/22 -35318 33471 1847
08/22 -40230 38633 1597
08/22 -50983 48687 2296
09/22 -49276 47168 2108
09/22 -44360 42267 2093
09/22 -42998 41072 1926
09/22 -46664 44680 1984
10/22 -44264 42151 2113
10/22 -43359 40534 2825
10/22 -21605 19223 2382
10/22 -13326 11351 1975
11/22 -4162 2183 1979
11/22 1912 -4683 2771
11/22 11840 -14154 2314
11/22 14743 -16186 1443
11/22 13695 -14636 941
12/22 12907 -14642 1735
12/22 8451 -9470 1019
12/22 3755 -4281 526
12/22 1804 -2704 900
01/23 -641 -812 1453
01/23 11310 -14739 3429
01/23 24251 -26745 2494
01/23 20167 -22728 2561
01/23 -926 -1881 2807
02/23 -3039 2084 955
02/23 -6755 5050 1705
02/23 -14198 12316 1882
02/23 -17751 16397 1354
03/23 -15852 15063 789
03/23 -12998 12310 688
03/23 -17673 18696 -1023
03/23 -15709 16751 -1042
04/23 -13119 12648 471
04/23 -25241 24877 364
04/23 -38309 37001 1308
04/23 -37705 36592 1113
05/23 -34493 33541 952
05/23 -30800 29737 1063
05/23 -32224 31035 1189
05/23 -33373 32748 625
05/23 -23623 23620 3
06/23 -28769 28331 438
06/23 -33426 33494 -68
06/23 -27166 27017 149
06/23 -8052 8495 -443
07/23 -878 1566 -688
07/23 1815 -1606 -209
07/23 6319 -7005 686
07/23 5003 -5965 962
08/23 3825 -4953 1128
08/23 5423 -6546 1123
08/23 18409 -18688 279
08/23 22465 -23066 601
08/23 20774 -21465 691
09/23 17782 -18451 669
09/23 15818 -16578 760
09/23 3522 -4408 886
09/23 8450 -8662 212
10/23 13474 -14449 975
10/23 14700 -15815 1115
10/23 -967 -188 1155
10/23 -18113 18208 -95
10/23 -21876 22279 -403
11/23 -26760 26975 -215
11/23 -29696 28667 1029
11/23 -31907 30334 1573
11/23 -32407 30558 1849
12/23 -35882 34260 1622
12/23 -38176 36568 1608
12/23 -47452 45256 2196
12/23 -46087 43916 2171
01/24 -44991 43428 1563
01/24 -47708 45588 2120
01/24 -51147 49382 1765
01/24 -54912 52898 2014
01/24 -58218 56119 2099
02/24 -56419 54983 1436
02/24 -61442 60084 1358
02/24 -56600 55863 737
02/24 -52424 51700 724
03/24 -55358 53472 1886
03/24 -58262 56431 1831
03/24 -51523 50165 1358
03/24 -57733 56035 1698
04/24 -69399 67482 1917
04/24 -76957 73563 3394
04/24 -78835 76071 2764
04/24 -75215 71914 3301
04/24 -72156 68590 3566
05/24 -66039 62877 3162
05/24 -59694 57211 2483
05/24 -62297 59386 2911
05/24 -66372 63033 3339
06/24 -70285 67649 2636
06/24 -65967 63445 2522
06/24 -70313 67549 2764
06/24 -73719 70712 3007
07/24 -70619 67761 2858
07/24 -78578 75420 3158
07/24 -74326 70979 3347
07/24 -69178 66500 2678
07/24 -64851 63016 1835
08/24 -61771 59207 2564
08/24 -62278 58940 3338
08/24 -67737 64158 3579
08/24 -70522 66907 3615
09/24 -66756 63921 2835
09/24 -66209 63447 2762
09/24 -73522 70128 3394
09/24 -73178 68519 4659
10/24 -72632 67813 4819
10/24 -66254 62715 3539
10/24 -70175 66950 3225
10/24 -69633 66304 3329
