07/89 -8 0 8
08/89 -605 0 605
08/89 -1247 0 1247
09/89 -1333 0 1333
09/89 -1882 0 1882
10/89 -1939 -200 2139
10/89 -2392 -242 2634
11/89 -1779 -108 1887
11/89 4788 -5977 1189
12/89 7068 -6454 -614
12/89 7152 -6366 -786
01/90 4829 -3812 -1017
01/90 9814 -8048 -1766
02/90 4067 -3567 -500
02/90 171 -2018 1847
03/90 -6846 3747 3099
03/90 -9249 6203 3046
04/90 -5374 3273 2101
04/90 508 -1044 536
05/90 -6921 4220 2701
05/90 -2516 585 1931
06/90 1105 -1149 44
06/90 -4694 4942 -248
07/90 -7480 8118 -638
07/90 -6312 6097 215
08/90 -5667 4920 747
08/90 -3986 5724 -1738
09/90 -7112 4944 2168
09/90 976 -1464 488
10/90 4561 -2984 -1577
10/90 1498 -2332 834
11/90 1232 -1269 37
11/90 4241 -5179 938
12/90 8893 -8876 -17
12/90 1914 -3462 1548
01/91 -4492 2914 1578
01/91 7182 -7031 -151
02/91 4402 -5626 1224
02/91 130 -3221 3091
03/91 1026 -3927 2901
03/91 2190 -5028 2838
04/91 -1181 -3592 4773
04/91 5623 -6229 606
05/91 13726 -13065 -661
05/91 14170 -12882 -1288
06/91 7179 -7848 669
06/91 3595 -3966 371
07/91 4711 -5722 1011
07/91 1980 -4631 2651
08/91 900 -2399 1499
08/91 -5023 3445 1578
09/91 -9566 8502 1064
09/91 -9864 7583 2281
10/91 -6401 4521 1880
10/91 -11160 6699 4461
11/91 -6320 3421 2899
11/91 -2244 1053 1191
12/91 14803 -13673 -1130
12/91 13853 -13254 -599
01/92 17124 -15004 -2120
01/92 6308 -8140 1832
02/92 -2578 -855 3433
02/92 -14002 8143 5859
03/92 -11044 5816 5228
03/92 -11710 6614 5096
04/92 -3966 2079 1887
04/92 -3508 1531 1977
05/92 -5469 4397 1072
05/92 -7168 5203 1965
06/92 -19367 12293 7074
06/92 -19268 16215 3053
07/92 -18697 15745 2952
07/92 -11834 11347 487
08/92 -3678 5608 -1930
08/92 -6541 5780 761
09/92 523 1386 -1909
09/92 4854 -2812 -2042
10/92 7337 -5752 -1585
10/92 7727 -6645 -1082
10/92 6750 -6421 -329
10/92 8323 -8094 -229
11/92 4634 -5278 644
11/92 7361 -8805 1444
11/92 7318 -8408 1090
11/92 7117 -8715 1598
12/92 2960 -6244 3284
12/92 -115 -3766 3881
12/92 -950 -2801 3751
12/92 -6741 859 5882
12/92 -9011 2558 6453
01/93 -13137 6446 6691
01/93 -8355 2477 5878
01/93 -5160 -542 5702
01/93 -6094 -977 7071
02/93 -5472 -890 6362
02/93 -7678 -699 8377
02/93 -5518 -1273 6791
02/93 -1447 -2547 3994
03/93 9714 -9722 8
03/93 8646 -9522 876
03/93 1349 -4867 3518
03/93 -94 -4163 4257
03/93 515 -3964 3449
04/93 5092 -7519 2427
04/93 5553 -8656 3103
04/93 5021 -7628 2607
04/93 3712 -7678 3966
05/93 4110 -7623 3513
05/93 1394 -6654 5260
05/93 -392 -6020 6412
05/93 -3972 -2778 6750
06/93 -3056 -2741 5797
06/93 -9230 771 8459
06/93 -11205 2341 8864
06/93 -11623 2777 8846
06/93 -12144 5149 6995
07/93 -17117 8524 8593
07/93 -11583 6173 5410
07/93 -10136 4833 5303
07/93 -8736 2449 6287
08/93 -9609 3814 5795
08/93 -4726 1530 3196
08/93 -1229 -645 1874
08/93 -4856 542 4314
08/93 -1805 -546 2351
09/93 -4585 1725 2860
09/93 7144 -5396 -1748
09/93 7494 -7154 -340
09/93 10234 -8922 -1312
10/93 5662 -5903 241
10/93 4387 -6060 1673
10/93 5589 -7732 2143
10/93 4849 -7231 2382
11/93 972 -5989 5017
11/93 -4479 -2996 7475
11/93 -6584 -2127 8711
11/93 -7058 -2746 9804
11/93 -6605 -2365 8970
12/93 -21772 6657 15115
12/93 -24241 10485 13756
12/93 -24284 10043 14241
12/93 -23677 9675 14002
01/94 -23566 10806 12760
01/94 -18416 7023 11393
01/94 -22375 10951 11424
01/94 -20888 9663 11225
02/94 -23923 10812 13111
02/94 -28035 12772 15263
02/94 -26360 9914 16446
02/94 -24050 9789 14261
03/94 -21845 12018 9827
03/94 -24577 16259 8318
03/94 -27299 18454 8845
03/94 -27006 16534 10472
03/94 -24737 15475 9262
04/94 -19446 10838 8608
04/94 -18005 7690 10315
04/94 -19748 8633 11115
04/94 -22419 10723 11696
05/94 -31073 17611 13462
05/94 -31296 18647 12649
05/94 -26802 19458 7344
05/94 -28560 21232 7328
05/94 -29351 20514 8837
06/94 -26262 18638 7624
06/94 -25328 19716 5612
06/94 -29385 22221 7164
06/94 -26353 21458 4895
07/94 -24712 17950 6762
07/94 -19061 13890 5171
07/94 -22595 15865 6730
07/94 -18052 14348 3704
08/94 -16863 14126 2737
08/94 -10763 9185 1578
08/94 -10582 8718 1864
08/94 -10155 8598 1557
08/94 -15686 12632 3054
09/94 -19665 15471 4194
09/94 -22788 16963 5825
09/94 -25319 18631 6688
09/94 -26045 18827 7218
10/94 -18908 12838 6070
10/94 -18626 12071 6555
10/94 -18392 12065 6327
10/94 -21414 14029 7385
11/94 -21772 13670 8102
11/94 -19854 13089 6765
11/94 -18814 13889 4925
11/94 -18558 14367 4191
11/94 -19512 15705 3807
12/94 -17747 13962 3785
12/94 -14374 11013 3361
12/94 -15105 12088 3017
12/94 -15937 12069 3868
01/95 -14950 11514 3436
01/95 -14540 11148 3392
01/95 -13125 10118 3007
01/95 -15437 11097 4340
01/95 -7872 5308 2564
02/95 -1090 647 443
02/95 -814 1446 -632
02/95 -276 1644 -1368
02/95 414 702 -1116
03/95 -1271 2189 -918
03/95 -4971 3598 1373
03/95 -4692 4206 486
03/95 -10104 6420 3684
04/95 -12773 7916 4857
04/95 -13490 8961 4529
04/95 -7586 5882 1704
04/95 7366 -4540 -2826
05/95 9728 -6396 -3332
05/95 14037 -7928 -6109
05/95 15720 -10059 -5661
05/95 7979 -4707 -3272
05/95 3590 -1918 -1672
06/95 -3996 2185 1811
06/95 -4792 3573 1219
06/95 -13434 10221 3213
06/95 -17436 12864 4572
07/95 -18152 14741 3411
07/95 -16775 12301 4474
07/95 -17493 12984 4509
07/95 -5107 3771 1336
08/95 -2465 1800 665
08/95 -6102 3743 2359
08/95 -9659 6650 3009
08/95 -14684 9853 4831
08/95 -14569 9586 4983
09/95 -9471 5981 3490
09/95 -6933 4219 2714
09/95 -3267 2206 1061
09/95 -5893 3619 2274
10/95 -4648 4062 586
10/95 703 1983 -2686
10/95 1374 -403 -971
10/95 2189 -574 -1615
10/95 609 609 -1218
11/95 -6498 4248 2250
11/95 -7288 4494 2794
11/95 -8365 5336 3029
11/95 -7530 3851 3679
12/95 -7115 3402 3713
12/95 -3739 2460 1279
12/95 -8312 4057 4255
12/95 -7866 4985 2881
01/96 -5913 5115 798
01/96 -39 1639 -1600
01/96 1119 -196 -923
01/96 233 840 -1073
01/96 -916 661 255
02/96 -2662 897 1765
02/96 -712 -394 1106
02/96 527 -1616 1089
02/96 -640 -1828 2468
03/96 -5053 1559 3494
03/96 -7191 3620 3571
03/96 -10304 5119 5185
03/96 -9745 5633 4112
04/96 -7379 4456 2923
04/96 -6579 4867 1712
04/96 -16149 10152 5997
04/96 -17512 10508 7004
04/96 -16346 10698 5648
05/96 -17532 11658 5874
05/96 -17449 11287 6162
05/96 -6811 3033 3778
05/96 -2012 -419 2431
06/96 -254 -801 1055
06/96 2315 -5694 3379
06/96 -1237 -5554 6791
06/96 -9146 -805 9951
07/96 -8433 -1140 9573
07/96 -8194 -1628 9822
07/96 -8929 -2156 11085
07/96 -9808 -1591 11399
07/96 -11094 -1751 12845
08/96 -10123 -3212 13335
08/96 -11025 -3125 14150
08/96 -11343 -1904 13247
08/96 -12430 -431 12861
09/96 -13557 -198 13755
09/96 -14091 2196 11895
09/96 -8753 -43 8796
09/96 -9139 769 8370
10/96 -11698 2450 9248
10/96 -14074 3011 11063
10/96 -14234 3438 10796
10/96 -14780 4134 10646
10/96 -17398 6057 11341
11/96 -16752 5032 11720
11/96 -18855 8036 10819
11/96 -21345 9916 11429
11/96 -23077 12278 10799
12/96 -21585 11966 9619
12/96 -21919 11828 10091
12/96 -17080 8571 8509
12/96 -17009 7632 9377
12/96 -18070 8141 9929
01/97 -21291 10507 10784
01/97 -23149 11013 12136
01/97 -22512 11739 10773
01/97 -22010 11919 10091
02/97 -18493 9711 8782
02/97 -19508 9387 10121
02/97 -20373 9866 10507
02/97 -21851 12191 9660
03/97 -23270 13924 9346
03/97 -22950 12826 10124
03/97 -20298 12339 7959
03/97 -22054 13189 8865
04/97 -20572 11082 9490
04/97 -13666 7701 5965
04/97 -12764 7068 5696
04/97 -16260 6965 9295
04/97 -22278 12061 10217
05/97 -22738 10988 11750
05/97 -26434 13087 13347
05/97 -30870 17655 13215
05/97 -31280 18304 12976
06/97 -31445 19334 12111
06/97 -32658 19466 13192
06/97 -32609 18655 13954
06/97 -24238 15589 8649
07/97 -19307 12017 7290
07/97 -16843 12194 4649
07/97 -9209 5071 4138
07/97 -11149 6344 4805
07/97 -16212 8124 8088
08/97 -14853 9149 5704
08/97 -15129 8977 6152
08/97 -7611 3508 4103
08/97 -5812 894 4918
09/97 -4036 -409 4445
09/97 -2860 -778 3638
09/97 -1282 -1551 2833
09/97 -6792 1375 5417
09/97 -8742 2724 6018
10/97 -6528 1187 5341
10/97 -10220 2169 8051
10/97 -10589 2778 7811
10/97 -7835 1440 6395
11/97 -6122 483 5639
11/97 -5482 -912 6394
11/97 -3069 -3077 6146
11/97 -2152 -3814 5966
12/97 -722 -4586 5308
12/97 1079 -4887 3808
12/97 1452 -5092 3640
12/97 -584 -4246 4830
12/97 -1042 -4684 5726
01/98 -217 -4913 5130
01/98 -242 -4203 4445
01/98 -3654 -2651 6305
01/98 -10707 -370 11077
02/98 -8425 1482 6943
02/98 -3894 -4169 8063
02/98 -2754 -5031 7785
02/98 104 -8944 8840
03/98 -5374 -2825 8199
03/98 -10690 -481 11171
03/98 -17007 4434 12573
03/98 -16319 4069 12250
03/98 -16114 3189 12925
04/98 -8228 -2113 10341
04/98 -12959 1818 11141
04/98 -20056 6141 13915
04/98 -26045 11665 14380
05/98 -25108 11200 13908
05/98 -15339 3917 11422
05/98 -7233 -1264 8497
05/98 -4798 -3549 8347
06/98 -1827 -4862 6689
06/98 -1840 -4109 5949
06/98 1134 -6803 5669
06/98 163 -6675 6512
06/98 2241 -8256 6015
07/98 5990 -12003 6013
07/98 925 -8223 7298
07/98 -7060 -1590 8650
07/98 -14362 3778 10584
08/98 -9726 1534 8192
08/98 -3992 -2018 6010
08/98 -2401 -3469 5870
08/98 -651 -4310 4961
09/98 -242 -4755 4997
09/98 -5139 -1293 6432
09/98 -10335 1430 8905
09/98 -5645 -988 6633
09/98 -8301 371 7930
10/98 -1378 -4000 5378
10/98 -1066 -5412 6478
10/98 -6655 -464 7119
10/98 -2649 -4829 7478
11/98 -620 -5760 6380
11/98 -3389 -4579 7968
11/98 3308 -10316 7008
11/98 3562 -9637 6075
12/98 7206 -11106 3900
12/98 14318 -15783 1465
12/98 16328 -18619 2291
12/98 14656 -17213 2557
12/98 9797 -14622 4825
01/99 11621 -15594 3973
01/99 8634 -14226 5592
01/99 7921 -13591 5670
01/99 8127 -14563 6436
02/99 10750 -14887 4137
02/99 -857 -4345 5202
02/99 2017 -7184 5167
02/99 8295 -15534 7239
03/99 11453 -16640 5187
03/99 9539 -15482 5943
03/99 7832 -14369 6537
03/99 -851 -8670 9521
03/99 -2878 -5696 8574
04/99 -1908 -6925 8833
04/99 -5849 -3509 9358
04/99 -23868 11424 12444
04/99 -28385 15678 12707
05/99 -34983 20449 14534
05/99 -39344 24076 15268
05/99 -38464 24416 14048
05/99 -25244 15207 10037
06/99 -11390 3702 7688
06/99 -6777 449 6328
06/99 -4544 -3165 7709
06/99 -9509 -626 10135
06/99 -14224 3692 10532
07/99 -26684 11882 14802
07/99 -28124 14861 13263
07/99 -28836 15547 13289
07/99 -26325 14867 11458
08/99 -25465 12017 13448
08/99 -26922 12043 14879
08/99 -27346 13808 13538
08/99 -20541 11330 9211
08/99 -26351 15172 11179
09/99 -36023 22099 13924
09/99 -38262 22964 15298
09/99 -40009 25577 14432
09/99 -36225 21885 14340
10/99 -33529 20840 12689
10/99 -21404 12961 8443
10/99 -21410 12347 9063
10/99 -24057 14287 9770
11/99 -25118 12968 12150
11/99 -23465 12586 10879
11/99 -16062 7844 8218
11/99 -14755 6739 8016
11/99 -18923 10122 8801
12/99 -15806 7693 8113
12/99 -14944 6211 8733
12/99 -29918 18042 11876
12/99 -32008 19587 12421
01/00 -34533 21374 13159
01/00 -35118 22328 12790
01/00 -42307 27619 14688
01/00 -39253 26068 13185
02/00 -32913 20947 11966
02/00 -26414 14925 11489
02/00 -26908 15471 11437
02/00 -25113 13761 11352
02/00 -11155 5436 5719
03/00 -8491 4554 3937
03/00 -7044 2217 4827
03/00 -10292 5008 5284
03/00 -8525 3934 4591
04/00 -6604 2550 4054
04/00 -1689 -2926 4615
04/00 763 -6878 6115
04/00 -2714 -3633 6347
05/00 -6200 -322 6522
05/00 -16099 7750 8349
05/00 -19577 11069 8508
05/00 -17814 10297 7517
05/00 -15004 8029 6975
06/00 -8575 3380 5195
06/00 -5563 500 5063
06/00 -10030 4922 5108
06/00 -11200 4777 6423
07/00 -9947 3568 6379
07/00 -10731 4548 6183
07/00 -19187 10514 8673
07/00 -27207 16045 11162
08/00 -28250 17670 10580
08/00 -27650 17805 9845
08/00 -27037 17361 9676
08/00 -21845 14554 7291
08/00 -27679 18178 9501
09/00 -32150 22639 9511
09/00 -35385 25537 9848
09/00 -38412 28836 9576
09/00 -35596 28002 7594
10/00 -24110 18436 5674
10/00 -19937 13970 5967
10/00 -12875 8876 3999
10/00 -5433 2099 3334
10/00 3840 -5538 1698
11/00 5883 -6477 594
11/00 9285 -10902 1617
11/00 11112 -13662 2550
11/00 7777 -11062 3285
12/00 1278 -5322 4044
12/00 -6304 1315 4989
12/00 -5776 2759 3017
12/00 -3515 1064 2451
01/01 1035 -2151 1116
01/01 5298 -5701 403
01/01 5941 -5310 -631
01/01 442 -4518 4076
01/01 2144 -4901 2757
02/01 5419 -6543 1124
02/01 6347 -8458 2111
02/01 5106 -8169 3063
02/01 14029 -12746 -1283
03/01 3215 -6090 2875
03/01 5024 -7619 2595
03/01 13640 -13187 -453
03/01 14644 -15617 973
04/01 18566 -18381 -185
04/01 21174 -21244 70
04/01 21646 -22173 527
04/01 19337 -19317 -20
05/01 15187 -16866 1679
05/01 12984 -14731 1747
05/01 17946 -18372 426
05/01 4039 -7481 3442
05/01 2216 -7410 5194
06/01 11163 -14990 3827
06/01 19193 -19928 735
06/01 20532 -21446 914
06/01 22164 -23018 854
07/01 19499 -20036 537
07/01 19049 -20480 1431
07/01 17590 -20436 2846
07/01 22107 -21584 -523
07/01 18965 -17880 -1085
08/01 18612 -18893 281
08/01 18100 -17438 -662
08/01 15669 -17761 2092
08/01 10967 -14771 3804
09/01 12828 -14086 1258
09/01 17930 -18122 192
09/01 18397 -18073 -324
09/01 19908 -19633 -275
10/01 21495 -21363 -132
10/01 22796 -21921 -875
10/01 25156 -25273 117
10/01 24437 -25137 700
10/01 25029 -25378 349
11/01 25782 -26769 987
11/01 10284 -12700 2416
11/01 333 -3200 2867
11/01 -3507 695 2812
12/01 -11463 7135 4328
12/01 -9628 5959 3669
12/01 -6414 3333 3081
12/01 -5108 1907 3201
12/01 -3987 1687 2300
01/02 -8732 4872 3860
01/02 -11812 7787 4025
01/02 -15347 7818 7529
01/02 -14538 7699 6839
02/02 -22155 13091 9064
02/02 -24729 15081 9648
02/02 -21891 14883 7008
02/02 -13249 6995 6254
03/02 -17798 10440 7358
03/02 -22248 14717 7531
03/02 -29831 21210 8621
03/02 -26093 18396 7697
04/02 -30655 21437 9218
04/02 -16870 9868 7002
04/02 -15252 8248 7004
04/02 -19116 11246 7870
04/02 -16887 10275 6612
05/02 -9617 4346 5271
05/02 -18754 11705 7049
05/02 -14348 8399 5949
05/02 -24004 16131 7873
06/02 -36595 26510 10085
06/02 -42960 33276 9684
06/02 -38205 28201 10004
06/02 -26109 18055 8054
07/02 -31653 23109 8544
07/02 -31353 22771 8582
07/02 -18330 11590 6740
07/02 -670 -2273 2943
07/02 3971 -8154 4183
08/02 8184 -11779 3595
08/02 12454 -15940 3486
08/02 12181 -17395 5214
08/02 11982 -17924 5942
09/02 15137 -19295 4158
09/02 8507 -14437 5930
09/02 5621 -11365 5744
09/02 12191 -16697 4506
10/02 15986 -20608 4622
10/02 16803 -21299 4496
10/02 13865 -20288 6423
10/02 -2559 -6903 9462
10/02 -16752 5493 11259
11/02 -27677 14852 12825
11/02 -29955 17518 12437
11/02 -30275 18503 11772
11/02 -34266 22069 12197
12/02 -39885 26894 12991
12/02 -38691 27237 11454
12/02 -33312 22955 10357
12/02 -24071 15196 8875
12/02 -6783 1160 5623
01/03 -11155 3976 7179
01/03 -24714 15628 9086
01/03 -30447 21935 8512
01/03 -31219 23362 7857
02/03 -37437 28380 9057
02/03 -39227 29916 9311
02/03 -34286 26527 7759
02/03 -31326 23165 8161
03/03 -36757 27462 9295
03/03 -25368 16394 8974
03/03 -21850 13875 7975
03/03 -25127 17791 7336
04/03 -5452 893 4559
04/03 816 -5618 4802
04/03 2564 -8108 5544
04/03 4179 -9821 5642
04/03 5993 -11677 5684
05/03 9846 -15118 5272
05/03 -5465 -2918 8383
05/03 -16336 8014 8322
05/03 -22268 12848 9420
06/03 -28313 17780 10533
06/03 -28303 19785 8518
06/03 -27741 18543 9198
06/03 -27715 18729 8986
07/03 -13786 8542 5244
07/03 -17504 9785 7719
07/03 -33638 24123 9515
07/03 -32117 23505 8612
07/03 -42993 30937 12056
08/03 -46612 34617 11995
08/03 -39819 30567 9252
08/03 -40646 30324 10322
08/03 -38076 29311 8765
09/03 -41392 31793 9599
09/03 -48545 37152 11393
09/03 -44465 34994 9471
09/03 -45313 35151 10162
09/03 -42648 33996 8652
10/03 -53895 40164 13731
10/03 -60982 48382 12600
10/03 -59694 48028 11666
10/03 -56968 45178 11790
11/03 -55995 44407 11588
11/03 -55088 44249 10839
11/03 -44920 34941 9979
11/03 -34351 25849 8502
12/03 -38632 28665 9967
12/03 -36656 26121 10535
12/03 -38679 27617 11062
12/03 -40329 28406 11923
12/03 -38426 26197 12229
01/04 -42250 31269 10981
01/04 -43266 30344 12922
01/04 -43327 29839 13488
01/04 -41659 27980 13679
02/04 -41736 28077 13659
02/04 -39976 26688 13288
02/04 -41105 28887 12218
02/04 -36270 25533 10737
03/04 -35603 23635 11968
03/04 -28698 19773 8925
03/04 -29350 19792 9558
03/04 -27199 18582 8617
03/04 -23493 14759 8734
04/04 -16327 9209 7118
04/04 -15171 7334 7837
04/04 -15373 8774 6599
04/04 -12498 8180 4318
05/04 -10750 7302 3448
05/04 -10043 6923 3120
05/04 -8872 7092 1780
05/04 -13551 8491 5060
06/04 -17915 12106 5809
06/04 -15033 9805 5228
06/04 -6473 3863 2610
06/04 -4889 2695 2194
06/04 -9934 6498 3436
07/04 -12035 8018 4017
07/04 -22353 16295 6058
07/04 -24571 18172 6399
07/04 -19213 14590 4623
08/04 -23656 16390 7266
08/04 -18591 12388 6203
08/04 -27286 19372 7914
08/04 -19487 13552 5935
08/04 -22186 15478 6708
09/04 -18838 12646 6192
09/04 -21692 15167 6525
09/04 -27651 19517 8134
09/04 -32984 24035 8949
10/04 -35819 28247 7572
10/04 -36333 29654 6679
10/04 -19757 13279 6478
10/04 -16951 11638 5313
11/04 -16634 12161 4473
11/04 -21401 14609 6792
11/04 -22788 16039 6749
11/04 -31470 24906 6564
11/04 -34921 28262 6659
12/04 -29961 24000 5961
12/04 -26591 20610 5981
12/04 -29708 23217 6491
12/04 -33600 26523 7077
01/05 -26112 20264 5848
01/05 -24270 18072 6198
01/05 -23294 17581 5713
01/05 -26017 19880 6137
02/05 -22613 17315 5298
02/05 -19101 14818 4283
02/05 -28769 20627 8142
02/05 -34157 27718 6439
03/05 -39521 33226 6295
03/05 -42189 36089 6100
03/05 -35665 30788 4877
03/05 -34382 30231 4151
03/05 -28519 25605 2914
04/05 -30973 27527 3446
04/05 -32129 28146 3983
04/05 -21501 18640 2861
04/05 -24684 22360 2324
05/05 -19747 19380 367
05/05 -16788 16884 -96
05/05 -3689 3321 368
05/05 -3188 3553 -365
05/05 -9273 9492 -219
06/05 -18537 18012 525
06/05 -21556 20812 744
06/05 -25806 22783 3023
06/05 -23111 20711 2400
07/05 -14380 13357 1023
07/05 -16611 15081 1530
07/05 -18495 16877 1618
07/05 -18146 16819 1327
08/05 -18587 18194 393
08/05 -15696 16364 -668
08/05 -15776 14763 1013
08/05 -11711 10862 849
08/05 -10515 9355 1160
09/05 -11309 9767 1542
09/05 -7276 6251 1025
09/05 -8237 6895 1342
09/05 -10435 9217 1218
10/05 -11166 9521 1645
10/05 -11584 11111 473
10/05 -8813 7326 1487
10/05 -2194 1231 963
11/05 -3050 3227 -177
11/05 -5580 5739 -159
11/05 -8329 7527 802
11/05 -5664 6453 -789
11/05 -4455 5212 -757
12/05 -6008 5359 649
12/05 -5795 4659 1136
12/05 -3183 2221 962
12/05 -4002 2761 1241
01/06 -4174 2704 1470
01/06 -4054 1110 2944
01/06 -5571 2256 3315
01/06 -5834 2746 3088
01/06 -6151 1173 4978
02/06 -6896 3752 3144
02/06 -3716 603 3113
02/06 -766 -2430 3196
02/06 2078 -4559 2481
03/06 1255 -2707 1452
03/06 -2040 711 1329
03/06 -5620 3010 2610
03/06 -4421 1542 2879
04/06 -2394 -388 2782
04/06 -3056 -1428 4484
04/06 -3368 -1564 4932
04/06 -1220 -2629 3849
05/06 -1734 -2004 3738
05/06 -2979 -915 3894
05/06 -617 -2482 3099
05/06 4800 -6511 1711
05/06 5919 -6372 453
06/06 7385 -7302 -83
06/06 6756 -5656 -1100
06/06 4632 -3252 -1380
06/06 4799 -3710 -1089
07/06 3292 -2439 -853
07/06 2305 -2214 -91
07/06 4529 -3349 -1180
07/06 6943 -5694 -1249
08/06 6751 -6307 -444
08/06 6997 -6594 -403
08/06 8697 -8024 -673
08/06 10695 -9718 -977
08/06 11844 -11180 -664
09/06 10102 -8723 -1379
09/06 10163 -9394 -769
09/06 11160 -11042 -118
09/06 12089 -9601 -2488
10/06 11938 -12293 355
10/06 15011 -13287 -1724
10/06 9451 -8924 -527
10/06 10265 -9748 -517
10/06 11314 -10943 -371
11/06 14127 -13640 -487
11/06 19172 -17010 -2162
11/06 20944 -18102 -2842
11/06 22339 -17636 -4703
12/06 21218 -17082 -4136
12/06 20983 -17526 -3457
12/06 22852 -18971 -3881
12/06 24285 -20207 -4078
01/07 23895 -19994 -3901
01/07 22990 -19255 -3735
01/07 23928 -20627 -3301
01/07 23635 -21371 -2264
01/07 23530 -21584 -1946
02/07 23167 -21898 -1269
02/07 21695 -20676 -1019
02/07 22039 -20711 -1328
02/07 20803 -18852 -1951
03/07 19984 -19279 -705
03/07 19953 -18265 -1688
03/07 16064 -15078 -986
03/07 14566 -15790 1224
04/07 12366 -12891 525
04/07 9723 -10024 301
04/07 9522 -8785 -737
04/07 8921 -8483 -438
05/07 7267 -8330 1063
05/07 6401 -8065 1664
05/07 8007 -9051 1044
05/07 11179 -11117 -62
05/07 10645 -11531 886
06/07 8587 -9583 996
06/07 9004 -8982 -22
06/07 8016 -8362 346
06/07 9836 -8923 -913
07/07 7742 -8350 608
07/07 3177 -3909 732
07/07 3597 -3767 170
07/07 2765 -2965 200
07/07 6215 -5415 -800
08/07 7370 -5554 -1816
08/07 9153 -5938 -3215
08/07 11588 -7067 -4521
08/07 11516 -6537 -4979
09/07 9851 -5156 -4695
09/07 9186 -4119 -5067
09/07 6463 -2428 -4035
09/07 2483 78 -2561
10/07 -835 1480 -645
10/07 -3744 4039 -295
10/07 -1195 1969 -774
10/07 1780 -524 -1256
10/07 4307 -2657 -1650
11/07 5565 -3124 -2441
11/07 8517 -6402 -2115
11/07 9659 -6601 -3058
11/07 13789 -7920 -5869
12/07 12013 -8355 -3658
12/07 10360 -7992 -2368
12/07 11263 -9044 -2219
12/07 10872 -8063 -2809
12/07 9765 -7270 -2495
01/08 9278 -6197 -3081
01/08 10857 -8815 -2042
01/08 12719 -9048 -3671
01/08 12918 -9336 -3582
02/08 10875 -7229 -3646
02/08 3248 554 -3802
02/08 -14 3552 -3538
02/08 -4981 5581 -600
03/08 -9142 9096 46
03/08 -9289 10000 -711
03/08 -6865 7343 -478
03/08 -4976 7555 -2579
04/08 -7252 9581 -2329
04/08 -6974 8841 -1867
04/08 -7913 9283 -1370
04/08 -7889 9013 -1124
04/08 -4502 6564 -2062
05/08 -5408 7194 -1786
05/08 -2953 4188 -1235
05/08 -4282 5040 -758
05/08 -1716 3661 -1945
06/08 2743 -887 -1856
06/08 2678 184 -2862
06/08 -407 3189 -2782
06/08 -5592 6618 -1026
07/08 -7643 7438 205
07/08 -6861 6538 323
07/08 -2114 3019 -905
07/08 1355 993 -2348
07/08 6022 -2242 -3780
08/08 7821 -4319 -3502
08/08 11035 -5442 -5593
08/08 15551 -9127 -6424
08/08 17529 -11052 -6477
09/08 18055 -12069 -5986
09/08 18553 -13419 -5134
09/08 18556 -12397 -6159
09/08 14154 -9899 -4255
09/08 21149 -16169 -4980
10/08 23351 -18799 -4552
10/08 21994 -18127 -3867
10/08 21384 -17579 -3805
10/08 19098 -15883 -3215
11/08 18191 -16158 -2033
11/08 17628 -15409 -2219
11/08 18122 -16244 -1878
11/08 19127 -16097 -3030
12/08 20205 -17722 -2483
12/08 19756 -17217 -2539
12/08 19112 -18241 -871
12/08 19937 -19068 -869
12/08 21510 -19445 -2065
01/09 20363 -19689 -674
01/09 26017 -23106 -2911
01/09 26932 -25309 -1623
01/09 27071 -25530 -1541
02/09 27299 -25238 -2061
02/09 25604 -24645 -959
02/09 28842 -27427 -1415
02/09 29085 -27494 -1591
03/09 26871 -24897 -1974
03/09 19165 -20076 911
03/09 16856 -18847 1991
03/09 15976 -18415 2439
03/09 18055 -18525 470
04/09 16615 -17398 783
04/09 16656 -18861 2205
04/09 17356 -19480 2124
04/09 16284 -17885 1601
05/09 17059 -18538 1479
05/09 15791 -18739 2948
05/09 14879 -18808 3929
05/09 15473 -17712 2239
06/09 15440 -18654 3214
06/09 14562 -18769 4207
06/09 14962 -18464 3502
06/09 20601 -21735 1134
06/09 21618 -20064 -1554
07/09 20784 -20961 177
07/09 20497 -20137 -360
07/09 15239 -16060 821
07/09 13398 -14575 1177
08/09 8920 -10654 1734
08/09 8808 -10410 1602
08/09 93 -1257 1164
08/09 1307 -1244 -63
09/09 4075 -3548 -527
09/09 1781 -2248 467
09/09 1127 -2333 1206
09/09 1583 -3537 1954
09/09 6614 -6281 -333
10/09 5175 -4771 -404
10/09 489 -1829 1340
10/09 -3900 1685 2215
10/09 -9427 9055 372
11/09 -10861 9062 1799
11/09 -10804 7562 3242
11/09 -11421 9251 2170
11/09 -13039 11136 1903
12/09 -11644 11220 424
12/09 -14198 12626 1572
12/09 -11893 10477 1416
12/09 -10039 8575 1464
12/09 -16398 14534 1864
01/10 -18432 16528 1904
01/10 -26903 22541 4362
01/10 -30974 27667 3307
01/10 -29406 28770 636
02/10 -18723 18272 451
02/10 -12128 13650 -1522
02/10 -11029 14080 -3051
02/10 -14391 15964 -1573
03/10 -12913 15867 -2954
03/10 -16964 18278 -1314
03/10 -17163 19004 -1841
03/10 -15713 18051 -2338
03/10 -20924 21657 -733
04/10 -24568 22946 1622
04/10 -23781 23468 313
04/10 -21201 20914 287
04/10 -20171 19810 361
05/10 -13338 13490 -152
05/10 -8518 10598 -2080
05/10 -4079 7225 -3146
05/10 -520 3983 -3463
06/10 -2534 5311 -2777
06/10 -703 1282 -579
06/10 1039 1436 -2475
06/10 1148 1473 -2621
06/10 154 2862 -3016
07/10 1793 2185 -3978
07/10 -504 4358 -3854
07/10 742 3915 -4657
07/10 -5182 11250 -6068
08/10 -8905 12960 -4055
08/10 -14277 16646 -2369
08/10 -12066 14479 -2413
08/10 -4710 9414 -4704
08/10 -10589 13230 -2641
09/10 -13091 14783 -1692
09/10 -17436 16409 1027
09/10 -18747 17081 1666
09/10 -23747 22162 1585
10/10 -26626 24399 2227
10/10 -27323 24068 3255
10/10 -29337 26150 3187
10/10 -29186 26463 2723
11/10 -28565 25208 3357
11/10 -34883 30089 4794
11/10 -29204 25960 3244
11/10 -25426 22790 2636
11/10 -23909 21107 2802
12/10 -32311 26432 5879
12/10 -34846 30268 4578
12/10 -35704 32163 3541
12/10 -35147 31802 3345
01/11 -34957 31613 3344
01/11 -36201 30107 6094
01/11 -34305 30189 4116
01/11 -27546 23912 3634
02/11 -28148 24711 3437
02/11 -33230 29460 3770
02/11 -33673 29039 4634
02/11 -28534 23230 5304
03/11 -27951 26619 1332
03/11 -25929 24310 1619
03/11 -22500 23362 -862
03/11 -23277 21822 1455
03/11 -28994 27044 1950
04/11 -27840 22384 5456
04/11 -35687 30990 4697
04/11 -26893 25059 1834
04/11 -26426 23678 2748
05/11 -19795 21004 -1209
05/11 -8451 11819 -3368
05/11 -3168 7745 -4577
05/11 -2547 6028 -3481
05/11 -7533 9980 -2447
06/11 -8548 9728 -1180
06/11 -8926 10734 -1808
06/11 -6647 9765 -3118
06/11 -5788 10005 -4217
07/11 -18589 18963 -374
07/11 -25564 23786 1778
07/11 -27815 23749 4066
07/11 -27302 24591 2711
08/11 -26219 24263 1956
08/11 -9535 10861 -1326
08/11 -890 5894 -5004
08/11 1300 3850 -5150
08/11 1472 2702 -4174
09/11 2013 3497 -5510
09/11 4056 1828 -5884
09/11 9677 -3299 -6378
09/11 8555 -1462 -7093
10/11 9323 -3418 -5905
10/11 14419 -7059 -7360
10/11 13547 -5339 -8208
10/11 10902 -2938 -7964
11/11 6581 1787 -8368
11/11 4163 312 -4475
11/11 5541 -1114 -4427
11/11 9639 -4222 -5417
11/11 9606 -3308 -6298
12/11 7724 -2632 -5092
12/11 7953 -3356 -4597
12/11 11372 -4955 -6417
12/11 10383 -3592 -6791
01/12 7834 -1548 -6286
01/12 6835 -1710 -5125
01/12 2132 2311 -4443
01/12 174 4523 -4697
01/12 -1225 4183 -2958
02/12 -4578 7042 -2464
02/12 -8714 9709 -995
02/12 -7019 9537 -2518
02/12 -8735 10511 -1776
03/12 -7215 11585 -4370
03/12 -7082 9072 -1990
03/12 -8751 12275 -3524
03/12 -6290 8074 -1784
04/12 -6977 9529 -2552
04/12 2084 419 -2503
04/12 8378 1257 -9635
04/12 10058 2322 -12380
05/12 6648 3890 -10538
05/12 7241 3531 -10772
05/12 14625 -3858 -10767
05/12 22032 -10098 -11934
05/12 24247 -11638 -12609
06/12 27689 -16637 -11052
06/12 24463 -14952 -9511
06/12 23913 -14282 -9631
06/12 27058 -16844 -10214
07/12 21338 -13218 -8120
07/12 19383 -10365 -9018
07/12 16693 -8287 -8406
07/12 23346 -13069 -10277
07/12 24070 -14720 -9350
08/12 26443 -17260 -9183
08/12 25554 -17771 -7783
08/12 19342 -12879 -6463
08/12 14031 -8096 -5935
09/12 17474 -10059 -7415
09/12 2711 2529 -5240
09/12 -287 3004 -2717
09/12 -2406 5132 -2726
10/12 -6998 9014 -2016
10/12 -10477 11819 -1342
10/12 -8349 11495 -3146
10/12 -5902 6903 -1001
10/12 1649 -2294 645
11/12 3724 -2197 -1527
11/12 6709 -4424 -2285
11/12 7790 -3431 -4359
11/12 7082 -2979 -4103
12/12 -2234 9052 -6818
12/12 -10088 12631 -2543
12/12 -13745 15054 -1309
12/12 -8731 7711 1020
12/12 -10138 9331 807
01/13 -15939 12376 3563
01/13 -16219 11982 4237
01/13 -15747 9535 6212
01/13 -16438 9367 7071
02/13 -23923 16204 7719
02/13 -21747 15862 5885
02/13 -16782 9317 7465
02/13 -1965 -728 2693
03/13 7708 -5587 -2121
03/13 9100 -6144 -2956
03/13 16091 -16170 79
03/13 21764 -20187 -1577
04/13 27122 -27005 -117
04/13 29218 -27839 -1379
04/13 30373 -24127 -6246
04/13 29101 -21389 -7712
04/13 30700 -23999 -6701
05/13 28397 -19190 -9207
05/13 26165 -17455 -8710
05/13 22211 -13542 -8669
05/13 20702 -13566 -7136
06/13 18902 -9945 -8957
06/13 25790 -18047 -7743
06/13 32527 -26439 -6088
06/13 39801 -31689 -8112
07/13 36582 -28541 -8041
07/13 35638 -28048 -7590
07/13 28780 -22380 -6400
07/13 29477 -23104 -6373
07/13 37395 -31094 -6301
08/13 30027 -21577 -8450
08/13 13479 -6834 -6645
08/13 7241 -120 -7121
08/13 4950 -793 -4157
09/13 9438 -4452 -4986
09/13 13687 -8573 -5114
09/13 20668 -15253 -5415
09/13 11298 -7250 -4048
10/13 7365 -1334 -6031
10/13 8714 -3884 -4830
10/13 13889 -7728 -6161
10/13 1087 3615 -4702
10/13 15123 -10015 -5108
11/13 14355 -9784 -4571
11/13 22712 -18968 -3744
11/13 38868 -33898 -4970
11/13 35517 -30028 -5489
12/13 31222 -27351 -3871
12/13 17307 -13133 -4174
12/13 2944 2379 -5323
12/13 -984 4735 -3751
12/13 -8824 10363 -1539
01/14 -11765 12428 -663
01/14 -4159 7037 -2878
01/14 -4944 9713 -4769
01/14 3877 4 -3881
02/14 18919 -13419 -5500
02/14 24950 -18050 -6900
02/14 19570 -13834 -5736
02/14 16020 -8079 -7941
03/14 19250 -13241 -6009
03/14 30110 -21560 -8550
03/14 35330 -28326 -7004
03/14 36434 -32975 -3459
04/14 32470 -25795 -6675
04/14 24931 -18501 -6430
04/14 27337 -21466 -5871
04/14 26090 -19917 -6173
04/14 20301 -13881 -6420
05/14 22668 -17453 -5215
05/14 14765 -10063 -4702
05/14 10656 -5593 -5063
05/14 12294 -4378 -7916
06/14 14735 -9740 -4995
06/14 19945 -15329 -4616
06/14 23268 -18039 -5229
06/14 12582 -7833 -4749
07/14 4793 -1764 -3029
07/14 -3917 7132 -3215
07/14 -11590 14627 -3037
07/14 -6857 8802 -1945
07/14 -2549 4319 -1770
08/14 -4921 7506 -2585
08/14 3243 -1433 -1810
08/14 8873 -6114 -2759
08/14 2678 127 -2805
09/14 8937 -3790 -5147
09/14 14605 -9519 -5086
09/14 19591 -13456 -6135
09/14 26831 -19695 -7136
09/14 32581 -23431 -9150
10/14 33990 -24996 -8994
10/14 33455 -23865 -9590
10/14 37544 -27740 -9804
10/14 31125 -21357 -9768
11/14 35875 -25863 -10012
11/14 37381 -25561 -11820
11/14 35453 -24605 -10848
11/14 37168 -28278 -8890
12/14 46583 -34182 -12401
12/14 44210 -32958 -11252
12/14 42690 -29715 -12975
12/14 44080 -32199 -11881
12/14 46485 -35053 -11432
01/15 53991 -41265 -12726
01/15 47814 -35823 -11991
01/15 49926 -36785 -13141
01/15 52553 -40662 -11891
02/15 52813 -40298 -12515
02/15 50710 -41984 -8726
02/15 48981 -38165 -10816
02/15 40268 -30303 -9965
03/15 31934 -22811 -9123
03/15 32354 -21528 -10826
03/15 28170 -17547 -10623
03/15 17576 -9080 -8496
03/15 12914 -4154 -8760
04/15 11176 -4996 -6180
04/15 14830 -7230 -7600
04/15 15428 -12319 -3109
04/15 20296 -16083 -4213
05/15 3678 -452 -3226
05/15 -5613 8516 -2903
05/15 -6776 9341 -2565
05/15 -366 1624 -1258
06/15 11579 -8744 -2835
06/15 17673 -13382 -4291
06/15 20894 -16512 -4382
06/15 26513 -23639 -2874
06/15 24714 -21807 -2907
07/15 31125 -25429 -5696
07/15 26722 -20758 -5964
07/15 26230 -22167 -4063
07/15 31634 -24454 -7180
08/15 38650 -32330 -6320
08/15 40641 -33759 -6882
08/15 35945 -28972 -6973
08/15 31846 -23325 -8521
09/15 28075 -20390 -7685
09/15 19837 -13267 -6570
09/15 10453 -4041 -6412
09/15 19219 -13250 -5969
09/15 23236 -17006 -6230
10/15 16534 -11548 -4986
10/15 10216 -6141 -4075
10/15 8741 -4583 -4158
10/15 6145 -849 -5296
11/15 17974 -11778 -6196
11/15 31569 -27428 -4141
11/15 34358 -29283 -5075
11/15 37396 -33766 -3630
12/15 37540 -34253 -3287
12/15 38154 -34192 -3962
12/15 35843 -32633 -3210
12/15 36307 -30339 -5968
12/15 35670 -30106 -5564
01/16 37150 -31813 -5337
01/16 48172 -42025 -6147
01/16 49154 -43406 -5748
01/16 44125 -36827 -7298
02/16 41927 -35511 -6416
02/16 30764 -26828 -3936
02/16 29061 -27338 -1723
02/16 25980 -22947 -3033
03/16 26263 -24616 -1647
03/16 3656 -2878 -778
03/16 1110 -547 -563
03/16 -1037 918 119
03/16 3465 -4426 961
04/16 10370 -10085 -285
04/16 24253 -22321 -1932
04/16 25420 -24516 -904
04/16 10176 -8076 -2100
05/16 8264 -7460 -804
05/16 22405 -22826 421
05/16 29943 -30646 703
05/16 41785 -41053 -732
05/16 41356 -38827 -2529
06/16 36235 -39294 3059
06/16 45307 -44811 -496
06/16 34485 -32926 -1559
06/16 22484 -19814 -2670
07/16 21919 -19469 -2450
07/16 15631 -14230 -1401
07/16 -891 2364 -1473
07/16 -3695 4818 -1123
08/16 -3437 2682 755
08/16 2715 -5178 2463
08/16 3820 -5074 1254
08/16 2137 -6666 4529
08/16 20538 -21873 1335
09/16 28972 -30225 1253
09/16 24882 -25293 411
09/16 13514 -13151 -363
09/16 1971 -2090 119
10/16 -952 899 53
10/16 -3626 4326 -700
10/16 8513 -11142 2629
10/16 12756 -13754 998
11/16 -6534 11298 -4764
11/16 -37933 39636 -1703
11/16 -43264 44995 -1731
11/16 -48048 46312 1736
11/16 -52600 53361 -761
12/16 -57469 56391 1078
12/16 -60670 61115 -445
12/16 -52552 52026 526
12/16 -48382 45763 2619
01/17 -46943 44484 2459
01/17 -50099 47703 2396
01/17 -49272 46499 2773
01/17 -51724 50310 1414
01/17 -57779 57276 503
02/17 -54652 51559 3093
02/17 -48517 45243 3274
02/17 -47918 42794 5124
02/17 -42726 37998 4728
03/17 -36369 29719 6650
03/17 -26618 22439 4179
03/17 -25857 21670 4187
03/17 -29643 29865 -222
04/17 -29883 26868 3015
04/17 -30265 25845 4420
04/17 -18392 16043 2349
04/17 -11990 12458 -468
05/17 -19482 18538 944
05/17 -8300 8081 219
05/17 -7288 8646 -1358
05/17 -10729 13031 -2302
05/17 -9563 9644 -81
06/17 -13326 12726 600
06/17 -20597 18798 1799
06/17 -14123 12779 1344
06/17 -15010 13688 1322
07/17 -17521 16345 1176
07/17 -14901 12006 2895
07/17 -17580 15330 2250
07/17 -23341 24257 -916
08/17 -32561 31215 1346
08/17 -33927 33136 791
08/17 -37145 36829 316
08/17 -41062 40846 216
08/17 -44826 43652 1174
09/17 -51639 48865 2774
09/17 -51812 46614 5198
09/17 -38803 32587 6216
09/17 -36396 30136 6260
10/17 -39789 33829 5960
10/17 -46596 40738 5858
10/17 -54714 51487 3227
10/17 -56807 53252 3555
10/17 -52443 47593 4850
11/17 -49639 42575 7064
11/17 -45644 39714 5930
11/17 -45913 40613 5300
11/17 -50871 43923 6948
12/17 -35212 26653 8559
12/17 -31129 27754 3375
12/17 -43066 42698 368
12/17 -52813 53269 -456
01/18 -64883 63912 971
01/18 -66222 62284 3938
01/18 -64978 61166 3812
01/18 -59463 52035 7428
01/18 -58394 53839 4555
02/18 -58522 52955 5567
02/18 -48868 44748 4120
02/18 -54690 47301 7389
02/18 -47021 41401 5620
03/18 -49478 41920 7558
03/18 -45532 39635 5897
03/18 -40608 30861 9747
03/18 -26293 19187 7106
04/18 -25277 20910 4367
04/18 -26137 23706 2431
04/18 -36179 30717 5462
04/18 -45131 42636 2495
05/18 -41599 34916 6683
05/18 -39227 33452 5775
05/18 -41277 36355 4922
05/18 -43749 39012 4737
05/18 -41235 37600 3635
06/18 -47851 47707 144
06/18 -71526 70537 989
06/18 -61985 56311 5674
06/18 -40114 34045 6069
07/18 -30116 25505 4611
07/18 -16738 14183 2555
07/18 -12563 9113 3450
07/18 -11103 9367 1736
07/18 -9425 8224 1201
08/18 -5456 2190 3266
08/18 -6064 3088 2976
08/18 1476 -1699 223
08/18 -825 291 534
09/18 5006 -5977 971
09/18 8846 -8894 48
09/18 1881 -191 -1690
09/18 -11728 11104 624
10/18 -13272 11975 1297
10/18 -8924 8247 677
10/18 -8958 8918 40
10/18 -10010 9347 663
10/18 -2321 667 1654
11/18 -6777 6386 391
11/18 -3752 3415 337
11/18 -13124 12602 522
11/18 -10236 10692 -456
12/18 -11853 10683 1170
12/18 -6806 7247 -441
12/18 1664 -2678 1014
12/18 9214 -9852 638
12/18 9391 -10348 957
01/19 19023 -19452 429
01/19 26905 -27592 687
01/19 22223 -24525 2302
01/19 20276 -21913 1637
02/19 5641 -6082 441
02/19 -1958 1203 755
02/19 -2437 878 1559
02/19 -26621 22384 4237
03/19 -34124 31256 2868
03/19 -29669 25567 4102
03/19 -21069 16355 4714
03/19 -4872 1942 2930
04/19 -10781 4556 6225
04/19 -8443 3014 5429
04/19 -9830 5312 4518
04/19 -8865 2126 6739
04/19 -4799 -133 4932
05/19 8603 -12878 4275
05/19 15712 -19366 3654
05/19 19398 -21719 2321
05/19 23090 -23833 743
06/19 24612 -26746 2134
06/19 27106 -30521 3415
06/19 21641 -23952 2311
06/19 22162 -26539 4377
07/19 25027 -29216 4189
07/19 35015 -39987 4972
07/19 28577 -31943 3366
07/19 20202 -24049 3847
07/19 24737 -28755 4018
08/19 56967 -58449 1482
08/19 53324 -53600 276
08/19 47237 -48945 1708
08/19 55885 -58480 2595
09/19 58997 -58841 -156
09/19 40421 -41186 765
09/19 32692 -36950 4258
09/19 37358 -40739 3381
10/19 43046 -46773 3727
10/19 47981 -48093 112
10/19 45778 -47255 1477
10/19 40840 -41573 733
10/19 24094 -25225 1131
11/19 20249 -23311 3062
11/19 21287 -26287 5000
11/19 32554 -35106 2552
11/19 36638 -38562 1924
12/19 35628 -37707 2079
12/19 16102 -17148 1046
12/19 -4435 169 4266
12/19 -7416 3467 3949
12/19 -11058 5144 5914
01/20 -2798 -3140 5938
01/20 -9271 3467 5804
01/20 -11902 5789 6113
01/20 9345 -14390 5045
02/20 29475 -34319 4844
02/20 40423 -45659 5236
02/20 37630 -42013 4383
02/20 42609 -44219 1610
03/20 38511 -38880 369
03/20 40186 -39066 -1120
03/20 39802 -38055 -1747
03/20 30820 -26447 -4373
03/20 27856 -24833 -3023
04/20 26762 -25576 -1186
04/20 25799 -24730 -1069
04/20 23282 -20922 -2360
04/20 19483 -16783 -2700
05/20 20976 -19157 -1819
05/20 17272 -15529 -1743
05/20 15846 -13416 -2430
05/20 10030 -9639 -391
06/20 1683 -946 -737
06/20 -12336 12311 25
06/20 -12151 9602 2549
06/20 -18418 16698 1720
06/20 -21684 20577 1107
07/20 -26753 23812 2941
07/20 -37235 33408 3827
07/20 -41929 38634 3295
07/20 -46193 42490 3703
08/20 -44239 38850 5389
08/20 -35964 33633 2331
08/20 -46087 43518 2569
08/20 -52262 47864 4398
09/20 -60315 53116 7199
09/20 -60509 55750 4759
09/20 -62338 58607 3731
09/20 -68912 67841 1071
09/20 -56329 54062 2267
10/20 -54904 53578 1326
10/20 -61238 59216 2022
10/20 -69049 67265 1784
10/20 -71149 66916 4233
11/20 -64770 61138 3632
11/20 -67762 65069 2693
11/20 -71918 67162 4756
11/20 -78689 73771 4918
12/20 -84490 79856 4634
12/20 -86228 80039 6189
12/20 -79302 72120 7182
12/20 -80492 71438 9054
12/20 -81905 71281 10624
01/21 -79401 69238 10163
01/21 -76043 66642 9401
01/21 -77157 68106 9051
01/21 -78743 70268 8475
02/21 -75744 66346 9398
02/21 -81319 71295 10024
02/21 -85670 73909 11761
02/21 -86522 75405 11117
03/21 -77767 66017 11750
03/21 -62850 51379 11471
03/21 -58167 46379 11788
03/21 -55145 45408 9737
03/21 -53819 43867 9952
04/21 -53629 43010 10619
04/21 -48614 35995 12619
04/21 -55616 42863 12753
04/21 -61497 49261 12236
05/21 -63747 53770 9977
05/21 -58319 45831 12488
05/21 -50834 38978 11856
05/21 -36202 23713 12489
06/21 -31443 18523 12920
06/21 -26103 14635 11468
06/21 -23417 10771 12646
06/21 -16724 7686 9038
06/21 -18841 11361 7480
07/21 -25582 15773 9809
07/21 -26988 16979 10009
07/21 -27378 20273 7105
07/21 -43007 37351 5656
08/21 -45190 35060 10130
08/21 -39232 29031 10201
08/21 -29655 20080 9575
08/21 -13610 8624 4986
08/21 -27099 21907 5192
09/21 -29463 23592 5871
09/21 -36109 28779 7330
09/21 -24484 19270 5214
09/21 -21720 18577 3143
10/21 -18918 14417 4501
10/21 -25867 22481 3386
10/21 -46208 40584 5624
10/21 -45870 37279 8591
11/21 -41294 32335 8959
11/21 -33194 22789 10405
11/21 -30805 20337 10468
11/21 -20941 13722 7219
11/21 -15763 9191 6572
12/21 -14219 7204 7015
12/21 -13108 6697 6411
12/21 -9777 4437 5340
12/21 -19679 14383 5296
01/22 -24845 19759 5086
01/22 -22541 16706 5835
01/22 -30538 22310 8228
01/22 -32836 26481 6355
02/22 -21053 16155 4898
