01/86 -25 29050 -29025
01/86 75810 -2010 -73800
02/86 98735 -36245 -62490
02/86 83900 -42100 -41800
03/86 56385 -39365 -17020
03/86 48150 -28090 -20060
04/86 131825 -51090 -80735
04/86 20995 -5535 -15460
05/86 -43585 47685 -4100
05/86 -18850 24710 -5860
06/86 50720 -12800 -37920
06/86 93280 -39440 -53840
07/86 102415 -39350 -63065
07/86 100505 -45810 -54695
08/86 109805 -42510 -67295
08/86 131595 -62470 -69125
09/86 140955 -62115 -78840
09/86 16305 10555 -26860
10/86 67185 -29110 -38075
10/86 -23105 19390 3715
11/86 -3475 10790 -7315
11/86 4235 1140 -5375
12/86 75625 -30545 -45080
12/86 141855 -42910 -98945
01/87 149035 -40600 -108435
01/87 159380 -39180 -120200
02/87 188095 -54000 -134095
02/87 166880 -28160 -138720
03/87 77575 -10125 -67450
03/87 35030 13950 -48980
04/87 -27710 50415 -22705
04/87 -24415 51650 -27235
05/87 -83880 72970 10910
05/87 -59970 61030 -1060
06/87 -109705 75070 34635
06/87 -35135 54600 -19465
07/87 56460 -3720 -52740
07/87 49765 -9430 -40335
08/87 95795 -34330 -61465
08/87 54385 135 -54520
09/87 -16725 42255 -25530
09/87 -22740 63400 -40660
10/87 -52775 78510 -25735
10/87 -1300 44715 -43415
11/87 -10785 42600 -31815
11/87 -38575 63665 -25090
12/87 -7320 43385 -36065
12/87 19120 27960 -47080
01/88 -85780 77115 8665
01/88 -25850 85715 -59865
02/88 -56780 98390 -41610
02/88 -72165 93915 -21750
03/88 19570 18045 -37615
03/88 -94795 120195 -25400
04/88 -16120 67660 -51540
04/88 -18005 36950 -18945
05/88 -3990 29615 -25625
05/88 -129015 119330 9685
06/88 -233495 184785 48710
06/88 -287350 150875 136475
07/88 -332660 180040 152620
07/88 -213515 146900 66615
08/88 -194885 109915 84970
08/88 -141130 87150 53980
09/88 -82345 85395 -3050
09/88 -75685 91285 -15600
10/88 -142365 136200 6165
10/88 -135710 78400 57310
11/88 -23170 19725 3445
11/88 18585 15290 -33875
12/88 -98395 93460 4935
12/88 -99875 109960 -10085
01/89 -134700 129795 4905
01/89 -40405 62740 -22335
02/89 16170 26320 -42490
02/89 -35565 45855 -10290
03/89 -96660 79780 16880
03/89 112600 -20195 -92405
04/89 66420 3445 -69865
04/89 29000 46305 -75305
05/89 85 54040 -54125
05/89 93865 9115 -102980
06/89 76090 24660 -100750
06/89 44195 32380 -76575
07/89 20690 38340 -59030
07/89 145920 -18650 -127270
08/89 64845 21135 -85980
08/89 51880 44045 -95925
09/89 62690 41443 -104133
09/89 55875 48735 -104610
10/89 18735 98410 -117145
10/89 -47260 158980 -111720
11/89 -104740 157620 -52880
11/89 -14165 60250 -46085
12/89 -42125 73490 -31365
12/89 -66140 83170 -17030
01/90 -110590 136480 -25890
01/90 -20370 124895 -104525
02/90 -109765 166065 -56300
02/90 -230255 259965 -29710
03/90 -213015 223130 -10115
03/90 -287815 312780 -24965
04/90 -288625 336855 -48230
04/90 -306770 372100 -65330
05/90 -237015 329100 -92085
05/90 -143860 253415 -109555
06/90 -174805 248245 -73440
06/90 -281975 306000 -24025
07/90 -74055 111430 -37375
07/90 -12285 75335 -63050
08/90 32445 25325 -57770
08/90 87345 -15970 -71375
09/90 139235 -65630 -73605
09/90 117530 -42760 -74770
10/90 72075 -12970 -59105
10/90 48755 -11520 -37235
11/90 104970 -33580 -71390
11/90 92085 -24595 -67490
12/90 42925 -3510 -39415
12/90 75745 -16825 -58920
01/91 34210 4795 -39005
01/91 -173145 212130 -38985
02/91 -123635 142865 -19230
02/91 -151950 157815 -5865
03/91 -125890 151605 -25715
03/91 -89025 111245 -22220
04/91 -137655 157000 -19345
04/91 -11710 58965 -47255
05/91 153355 -86090 -67265
05/91 130215 -66235 -63980
06/91 145060 -79115 -65945
06/91 165875 -95675 -70200
07/91 143480 -67905 -75575
07/91 -200845 177150 23695
08/91 -141040 131260 9780
08/91 -120840 122810 -1970
09/91 -178715 168400 10315
09/91 -113530 134085 -20555
10/91 -98655 142895 -44240
10/91 -205570 208850 -3280
11/91 -75405 59230 16175
11/91 -10425 27610 -17185
12/91 -55325 72040 -16715
12/91 -96890 113400 -16510
01/92 -197750 207375 -9625
01/92 -314015 294155 19860
02/92 -308575 268005 40570
02/92 -270625 258305 12320
03/92 -261475 232790 28685
03/92 -114855 135110 -20255
04/92 22640 26675 -49315
04/92 96155 -26380 -69775
05/92 3250 71440 -74690
05/92 26490 66735 -93225
06/92 54600 65055 -119655
06/92 119715 4545 -124260
07/92 246025 -46790 -199235
07/92 272565 -81840 -190725
08/92 283550 -74605 -208945
08/92 270400 -73535 -196865
09/92 228635 -52985 -175650
09/92 292010 -65365 -226645
10/92 351275 -99155 -252120
10/92 359185 -107980 -251205
10/92 351070 -105850 -245220
10/92 362765 -105310 -257455
11/92 277155 -55335 -221820
11/92 282085 -67510 -214575
11/92 163360 11135 -174495
11/92 127575 28415 -155990
12/92 149115 14010 -163125
12/92 143775 16310 -160085
12/92 127565 29980 -157545
12/92 135515 17910 -153425
12/92 145700 20050 -165750
01/93 171240 -1185 -170055
01/93 106050 16930 -122980
01/93 101585 20920 -122505
01/93 107930 23835 -131765
02/93 165110 -17255 -147855
02/93 166230 -19935 -146295
02/93 148125 -22425 -125700
02/93 120895 -13625 -107270
03/93 52500 37645 -90145
03/93 9330 56125 -65455
03/93 -23840 59130 -35290
03/93 -145980 131155 14825
03/93 -210760 175010 35750
04/93 -219360 178550 40810
04/93 -260245 197895 62350
04/93 -196875 153195 43680
04/93 -132710 111735 20975
05/93 -159780 113125 46655
05/93 -146170 107640 38530
05/93 -146215 100825 45390
05/93 -115535 91890 23645
06/93 -70790 55475 15315
06/93 -64870 50230 14640
06/93 -45305 50090 -4785
06/93 -62370 16610 45760
06/93 -96690 44170 52520
07/93 -316870 186670 130200
07/93 -310565 187190 123375
07/93 -340220 184645 155575
07/93 -373910 197375 176535
08/93 -383365 196750 186615
08/93 -343700 157070 186630
08/93 -346195 159775 186420
08/93 -344005 137155 206850
08/93 -253025 94815 158210
09/93 -167440 54135 113305
09/93 -189785 82565 107220
09/93 -260005 140780 119225
09/93 -255830 154330 101500
10/93 -211125 126740 84385
10/93 -246670 151625 95045
10/93 -358870 290375 68495
10/93 -387830 317760 70070
11/93 -403865 341120 62745
11/93 -403920 331160 72760
11/93 -373070 328500 44570
11/93 -354020 282250 71770
11/93 -330560 284295 46265
12/93 -328830 302715 26115
12/93 -287360 282215 5145
12/93 -293010 320920 -27910
12/93 -277435 324780 -47345
01/94 -288660 337160 -48500
01/94 -288140 330465 -42325
01/94 -208345 275045 -66700
01/94 -164895 249085 -84190
02/94 -86735 188330 -101595
02/94 -101625 192860 -91235
02/94 -152205 203045 -50840
02/94 -87510 119910 -32400
03/94 -79345 121395 -42050
03/94 -32690 65525 -32835
03/94 -61230 68165 -6935
03/94 -101700 88250 13450
03/94 -127955 101510 26445
04/94 -65035 57505 7530
04/94 -40515 54255 -13740
04/94 7810 28695 -36505
04/94 29525 14260 -43785
05/94 16780 25495 -42275
05/94 46125 21810 -67935
05/94 -27395 72125 -44730
05/94 -100220 112710 -12490
05/94 -118045 129760 -11715
06/94 -91220 130190 -38970
06/94 -150350 150695 -345
06/94 -125720 116560 9160
06/94 -4985 64375 -59390
07/94 73345 17195 -90540
07/94 114715 -4055 -110660
07/94 162830 -29075 -133755
07/94 173290 -38640 -134650
08/94 178040 -40335 -137705
08/94 141040 -7420 -133620
08/94 136360 -6070 -130290
08/94 136840 -3460 -133380
08/94 93590 25665 -119255
09/94 73115 40095 -113210
09/94 71965 63640 -135605
09/94 218930 -47415 -171515
09/94 260220 -81205 -179015
10/94 257020 -89445 -167575
10/94 276680 -102710 -173970
10/94 236505 -71075 -165430
10/94 199785 -47415 -152370
11/94 146835 4915 -151750
11/94 110510 23370 -133880
11/94 22355 109840 -132195
11/94 99995 25780 -125775
11/94 246925 -88765 -158160
12/94 172405 -23290 -149115
12/94 97050 82895 -179945
12/94 98125 80680 -178805
12/94 -1680 213930 -212250
01/95 12475 222875 -235350
01/95 1695 234440 -236135
01/95 -28810 309220 -280410
01/95 -26265 300005 -273740
01/95 30130 229190 -259320
02/95 -78725 328950 -250225
02/95 -94780 340795 -246015
02/95 -83260 335850 -252590
02/95 -112400 364340 -251940
03/95 -201285 424685 -223400
03/95 -259310 510820 -251510
03/95 -286405 549725 -263320
03/95 -323270 558195 -234925
04/95 -376375 620975 -244600
04/95 -361600 618230 -256630
04/95 -189060 456555 -267495
04/95 -218055 454055 -236000
05/95 -284820 529060 -244240
05/95 -305360 543870 -238510
05/95 -287800 529915 -242115
05/95 -491050 698530 -207480
05/95 -511775 699445 -187670
06/95 -493920 683005 -189085
06/95 -463285 666025 -202740
06/95 -545600 708755 -163155
06/95 -310065 471595 -161530
07/95 -280145 446945 -166800
07/95 -315175 467770 -152595
07/95 -436720 575185 -138465
07/95 -445710 562350 -116640
08/95 -290035 447670 -157635
08/95 -150615 368400 -217785
08/95 -133480 352015 -218535
08/95 -184000 357035 -173035
08/95 -258320 446710 -188390
09/95 -317170 506235 -189065
09/95 -378015 550855 -172840
09/95 -438560 607235 -168675
09/95 -430330 595290 -164960
10/95 -406480 602025 -195545
10/95 -423890 597720 -173830
10/95 -429755 601640 -171885
10/95 -435830 588505 -152675
10/95 -474520 554585 -80065
11/95 -448395 534895 -86500
11/95 -310375 473850 -163475
11/95 -335555 467005 -131450
11/95 -339610 488960 -149350
12/95 -417025 523100 -106075
12/95 -479855 593130 -113275
12/95 -495715 594795 -99080
12/95 -502155 628660 -126505
01/96 -546175 640295 -94120
01/96 -444505 560465 -115960
01/96 -300705 458590 -157885
01/96 -263890 424795 -160905
01/96 -357250 491850 -134600
02/96 -325760 476885 -151125
02/96 -362415 514570 -152155
02/96 -403905 525160 -121255
02/96 -441295 548300 -107005
03/96 -367350 455995 -88645
03/96 -331295 446790 -115495
03/96 -276595 445725 -169130
03/96 -281805 462660 -180855
04/96 -276825 463845 -187020
04/96 -281770 452575 -170805
04/96 -231935 397370 -165435
04/96 -270840 391230 -120390
04/96 -183420 331710 -148290
05/96 -147965 333510 -185545
05/96 -215815 371325 -155510
05/96 -223785 363720 -139935
05/96 -167060 333510 -166450
06/96 -46545 280095 -233550
06/96 -6075 262945 -256870
06/96 -8820 250050 -241230
06/96 -53060 252420 -199360
07/96 -75065 291015 -215950
07/96 -80955 293045 -212090
07/96 -69275 269050 -199775
07/96 72130 182800 -254930
07/96 175070 91820 -266890
08/96 192055 82805 -274860
08/96 180190 105580 -285770
08/96 151775 122640 -274415
08/96 101620 160260 -261880
09/96 112045 159250 -271295
09/96 140765 138910 -279675
09/96 238085 58815 -296900
09/96 292755 610 -293365
10/96 333750 -41175 -292575
10/96 351465 -55625 -295840
10/96 345295 -93225 -252070
10/96 370105 -112770 -257335
10/96 376520 -143245 -233275
11/96 430040 -186640 -243400
11/96 364690 -180555 -184135
11/96 360490 -169280 -191210
11/96 295140 -166270 -128870
12/96 374580 -226300 -148280
12/96 365905 -208375 -157530
12/96 335810 -191080 -144730
12/96 304210 -188395 -115815
12/96 348465 -200705 -147760
01/97 350010 -203275 -146735
01/97 273945 -122850 -151095
01/97 240960 -76135 -164825
01/97 190245 -35270 -154975
02/97 255735 -83740 -171995
02/97 238740 -84240 -154500
02/97 121940 36095 -158035
02/97 -56355 244855 -188500
03/97 -81555 304035 -222480
03/97 -50160 262460 -212300
03/97 -17320 243555 -226235
03/97 6515 231290 -237805
04/97 12820 234220 -247040
04/97 88055 168580 -256635
04/97 125350 149320 -274670
04/97 98520 181320 -279840
04/97 208880 109600 -318480
05/97 245605 75285 -320890
05/97 286925 13110 -300035
05/97 275500 -1320 -274180
05/97 326060 -52155 -273905
06/97 282500 -41240 -241260
06/97 261975 -44235 -217740
06/97 258615 -61774 -196841
06/97 348145 -135335 -212810
07/97 383415 -166225 -217190
07/97 392700 -193810 -198890
07/97 250480 -71250 -179230
07/97 269740 -62950 -206790
07/97 173530 -4843 -168687
08/97 35255 126315 -161570
08/97 26180 141280 -167460
08/97 -36465 165145 -128680
08/97 -103940 234290 -130350
09/97 -121505 249630 -128125
09/97 -90945 232545 -141600
09/97 -81705 222840 -141135
09/97 -31500 190055 -158555
09/97 15335 152580 -167915
10/97 -109060 230790 -121730
10/97 -260310 375840 -115530
10/97 -331355 420900 -89545
10/97 -328920 411605 -82685
11/97 -265065 371270 -106205
11/97 -229865 316610 -86745
11/97 -235225 287445 -52220
11/97 -191435 238450 -47015
12/97 -191600 240005 -48405
12/97 -156400 206895 -50495
12/97 -20910 75225 -54315
12/97 80455 -22090 -58365
12/97 123705 -70920 -52785
12/97 111505 -47175 -64330
01/98 28389 -13834 -14555
01/98 29139 -10784 -18355
01/98 9757 15078 -24835
01/98 -9038 31883 -22845
02/98 -4834 29815 -24981
02/98 -2319 27386 -25067
02/98 13377 13566 -26943
02/98 20683 5292 -25975
03/98 18604 4983 -23587
03/98 4367 18467 -22834
03/98 6425 18669 -25094
03/98 31253 -895 -30358
03/98 46620 -12570 -34050
04/98 58918 -24253 -34665
04/98 63903 -29433 -34470
04/98 54594 -24071 -30523
04/98 43430 -12726 -30704
05/98 57539 -19876 -37663
05/98 55033 -19438 -35595
05/98 49300 -18409 -30891
05/98 54564 -23319 -31245
06/98 49577 -16816 -32761
06/98 51266 -19242 -32024
06/98 42538 -14101 -28437
06/98 14559 13324 -27883
06/98 6330 20691 -27021
07/98 31681 -1775 -29906
07/98 38692 -11981 -26711
07/98 48124 -21538 -26586
07/98 59402 -24940 -34462
08/98 67530 -29404 -38126
08/98 70440 -32692 -37748
08/98 80692 -40634 -40058
08/98 90520 -45568 -44952
09/98 107829 -53740 -54089
09/98 102863 -48830 -54033
09/98 105801 -52326 -53475
09/98 109246 -50951 -58295
09/98 101580 -45168 -56412
10/98 99357 -43633 -55724
10/98 56916 -6512 -50404
10/98 49162 1631 -50793
10/98 49369 2521 -51890
11/98 46338 4984 -51322
11/98 45731 4995 -50726
11/98 34059 16855 -50914
11/98 38864 11974 -50838
12/98 24981 19995 -44976
12/98 62620 -12292 -50328
12/98 65597 -12609 -52988
12/98 82273 -27161 -55112
12/98 81062 -25519 -55543
01/99 103308 -47615 -55693
01/99 90447 -34427 -56020
01/99 101996 -42356 -59640
01/99 92364 -34782 -57582
02/99 82303 -26112 -56191
02/99 73301 -21722 -51579
02/99 76307 -27243 -49064
02/99 93799 -45445 -48354
03/99 113371 -53820 -59551
03/99 90842 -27139 -63703
03/99 79409 -19512 -59897
03/99 22538 35921 -58459
03/99 2728 58600 -61328
04/99 26106 34016 -60122
04/99 43366 9651 -53017
04/99 36206 14420 -50626
04/99 40312 10550 -50862
05/99 58235 -15603 -42632
05/99 52958 -13893 -39065
05/99 44223 -8534 -35689
05/99 71666 -26323 -45343
06/99 71656 -27120 -44536
06/99 34880 69 -34949
06/99 52730 -18690 -34040
06/99 54574 -29154 -25420
06/99 67594 -41325 -26269
07/99 100282 -61772 -38510
07/99 109076 -69409 -39667
07/99 97185 -59591 -37594
07/99 76921 -37904 -39017
08/99 45407 -677 -44730
08/99 15524 28701 -44225
08/99 21532 21707 -43239
08/99 39324 13293 -52617
08/99 39464 8741 -48205
09/99 29312 15724 -45036
09/99 44006 4373 -48379
09/99 67627 -15695 -51932
09/99 65510 -15419 -50091
10/99 67981 -16985 -50996
10/99 77357 -33661 -43696
10/99 71573 -27191 -44382
10/99 61061 -12260 -48801
11/99 56612 -9762 -46850
11/99 40191 5382 -45573
11/99 53917 -11040 -42877
11/99 72752 -30571 -42181
11/99 67678 -21912 -45766
12/99 51694 -12818 -38876
12/99 57026 -13451 -43575
12/99 43614 -5982 -37632
12/99 35315 707 -36022
01/00 31992 3093 -35085
01/00 5971 22905 -28876
01/00 -51315 90602 -39287
01/00 -70823 109482 -38659
02/00 -59931 108050 -48119
02/00 -62688 105300 -42612
02/00 -67606 112407 -44801
02/00 -52637 96180 -43543
02/00 -29938 68302 -38364
03/00 -44983 81904 -36921
03/00 -89865 124216 -34351
03/00 -102514 133065 -30551
03/00 -81782 107355 -25573
04/00 -73615 103382 -29767
04/00 -62773 89539 -26766
04/00 -62416 81533 -19117
04/00 -69853 81271 -11418
05/00 -98928 112880 -13952
05/00 -112264 123330 -11066
05/00 -94756 98262 -3506
05/00 -92735 93295 -560
05/00 -45468 57785 -12317
06/00 -35325 40397 -5072
06/00 -20488 29720 -9232
06/00 -9430 13334 -3904
06/00 7157 2724 -9881
07/00 19063 -5527 -13536
07/00 25726 -5381 -20345
07/00 48053 -29271 -18782
07/00 37805 -22124 -15681
08/00 49489 -38781 -10708
08/00 60524 -45970 -14554
08/00 75305 -60813 -14492
08/00 71542 -52382 -19160
08/00 64793 -44230 -20563
09/00 53826 -31660 -22166
09/00 56475 -34011 -22464
09/00 66621 -39404 -27217
09/00 48534 -24155 -24379
10/00 25858 -6970 -18888
10/00 3539 12691 -16230
10/00 -14883 30140 -15257
10/00 -15203 33631 -18428
10/00 -21057 38201 -17144
11/00 -58074 67844 -9770
11/00 -56886 73788 -16902
11/00 -49170 64948 -15778
11/00 -37056 57890 -20834
12/00 -35750 55040 -19290
12/00 -20847 42598 -21751
12/00 -48807 65060 -16253
12/00 -55624 68960 -13336
01/01 -78097 94522 -16425
01/01 -81350 96059 -14709
01/01 -34333 59469 -25136
01/01 -16673 41322 -24649
01/01 16374 13677 -30051
02/01 16768 10046 -26814
02/01 20874 4720 -25594
02/01 18879 586 -19465
02/01 16482 2107 -18589
03/01 -11537 24130 -12593
03/01 -5562 17899 -12337
03/01 18756 4298 -23054
03/01 34240 -8931 -25309
04/01 38522 -13331 -25191
04/01 32548 -10768 -21780
04/01 25330 -5842 -19488
04/01 56474 -31850 -24624
05/01 51001 -29524 -21477
05/01 47403 -32689 -14714
05/01 46683 -31487 -15196
05/01 46918 -34583 -12335
05/01 45412 -32111 -13301
06/01 34497 -22663 -11834
06/01 28208 -17504 -10704
06/01 32479 -25470 -7009
06/01 44085 -35833 -8252
07/01 37596 -30398 -7198
07/01 12272 -5342 -6930
07/01 -36839 43831 -6992
07/01 -23577 38028 -14451
07/01 -18351 36120 -17769
08/01 -19653 35422 -15769
08/01 -40108 53755 -13647
08/01 -40458 49922 -9464
08/01 -30216 39150 -8934
09/01 -36617 45966 -9349
09/01 -37016 45795 -8779
09/01 -14567 33871 -19304
09/01 3422 22893 -26315
10/01 25040 7238 -32278
10/01 30403 1011 -31414
10/01 42383 -6770 -35613
10/01 45960 -12758 -33202
10/01 49166 -16302 -32864
11/01 47882 -15482 -32400
11/01 30738 -1425 -29313
11/01 7645 9714 -17359
11/01 35072 -17196 -17876
12/01 10745 12752 -23497
12/01 -2544 25332 -22788
12/01 10489 11711 -22200
12/01 17884 4952 -22836
12/01 33076 -6672 -26404
01/02 28157 -6881 -21276
01/02 19634 -1526 -18108
01/02 15250 1155 -16405
01/02 28987 -12072 -16915
02/02 38027 -19640 -18387
02/02 39989 -24497 -15492
02/02 31964 -15276 -16688
02/02 65135 -47717 -17418
03/02 61358 -45178 -16180
03/02 47970 -36859 -11111
03/02 51229 -40921 -10308
03/02 53575 -43253 -10322
04/02 57744 -47626 -10118
04/02 51201 -41294 -9907
04/02 51352 -38865 -12487
04/02 39172 -29813 -9359
04/02 51468 -37346 -14122
05/02 42475 -29965 -12510
05/02 743 10555 -11298
05/02 -3212 17142 -13930
05/02 -1888 16823 -14935
06/02 -13024 23105 -10081
06/02 -1140 14001 -12861
06/02 -5735 14428 -8693
06/02 -30922 45943 -15021
07/02 -64397 84904 -20507
07/02 -70887 87213 -16326
07/02 -63603 76053 -12450
07/02 -77647 88382 -10735
07/02 -74852 85054 -10202
08/02 -89327 98944 -9617
08/02 -104123 108595 -4472
08/02 -110244 109256 988
08/02 -105680 88572 17108
09/02 -108518 90345 18173
09/02 -114121 100417 13704
09/02 -106554 96008 10546
09/02 -82709 78203 4506
10/02 -68700 63877 4823
10/02 -72582 68574 4008
10/02 -56381 58722 -2341
10/02 -61861 60372 1489
10/02 -62194 55775 6419
11/02 -51419 43242 8177
11/02 -43117 30571 12546
11/02 -55725 33613 22112
11/02 -34729 10914 23815
12/02 -29086 10515 18571
12/02 -20917 1228 19689
12/02 -20862 -1197 22059
12/02 -26331 4303 22028
12/02 -11078 -5548 16626
01/03 -11775 -9140 20915
01/03 15219 -24059 8840
01/03 20515 -28822 8307
01/03 10819 -19632 8813
02/03 11216 -21737 10521
02/03 -9066 -1518 10584
02/03 -8390 3857 4533
02/03 31559 -33512 1953
03/03 35149 -42622 7473
03/03 18653 -27620 8967
03/03 37656 -38438 782
03/03 46149 -49511 3362
04/03 29848 -33966 4118
04/03 -8723 9408 -685
04/03 -21563 19986 1577
04/03 -23408 19507 3901
04/03 5791 -7643 1852
05/03 2997 -12487 9490
05/03 -50860 59277 -8417
05/03 -56462 73270 -16808
05/03 -46903 60636 -13733
06/03 -44023 51961 -7938
06/03 -26650 39605 -12955
06/03 -31193 45155 -13962
06/03 -14156 27374 -13218
07/03 37742 -17124 -20618
07/03 53693 -26721 -26972
07/03 75544 -45024 -30520
07/03 75396 -49347 -26049
07/03 87193 -65174 -22019
08/03 90531 -68936 -21595
08/03 67310 -37962 -29348
08/03 34273 -9088 -25185
08/03 36750 -10844 -25906
09/03 13562 13074 -26636
09/03 -2083 27416 -25333
09/03 17137 16056 -33193
09/03 23611 11254 -34865
09/03 36815 1547 -38362
10/03 34462 3551 -38013
10/03 51357 -11885 -39472
10/03 60624 -20352 -40272
10/03 -2674 39515 -36841
11/03 -34326 68799 -34473
11/03 -59063 85177 -26114
11/03 -61454 84424 -22970
11/03 -59338 80060 -20722
12/03 -77110 95401 -18291
12/03 -101262 117457 -16195
12/03 -111132 127043 -15911
12/03 -101111 121972 -20861
12/03 -69549 90158 -20609
01/04 -90930 112466 -21536
01/04 -119258 141880 -22622
01/04 -130802 164298 -33496
01/04 -136515 176421 -39906
02/04 -135429 179065 -43636
02/04 -139311 180060 -40749
02/04 -144312 182518 -38206
02/04 -170902 201600 -30698
03/04 -166089 206495 -40406
03/04 -164520 206300 -41780
03/04 -174745 214365 -39620
03/04 -177895 214337 -36442
03/04 -166114 203699 -37585
04/04 -170090 203921 -33831
04/04 -173693 205147 -31454
04/04 -137397 165311 -27914
04/04 -129884 159710 -29826
05/04 -137077 159982 -22905
05/04 -103359 132560 -29201
05/04 -72944 103986 -31042
05/04 -64365 94666 -30301
06/04 -81195 107420 -26225
06/04 -99949 137835 -37886
06/04 -72565 112629 -40064
06/04 -49443 91425 -41982
06/04 -32502 74428 -41926
07/04 -3184 54735 -51551
07/04 2179 49275 -51454
07/04 15103 35913 -51016
07/04 42616 15643 -58259
08/04 45911 2136 -48047
08/04 47056 3272 -50328
08/04 48000 -5153 -42847
08/04 48557 -7916 -40641
08/04 48261 -4709 -43552
09/04 47125 146 -47271
09/04 67769 -25972 -41797
09/04 76060 -29227 -46833
09/04 91841 -38940 -52901
10/04 95561 -41592 -53969
10/04 101794 -46721 -55073
10/04 95521 -37720 -57801
10/04 92996 -40624 -52372
11/04 114734 -66170 -48564
11/04 104967 -62601 -42366
11/04 87309 -47829 -39480
11/04 96318 -63317 -33001
11/04 126687 -83778 -42909
12/04 134001 -97627 -36374
12/04 129128 -97365 -31763
12/04 123886 -91211 -32675
12/04 117500 -81127 -36373
01/05 130106 -92435 -37671
01/05 108648 -66936 -41712
01/05 154450 -114004 -40446
01/05 157482 -112487 -44995
02/05 159972 -114037 -45935
02/05 159061 -114265 -44796
02/05 130025 -84655 -45370
02/05 98434 -45386 -53048
03/05 66356 8414 -74770
03/05 54325 26479 -80804
03/05 33883 49343 -83226
03/05 41684 49018 -90702
03/05 54860 33797 -88657
04/05 77910 14500 -92410
04/05 90746 -4557 -86189
04/05 84481 -10167 -74314
04/05 78713 -8069 -70644
05/05 108339 -33287 -75052
05/05 108266 -43263 -65003
05/05 113592 -55440 -58152
05/05 78677 -9491 -69186
05/05 67138 334 -67472
06/05 64937 8330 -73267
06/05 67747 6729 -74476
06/05 25783 43597 -69380
06/05 35520 33470 -68990
07/05 50959 19443 -70402
07/05 42191 31840 -74031
07/05 -10117 75359 -65242
07/05 -12042 65690 -53648
08/05 -16138 67146 -51008
08/05 5531 46152 -51683
08/05 52876 7421 -60297
08/05 50087 -9699 -40388
08/05 78039 -29103 -48936
09/05 70993 -18425 -52568
09/05 90177 -37195 -52982
09/05 83204 -28076 -55128
09/05 87970 -29657 -58313
10/05 77885 -19022 -58863
10/05 81610 -22414 -59196
10/05 65787 -10607 -55180
10/05 68172 -14539 -53633
11/05 56507 -7050 -49457
11/05 44399 -3951 -40448
11/05 35835 -970 -34865
11/05 57564 -25518 -32046
11/05 93664 -38955 -54709
12/05 76389 -31911 -44478
12/05 79102 -28156 -50946
12/05 59714 -10401 -49313
12/05 34715 27114 -61829
01/06 27715 42186 -69901
01/06 26175 50108 -76283
01/06 47073 34259 -81332
01/06 70827 4176 -75003
01/06 1781 92545 -94326
02/06 -21410 131690 -110280
02/06 -32065 138062 -105997
02/06 -50240 155178 -104938
02/06 -62684 173029 -110345
03/06 -51744 160336 -108592
03/06 -34752 154363 -119611
03/06 8896 95307 -104203
03/06 22588 78519 -101107
04/06 -35403 145957 -110554
04/06 -70125 181969 -111844
04/06 -91664 209605 -117941
04/06 -88008 207186 -119178
05/06 -96199 211763 -115564
05/06 -81340 194416 -113076
05/06 -143582 260599 -117017
05/06 -145818 256922 -111104
05/06 -152879 266393 -113514
06/06 -149749 260865 -111116
06/06 -121182 227634 -106452
06/06 -82800 187164 -104364
06/06 -60359 153783 -93424
07/06 -70060 161381 -91321
07/06 -83260 182325 -99065
07/06 -90524 196960 -106436
07/06 -87638 196273 -108635
08/06 -86146 189644 -103498
08/06 -77057 184189 -107132
08/06 -28573 136546 -107973
08/06 -15140 118839 -103699
08/06 -8325 111276 -102951
09/06 -15716 123169 -107453
09/06 1767 102672 -104439
09/06 -12695 116149 -103454
09/06 -42338 158285 -115947
10/06 -57752 176188 -118436
10/06 -69838 185986 -116148
10/06 -86144 202431 -116287
10/06 -103146 225573 -122427
10/06 -93976 218998 -125022
11/06 -119292 230968 -111676
11/06 -134829 242979 -108150
11/06 -163032 279255 -116223
11/06 -184720 282182 -97462
12/06 -178964 279545 -100581
12/06 -184783 292326 -107543
12/06 -188375 303681 -115306
12/06 -194785 309864 -115079
01/07 -188449 300515 -112066
01/07 -160896 279926 -119030
01/07 -221702 322851 -101149
01/07 -249116 333156 -84040
01/07 -249515 332085 -82570
02/07 -246726 326977 -80251
02/07 -283082 369548 -86466
02/07 -303009 387380 -84371
02/07 -310487 395081 -84594
03/07 -281092 359966 -78874
03/07 -245130 322008 -76878
03/07 -244920 321903 -76983
03/07 -220312 299715 -79403
04/07 -193134 268246 -75112
04/07 -203242 274517 -71275
04/07 -190134 262183 -72049
04/07 -165535 239706 -74171
05/07 -177413 250824 -73411
05/07 -171644 242424 -70780
05/07 -165890 238025 -72135
05/07 -160748 225667 -64919
05/07 -144862 212795 -67933
06/07 -183033 249199 -66166
06/07 -194874 252090 -57216
06/07 -212573 267392 -54819
06/07 -165024 225925 -60901
07/07 -116510 185478 -68968
07/07 -121495 194846 -73351
07/07 -91852 169900 -78048
07/07 -84186 167939 -83753
07/07 -91179 176285 -85106
08/07 -88968 176719 -87751
08/07 -93480 184956 -91476
08/07 -88685 183037 -94352
08/07 -87090 187764 -100674
09/07 -68766 169436 -100670
09/07 -69534 174597 -105063
09/07 -87767 189602 -101835
09/07 -109097 206644 -97547
10/07 -84240 185942 -101702
10/07 -51900 159289 -107389
10/07 -53695 166008 -112313
10/07 -54414 164953 -110539
10/07 -73471 189380 -115909
11/07 -107466 226050 -118584
11/07 -117486 232533 -115047
11/07 -130013 234569 -104556
11/07 -132637 235050 -102413
12/07 -150448 258156 -107708
12/07 -176241 276750 -100509
12/07 -206837 310952 -104115
12/07 -220616 323612 -102996
12/07 -223121 329547 -106426
01/08 -232045 338225 -106180
01/08 -229559 349589 -120030
01/08 -214866 334678 -119812
01/08 -219931 331424 -111493
02/08 -240553 342906 -102353
02/08 -253140 356258 -103118
02/08 -277206 372611 -95405
02/08 -302026 379263 -77237
03/08 -299588 376392 -76804
03/08 -279028 358275 -79247
03/08 -244289 326427 -82138
03/08 -212117 294978 -82861
04/08 -212362 290868 -78506
04/08 -239247 326359 -87112
04/08 -245786 335084 -89298
04/08 -245812 336417 -90605
04/08 -230918 312483 -81565
05/08 -239245 333062 -93817
05/08 -253550 350661 -97111
05/08 -257302 360121 -102819
05/08 -247492 352320 -104828
06/08 -236458 344150 -107692
06/08 -260921 358826 -97905
06/08 -235474 330215 -94741
06/08 -227463 339729 -112266
07/08 -238119 328947 -90828
07/08 -208273 312046 -103773
07/08 -170638 279236 -108598
07/08 -138621 246068 -107447
07/08 -144924 258693 -113769
08/08 -116728 226148 -109420
08/08 -96257 193914 -97657
08/08 -100664 199335 -98671
08/08 -99855 193161 -93306
09/08 -92250 188507 -96257
09/08 -81968 180130 -98162
09/08 -83550 176286 -92736
09/08 -99575 188921 -89346
09/08 -72736 168690 -95954
10/08 -44994 134383 -89389
10/08 -44869 120972 -76103
10/08 -35141 106695 -71554
10/08 -23976 87019 -63043
11/08 -28394 93013 -64619
11/08 -2379 53961 -51582
11/08 -5020 49236 -44216
11/08 27970 35348 -63318
12/08 36250 21015 -57265
12/08 31361 28491 -59852
12/08 14423 44886 -59309
12/08 27759 44259 -72018
12/08 13934 45625 -59559
01/09 11192 50464 -61656
01/09 26542 41742 -68284
01/09 24461 47347 -71808
01/09 30756 38794 -69550
02/09 52106 15796 -67902
02/09 44214 22431 -66645
02/09 66323 1080 -67403
02/09 58811 4953 -63764
03/09 53655 15375 -69030
03/09 17102 48641 -65743
03/09 -21366 88197 -66831
03/09 -28193 96926 -68733
03/09 -22659 99716 -77057
04/09 -28331 107985 -79654
04/09 -25612 103059 -77447
04/09 15911 65283 -81194
04/09 26194 49798 -75992
05/09 -14727 94549 -79822
05/09 -65011 150880 -85869
05/09 -76554 170008 -93454
05/09 -93715 194180 -100465
06/09 -113201 206706 -93505
06/09 -112297 210367 -98070
06/09 -63815 173515 -109700
06/09 -20452 127533 -107081
06/09 -4747 113050 -108303
07/09 20983 85508 -106491
07/09 34135 66256 -100391
07/09 67481 34383 -101864
07/09 47537 41323 -88860
08/09 26203 65103 -91306
08/09 23003 71585 -94588
08/09 35320 53430 -88750
08/09 60598 31188 -91786
09/09 66532 22075 -88607
09/09 81644 11426 -93070
09/09 51521 44363 -95884
09/09 57912 43145 -101057
09/09 38561 69069 -107630
10/09 15290 96263 -111553
10/09 -14274 136959 -122685
10/09 -26661 157700 -131039
10/09 -35384 160870 -125486
11/09 -35717 171606 -135889
11/09 -33824 174572 -140748
11/09 -51273 192697 -141424
11/09 -58662 198438 -139776
12/09 -91193 229956 -138763
12/09 -59983 194766 -134783
12/09 -77793 212961 -135168
12/09 -80300 214842 -134542
12/09 -104311 236788 -132477
01/10 -133074 263980 -130906
01/10 -122797 273133 -150336
01/10 -24428 181776 -157348
01/10 17812 143112 -160924
02/10 26445 130339 -156784
02/10 55926 87475 -143401
02/10 51913 89036 -140949
02/10 45120 89997 -135117
03/10 21132 113591 -134723
03/10 22283 110261 -132544
03/10 42141 87268 -129409
03/10 60054 67034 -127088
03/10 92363 36157 -128520
04/10 108892 18135 -127027
04/10 111962 17626 -129588
04/10 80987 47368 -128355
04/10 86075 38320 -124395
05/10 33055 97077 -130132
05/10 15686 116732 -132418
05/10 25273 110881 -136154
05/10 14333 122848 -137181
06/10 20655 123874 -144529
06/10 57571 80949 -138520
06/10 61787 76748 -138535
06/10 42679 94997 -137676
06/10 119389 9828 -129217
07/10 66274 73317 -139591
07/10 -5834 150573 -144739
07/10 -44446 195373 -150927
07/10 -38391 190832 -152441
08/10 -112408 259651 -147243
08/10 -168342 310466 -142124
08/10 -219501 347235 -127734
08/10 -228935 357975 -129040
08/10 -282769 404371 -121602
09/10 -321204 432697 -111493
09/10 -333513 444089 -110576
09/10 -368016 465714 -97698
09/10 -373558 469153 -95595
10/10 -346946 444135 -97189
10/10 -348668 432737 -84069
10/10 -346972 431415 -84443
10/10 -351283 430663 -79380
11/10 -360789 433458 -72669
11/10 -363613 435608 -71995
11/10 -329666 409053 -79387
11/10 -315890 392293 -76403
11/10 -335732 414746 -79014
12/10 -340358 421588 -81230
12/10 -352250 441627 -89377
12/10 -371984 462763 -90779
12/10 -394553 480435 -85882
05/11 -3833 14705 -10872
01/11 -366819 456470 -89651
01/11 -377094 460951 -83857
01/11 -396212 479719 -83507
01/11 -387155 481920 -94765
02/11 -403168 498177 -95009
02/11 -408170 492733 -84563
02/11 -407795 483324 -75529
02/11 -403757 482780 -79023
03/11 -405010 478697 -73687
03/11 -380200 457889 -77689
03/11 -331506 419303 -87797
03/11 -301266 389600 -88334
03/11 -304923 388331 -83408
04/11 -330074 418614 -88540
04/11 -359534 449573 -90039
04/11 -386344 458728 -72384
04/11 -413915 473067 -59152
05/11 -385009 446451 -61442
05/11 -358638 421665 -63027
05/11 -347597 415544 -67947
05/11 -377407 439459 -62052
05/11 -395045 463518 -68473
06/11 -387283 458132 -70849
06/11 -383813 460200 -76387
06/11 -337635 404519 -66884
06/11 -259398 321415 -62017
07/11 -215125 292165 -77040
07/11 -221479 306950 -85471
07/11 -244920 329436 -84516
07/11 -241488 330006 -88518
08/11 -261477 353211 -91734
08/11 -269898 361375 -91477
08/11 -286967 373367 -86400
08/11 -280794 369030 -88236
08/11 -290494 384169 -93675
09/11 -295685 392323 -96638
09/11 -274034 369225 -95191
09/11 -254294 351278 -96984
09/11 -207505 308792 -101287
10/11 -176078 271670 -95592
10/11 -137471 235319 -97848
10/11 -151661 241663 -90002
10/11 -176578 264833 -88255
11/11 -183312 269273 -85961
11/11 -201699 272574 -70875
11/11 -190474 262196 -71722
11/11 -133262 227780 -94518
11/11 -78847 164308 -85461
12/11 -57341 146058 -88717
12/11 -43645 141958 -98313
12/11 -36487 134277 -97790
12/11 -55493 154807 -99314
01/12 -81679 190729 -109050
01/12 -113770 223418 -109648
01/12 -94152 198928 -104776
01/12 -74077 179454 -105377
01/12 -100112 212164 -112052
02/12 -110142 228588 -118446
02/12 -101133 225841 -124708
02/12 -97465 213645 -116180
02/12 -137348 249104 -111756
03/12 -169087 282892 -113805
03/12 -175546 287427 -111881
03/12 -201486 311712 -110226
03/12 -153502 269133 -115631
04/12 -125259 245866 -120607
04/12 -111330 239269 -127939
04/12 -83619 210431 -126812
04/12 -22283 147074 -124791
05/12 -41604 151948 -110344
05/12 -45724 158572 -112848
05/12 -7468 125314 -117846
05/12 -35109 146691 -111582
05/12 5927 106651 -112578
06/12 10421 93566 -103987
06/12 9902 94728 -104630
06/12 -6344 105364 -99020
06/12 -50280 127481 -77201
07/12 -116048 182581 -66533
07/12 -130275 194885 -64610
07/12 -164004 219238 -55234
07/12 -191107 264975 -73868
07/12 -208550 281378 -72828
08/12 -213448 291313 -77865
08/12 -239626 316097 -76471
08/12 -267797 343662 -75865
08/12 -267997 337470 -69473
09/12 -277101 348103 -71002
09/12 -260470 331945 -71475
09/12 -245900 326887 -80987
09/12 -230492 317033 -86541
10/12 -233227 318539 -85312
10/12 -235296 316866 -81570
10/12 -242547 327053 -84506
10/12 -250524 333659 -83135
10/12 -226513 308631 -82118
11/12 -222872 304808 -81936
11/12 -194517 276159 -81642
11/12 -235897 314009 -78112
11/12 -259996 330386 -70390
12/12 -288314 359273 -70959
12/12 -255021 322610 -67589
12/12 -218482 284367 -65885
12/12 -164609 243652 -79043
12/12 -159002 234846 -75844
01/13 -151021 220860 -69839
01/13 -158978 228663 -69685
01/13 -162059 232197 -70138
01/13 -167193 243595 -76402
02/13 -174324 254692 -80368
02/13 -132053 217236 -85183
02/13 -94056 179514 -85458
02/13 -63469 138633 -75164
03/13 -82713 159774 -77061
03/13 -98518 177632 -79114
03/13 -151716 230241 -78525
03/13 -188438 273498 -85060
04/13 -121746 200296 -78550
04/13 -60131 148685 -88554
04/13 -54019 144581 -90562
04/13 -37648 117960 -80312
04/13 -50753 126311 -75558
05/13 -49586 132426 -82840
05/13 -45149 142273 -97124
05/13 -27703 123110 -95407
05/13 -54537 152499 -97962
06/13 -41065 135822 -94757
06/13 -38255 132700 -94445
06/13 -24210 115587 -91377
06/13 -24694 108518 -83824
07/13 63648 32274 -95922
07/13 88911 -3446 -85465
07/13 91502 3387 -94889
07/13 117293 -29910 -87383
07/13 141639 -58425 -83214
08/13 149872 -56898 -92974
08/13 141620 -58882 -82738
08/13 119835 -41926 -77909
08/13 108998 -31773 -77225
09/13 115103 -38268 -76835
09/13 125711 -43720 -81991
09/13 158060 -74806 -83254
09/13 191159 -102276 -88883
10/13 206522 -115220 -91302
10/13 213237 -124101 -89136
10/13 216765 -129060 -87705
10/13 222908 -125795 -97113
10/13 226561 -135254 -91307
11/13 212278 -118338 -93940
11/13 159637 -71134 -88503
11/13 158110 -70499 -87611
11/13 202989 -110067 -92922
12/13 189502 -99422 -90080
12/13 168971 -80559 -88412
12/13 173725 -84761 -88964
12/13 174960 -77043 -97917
12/13 193034 -92875 -100159
01/14 194723 -93965 -100758
01/14 175522 -66214 -109308
01/14 177058 -65191 -111867
01/14 167604 -55582 -112022
02/14 116732 -1293 -115439
02/14 83123 35411 -118534
02/14 58585 53504 -112089
02/14 -7213 126170 -118957
03/14 -82563 198580 -116017
03/14 -114799 234904 -120105
03/14 -117244 242351 -125107
03/14 -130723 258627 -127904
04/14 -186311 308663 -122352
04/14 -193653 318262 -124609
04/14 -180526 307818 -127292
04/14 -157105 290147 -133042
04/14 -190438 322349 -131911
05/14 -189792 325270 -135478
05/14 -177713 312281 -134568
05/14 -119376 254995 -135619
05/14 -80111 221308 -141197
06/14 -75145 217891 -142746
06/14 -45193 184754 -139561
06/14 -33522 174902 -141380
06/14 -3859 137617 -133758
07/14 2517 120481 -122998
07/14 10212 123692 -133904
07/14 28102 103722 -131824
07/14 42252 86384 -128636
07/14 57734 65780 -123514
08/14 46926 77105 -124031
08/14 46899 70630 -117529
08/14 45328 78957 -124285
08/14 57632 67309 -124941
09/14 54512 78727 -133239
09/14 64406 70256 -134662
09/14 50284 81751 -132035
09/14 47258 85712 -132970
09/14 37800 96894 -134694
10/14 33098 86513 -119611
10/14 27314 103767 -131081
10/14 6237 126320 -132557
10/14 -18737 155340 -136603
11/14 -40737 187627 -146890
11/14 -66863 210392 -143529
11/14 -85522 222528 -137006
11/14 -109246 245099 -135853
12/14 -97849 240139 -142290
12/14 -136142 265612 -129470
12/14 -143322 268323 -125001
12/14 -149456 271181 -121725
12/14 -162083 286756 -124673
01/15 -136103 270450 -134347
01/15 -102705 243763 -141058
01/15 -86469 230079 -143610
01/15 -66700 216056 -149356
02/15 -38529 175832 -137303
02/15 -32987 166072 -133085
02/15 -21429 150079 -128650
02/15 -42784 163811 -121027
03/15 -31261 147750 -116489
03/15 -13408 128977 -115569
03/15 46107 62880 -108987
03/15 4630 96386 -101016
03/15 -2070 104374 -102304
04/15 13228 89895 -103123
04/15 47754 46025 -93779
04/15 68716 27313 -96029
04/15 94375 375 -94750
05/15 120333 -30432 -89901
05/15 113383 -31152 -82231
05/15 133593 -53038 -80555
05/15 138669 -54449 -84220
06/15 138632 -63947 -74685
06/15 111789 -25240 -86549
06/15 141902 -65378 -76524
06/15 115449 -46313 -69136
06/15 -14415 110569 -96154
07/15 -92982 208700 -115718
07/15 -152226 258230 -106004
07/15 -207589 323494 -115905
07/15 -196064 305681 -109617
08/15 -137381 241632 -104251
08/15 -108733 197260 -88527
08/15 -72642 160711 -88069
08/15 -55212 151460 -96248
09/15 -58948 148217 -89269
09/15 -21660 105207 -83547
09/15 -57009 129964 -72955
09/15 -59091 129671 -70580
09/15 -67041 133616 -66575
10/15 -112155 177337 -65182
10/15 -80846 146480 -65634
10/15 -35221 100184 -64963
10/15 -42515 104254 -61739
11/15 -42496 101068 -58572
11/15 7901 45043 -52944
11/15 29812 18650 -48462
11/15 59929 -20047 -39882
12/15 37399 971 -38370
12/15 15328 21221 -36549
12/15 -6898 47047 -40149
12/15 25637 11337 -36974
12/15 74649 -39574 -35075
01/16 92473 -61762 -30711
01/16 107387 -83309 -24078
01/16 89375 -57805 -31570
01/16 41138 678 -41816
02/16 16437 25730 -42167
02/16 61737 -14999 -46738
02/16 80755 -40944 -39811
02/16 67316 -24800 -42516
03/16 108260 -76825 -31435
03/16 118853 -100176 -18677
03/16 91708 -74233 -17475
03/16 62941 -43300 -19641
03/16 27693 -1718 -25975
04/16 112957 -85542 -27415
04/16 82609 -55454 -27155
04/16 -22866 64963 -42097
04/16 -113263 168314 -55051
05/16 -109136 164314 -55178
05/16 -77935 128002 -50067
05/16 -93680 145372 -51692
05/16 -128500 183168 -54668
05/16 -181712 248848 -67136
06/16 -250926 327515 -76589
06/16 -280065 362525 -82460
06/16 -236638 328885 -92247
06/16 -212944 289115 -76171
07/16 -142245 217037 -74792
07/16 -77910 148765 -70855
07/16 -66533 130624 -64091
07/16 -13570 72060 -58490
08/16 14451 39216 -53667
08/16 39169 5412 -44581
08/16 43478 -3926 -39552
08/16 41966 2199 -44165
08/16 85367 -46272 -39095
09/16 90966 -61230 -29736
09/16 80806 -36671 -44135
09/16 69138 -35026 -34112
09/16 87984 -46070 -41914
10/16 59402 -25104 -34298
10/16 38326 -636 -37690
10/16 -10580 52533 -41953
10/16 -16008 62012 -46004
11/16 -27202 77970 -50768
11/16 -68221 113435 -45214
11/16 -10785 57298 -46513
11/16 -35990 83335 -47345
11/16 -33548 79956 -46408
12/16 -34325 71613 -37288
12/16 -30837 71299 -40462
12/16 -2740 46021 -43281
12/16 23003 9854 -32857
01/17 675 26024 -26699
01/17 1365 43021 -44386
01/17 -27266 66801 -39535
01/17 -56013 106737 -50724
01/17 -49089 97023 -47934
02/17 -64001 117182 -53181
02/17 -108643 170416 -61773
02/17 -113934 172938 -59004
02/17 -152682 194447 -41765
03/17 -152634 198890 -46256
03/17 -71852 112805 -40953
03/17 -26184 63649 -37465
03/17 51427 -22752 -28675
04/17 31997 -14541 -17456
04/17 37142 -25764 -11378
04/17 47757 -36742 -11015
04/17 78120 -83268 5148
05/17 73302 -76717 3415
05/17 96626 -99807 3181
05/17 93954 -97301 3347
05/17 60074 -66670 6596
05/17 88985 -99501 10516
06/17 19849 -32459 12610
06/17 -89767 85258 4509
06/17 -48122 41900 6222
06/17 19855 -31008 11153
07/17 -44558 43480 1078
07/17 -162358 175745 -13387
07/17 -159706 177147 -17441
07/17 -152566 172065 -19499
08/17 -133542 148195 -14653
08/17 -129034 137764 -8730
08/17 -93381 103259 -9878
08/17 -68609 70508 -1899
08/17 -10527 2376 8151
09/17 -5432 -14000 19432
09/17 4831 -24614 19783
09/17 18850 -38025 19175
09/17 10379 -32927 22548
10/17 29074 -47103 18029
10/17 42145 -61660 19515
10/17 47983 -64177 16194
10/17 60139 -70556 10417
10/17 81210 -91759 10549
11/17 74855 -87000 12145
11/17 121614 -125113 3499
11/17 86238 -92637 6399
11/17 83304 -91852 8548
12/17 48055 -53708 5653
12/17 63163 -75849 12686
12/17 72774 -92972 20198
12/17 57446 -74657 17211
01/18 51199 -69731 18532
01/18 68662 -86714 18052
01/18 70407 -92247 21840
01/18 58168 -77025 18857
01/18 -21012 13754 7258
02/18 -46705 48070 -1365
02/18 -112773 133972 -21199
02/18 -132087 165932 -33845
02/18 -176246 214492 -38246
03/18 -261995 320384 -58389
03/18 -335205 415450 -80245
03/18 -293533 378601 -85068
03/18 -229315 301735 -72420
04/18 -290009 367317 -77308
04/18 -301594 382304 -80710
04/18 -261220 340060 -78840
04/18 -261527 333416 -71889
05/18 -319843 393707 -73864
05/18 -325736 412153 -86417
05/18 -311414 394310 -82896
05/18 -320310 400338 -80028
05/18 -311338 392609 -81271
06/18 -262585 330039 -67454
06/18 -230963 286650 -55687
06/18 -214606 264922 -50316
06/18 -136709 181349 -44640
07/18 -116180 148352 -32172
07/18 -81275 109320 -28045
07/18 -72967 90805 -17838
07/18 -54864 71375 -16511
07/18 -92912 110573 -17661
08/18 -96345 121315 -24970
08/18 -94678 122706 -28028
08/18 -103533 133944 -30411
08/18 -41787 65370 -23583
09/18 -52300 71885 -19585
09/18 -50726 69208 -18482
09/18 23289 -14515 -8774
09/18 394 9497 -9891
10/18 -42888 56165 -13277
10/18 -46643 65935 -19292
10/18 -86691 109611 -22920
10/18 -89786 123280 -33494
10/18 -84364 122464 -38100
11/18 -103297 130340 -27043
11/18 -88310 116992 -28682
11/18 -84365 99095 -14730
11/18 -37371 42022 -4651
12/18 -117635 123729 -6094
12/18 -158683 171710 -13027
12/18 -183290 203128 -19838
12/18 -164145 183789 -19644
12/18 -146875 159953 -13078
01/19 -163644 174337 -10693
01/19 -122149 134858 -12709
01/19 -129597 148002 -18405
01/19 -100838 114872 -14034
02/19 -111131 128217 -17086
02/19 -82489 98302 -15813
02/19 -28489 35832 -7343
02/19 -27248 14943 12305
03/19 24139 -46317 22178
03/19 66192 -102317 36125
03/19 56534 -100695 44161
03/19 15386 -61848 46462
04/19 49331 -105111 55780
04/19 73926 -129238 55312
04/19 94462 -154491 60029
04/19 112463 -173142 60679
04/19 142912 -208292 65380
05/19 118765 -191048 72283
05/19 115579 -183889 68310
05/19 -46482 3245 43237
05/19 -156537 109994 46543
06/19 -250705 224015 26690
06/19 -266070 239375 26695
06/19 -305085 270346 34739
06/19 -353674 307201 46473
07/19 -361020 300799 60221
07/19 -362971 303206 59765
07/19 -375540 318221 57319
07/19 -348709 287036 61673
07/19 -317030 241659 75371
08/19 -297826 221620 76206
08/19 -238428 161639 76789
08/19 -181602 94084 87518
08/19 -123528 38944 84584
09/19 -110781 21012 89769
09/19 -82153 -7478 89631
09/19 -60653 -38740 99393
09/19 -51962 -41921 93883
10/19 -74904 -14006 88910
10/19 -82924 -4262 87186
10/19 -75810 -4247 80057
10/19 -66608 -11379 77987
10/19 -70398 -8053 78451
11/19 -54017 -25987 80004
11/19 -49552 -31986 81538
11/19 -55156 -26494 81650
11/19 -50520 -37462 87982
12/19 -86245 -1936 88181
12/19 -80699 -17821 98520
12/19 -97714 2668 95046
12/19 -120459 26634 93825
12/19 -123145 36249 86896
01/20 -128356 40231 88125
01/20 -114310 35915 78395
01/20 -124320 48023 76297
01/20 -139821 73420 66401
02/20 -120527 52619 67908
02/20 -110159 38221 71938
02/20 -113831 43773 70058
02/20 -56033 -7132 63165
03/20 -62371 5565 56806
03/20 -64049 14852 49197
03/20 -13134 -18310 31444
03/20 7434 -33526 26092
03/20 25914 -38936 13022
04/20 39743 -55775 16032
04/20 50915 -73294 22379
04/20 80422 -98477 18055
04/20 98878 -118448 19570
05/20 135723 -153090 17367
05/20 155713 -177571 21858
05/20 171187 -199046 27859
05/20 184402 -220075 35673
06/20 178820 -219438 40618
06/20 197560 -235013 37453
06/20 180114 -214658 34544
06/20 193701 -221976 28275
06/20 166384 -157444 -8940
07/20 120306 -107239 -13067
07/20 113600 -99689 -13911
07/20 112247 -98854 -13393
07/20 117419 -102419 -15000
08/20 158570 -148441 -10129
08/20 157480 -149902 -7578
08/20 87091 -77166 -9925
08/20 30517 -17387 -13130
09/20 -31049 61251 -30202
09/20 -44102 83689 -39587
09/20 -63469 111834 -48365
09/20 -94171 156894 -62723
09/20 -119172 181892 -62720
10/20 -168646 225674 -57028
10/20 -197706 259987 -62281
10/20 -269498 329908 -60410
10/20 -355863 411013 -55150
11/20 -352161 406203 -54042
11/20 -371421 422659 -51238
11/20 -370203 411500 -41297
11/20 -414987 451339 -36352
12/20 -396349 434952 -38603
12/20 -397267 434765 -37498
12/20 -379371 414234 -34863
12/20 -398336 436455 -38119
12/20 -468912 510548 -41636
01/21 -494812 521097 -26285
01/21 -497525 542123 -44598
01/21 -489112 528651 -39539
01/21 -505016 547677 -42661
02/21 -495574 528514 -32940
02/21 -495011 522432 -27421
02/21 -481346 514459 -33113
02/21 -497804 529834 -32030
03/21 -476208 503765 -27557
03/21 -478215 503398 -25183
03/21 -478665 509084 -30419
03/21 -501298 538700 -37402
03/21 -495989 535345 -39356
04/21 -491962 536152 -44190
04/21 -494687 543286 -48599
04/21 -488504 522745 -34241
04/21 -488359 521563 -33204
05/21 -494161 536146 -41985
05/21 -464685 500856 -36171
05/21 -420400 459478 -39078
05/21 -379469 428426 -48957
06/21 -405083 452376 -47293
06/21 -382167 428428 -46261
06/21 -348905 401376 -52471
06/21 -328959 388411 -59452
06/21 -290475 352967 -62492
07/21 -271509 326814 -55305
07/21 -254581 312979 -58398
07/21 -256483 311529 -55046
07/21 -246294 306677 -60383
08/21 -251904 318043 -66139
08/21 -250300 321559 -71259
08/21 -270993 345846 -74853
08/21 -256700 330967 -74267
08/21 -231861 304172 -72311
09/21 -198239 267777 -69538
09/21 -191326 258634 -67308
09/21 -199014 265501 -66487
09/21 -215090 278546 -63456
10/21 -237593 297005 -59412
10/21 -223336 279288 -55952
10/21 -218172 277029 -58857
10/21 -252059 307810 -55751
11/21 -320385 383109 -62724
11/21 -320877 375298 -54421
11/21 -340672 399186 -58514
11/21 -363662 417089 -53427
11/21 -341094 394912 -53818
12/21 -367873 410814 -42941
12/21 -381897 426621 -44724
12/21 -401280 445320 -44040
12/21 -411793 458176 -46383
01/22 -382800 445481 -62681
01/22 -366833 407492 -40659
01/22 -342687 388138 -45451
01/22 -389471 439098 -49627
02/22 -407663 455220 -47557
02/22 -382874 419602 -36728
02/22 -374969 414492 -39523
02/22 -410962 451742 -40780
03/22 -427812 460938 -33126
03/22 -456684 498033 -41349
03/22 -468758 507206 -38448
03/22 -470715 519356 -48641
03/22 -424699 482092 -57393
04/22 -424154 487073 -62919
04/22 -443706 495581 -51875
04/22 -456269 500612 -44343
04/22 -447256 497625 -50369
05/22 -451210 501865 -50655
05/22 -415345 470908 -55563
05/22 -424756 473743 -48987
05/22 -372522 427848 -55326
05/22 -353348 404200 -50852
06/22 -337137 391264 -54127
06/22 -344196 399775 -55579
06/22 -326474 380169 -53695
06/22 -274110 328102 -53992
07/22 -207441 260705 -53264
07/22 -196533 247156 -50623
07/22 -165611 209940 -44329
07/22 -138899 186528 -47629
08/22 -149434 201355 -51921
08/22 -160654 210786 -50132
08/22 -166318 220129 -53811
08/22 -206806 263243 -56437
08/22 -225759 283397 -57638
09/22 -230702 286547 -55845
09/22 -234179 294569 -60390
09/22 -241238 305677 -64439
09/22 -229436 296622 -67186
10/22 -239959 304962 -65003
10/22 -258225 325121 -66896
10/22 -249255 312419 -63164
10/22 -273645 329784 -56139
11/22 -286790 340788 -53998
11/22 -254182 301554 -47372
11/22 -211862 252908 -41046
11/22 -215496 248765 -33269
11/22 -231169 270242 -39073
12/22 -157536 198375 -40839
12/22 -173223 212230 -39007
12/22 -158616 199980 -41364
12/22 -189873 235133 -45260
01/23 -217117 267532 -50415
01/23 -182611 233795 -51184
01/23 -213798 271873 -58075
01/23 -205662 277369 -71707
01/23 -225622 296812 -71190
02/23 -204425 282350 -77925
02/23 -223604 304712 -81108
02/23 -209635 283023 -73388
02/23 -75346 143131 -67785
03/23 -44172 103272 -59100
03/23 19683 43777 -63460
03/23 3793 59476 -63269
03/23 -12518 71528 -59010
04/23 -53314 85690 -32376
04/23 -45283 103309 -58026
04/23 -41244 105636 -64392
04/23 34700 24648 -59348
05/23 113259 -60633 -52626
05/23 103652 -59093 -44559
05/23 102625 -48459 -54166
05/23 115832 -62267 -53565
05/23 72210 -20407 -51803
06/23 66120 -14771 -51349
06/23 12850 45092 -57942
06/23 -58030 118773 -60743
06/23 -60029 113438 -53409
07/23 524 46403 -46927
07/23 35215 7811 -43026
07/23 31268 19870 -51138
07/23 -6966 70476 -63510
08/23 -18222 80074 -61852
08/23 26794 25727 -52521
08/23 73174 -26966 -46208
08/23 96969 -51550 -45419
08/23 79380 -35813 -43567
09/23 79965 -45632 -34333
09/23 118836 -87988 -30848
09/23 134756 -101233 -33523
09/23 151450 -118540 -32910
10/23 140803 -107544 -33259
10/23 94387 -64784 -29603
10/23 93412 -62554 -30858
10/23 83034 -48280 -34754
10/23 114053 -87696 -26357
11/23 128097 -106041 -22056
11/23 133085 -109200 -23885
11/23 143223 -124006 -19217
11/23 175160 -157148 -18012
12/23 137754 -110439 -27315
12/23 131530 -101215 -30315
12/23 147902 -127570 -20332
12/23 151877 -127651 -24226
01/24 175098 -146728 -28370
01/24 194021 -173033 -20988
01/24 242217 -219968 -22249
01/24 238826 -219200 -19626
01/24 241727 -224832 -16895
02/24 243991 -229422 -14569
02/24 263504 -245939 -17565
02/24 282468 -266067 -16401
02/24 250628 -232604 -18024
03/24 239461 -230887 -8574
03/24 199050 -189030 -10020
03/24 183490 -175513 -7977
03/24 194599 -178021 -16578
04/24 192640 -181336 -11304
04/24 195882 -190191 -5691
04/24 214170 -204857 -9313
04/24 172388 -160168 -12220
04/24 157105 -143424 -13681
05/24 56642 -31354 -25288
05/24 40405 224 -40629
05/24 76085 -41827 -34258
05/24 90934 -51632 -39302
06/24 155249 -119933 -35316
06/24 135664 -101032 -34632
06/24 112382 -76711 -35671
06/24 193911 -169783 -24128
07/24 235768 -228711 -7057
07/24 250562 -239941 -10621
07/24 246223 -238816 -7407
07/24 232230 -221952 -10278
07/24 225558 -212442 -13116
08/24 173479 -151969 -21510
08/24 178071 -154005 -24066
08/24 197121 -165296 -31825
08/24 175015 -148534 -26481
09/24 122906 -90483 -32423
09/24 92844 -47760 -45084
09/24 104089 -66295 -37794
09/24 102193 -64222 -37971
10/24 57178 -7193 -49985
10/24 20228 36071 -56299
10/24 56118 -5152 -50966
01/24 175098 -146728 -28370
01/24 194021 -173033 -20988
01/24 242217 -219968 -22249
01/24 238826 -219200 -19626
01/24 241727 -224832 -16895
02/24 243991 -229422 -14569
02/24 263504 -245939 -17565
02/24 282468 -266067 -16401
02/24 250628 -232604 -18024
03/24 239461 -230887 -8574
03/24 199050 -189030 -10020
03/24 183490 -175513 -7977
03/24 194599 -178021 -16578
04/24 192640 -181336 -11304
04/24 195882 -190191 -5691
04/24 214170 -204857 -9313
04/24 172388 -160168 -12220
04/24 157105 -143424 -13681
05/24 56642 -31354 -25288
05/24 40405 224 -40629
05/24 76085 -41827 -34258
05/24 90934 -51632 -39302
06/24 155249 -119933 -35316
06/24 135664 -101032 -34632
06/24 112382 -76711 -35671
06/24 193911 -169783 -24128
07/24 235768 -228711 -7057
07/24 250562 -239941 -10621
07/24 246223 -238816 -7407
07/24 232230 -221952 -10278
07/24 225558 -212442 -13116
08/24 173479 -151969 -21510
08/24 178071 -154005 -24066
08/24 197121 -165296 -31825
08/24 175015 -148534 -26481
09/24 122906 -90483 -32423
09/24 92844 -47760 -45084
09/24 104089 -66295 -37794
09/24 102193 -64222 -37971
10/24 57178 -7193 -49985
10/24 20228 36071 -56299
10/24 56118 -5152 -50966
10/24 26475 17840 -44315
