09/07 -40750 31718 9032
09/07 -43749 33890 9859
09/07 -55934 43414 12520
09/07 -64409 50174 14235
10/07 -65946 53140 12806
10/07 -64633 51602 13031
10/07 -64127 51143 12984
10/07 -69831 54863 14968
10/07 -65299 54681 10618
11/07 -69122 54395 14727
11/07 -70143 57204 12939
11/07 -50766 40711 10055
11/07 -42771 35306 7465
12/07 -34204 27206 6998
12/07 -35120 26423 8697
12/07 -34863 27718 7145
12/07 -52346 39459 12887
12/07 -68044 53104 14940
01/08 -84094 66903 17191
01/08 -92616 73067 19549
01/08 -91444 73521 17923
01/08 -77310 60712 16598
02/08 -81350 64132 17218
02/08 -74509 57965 16544
02/08 -79660 58943 20717
02/08 -88966 68448 20518
03/08 -78238 59018 19220
03/08 -56409 38436 17973
03/08 -50757 33271 17486
03/08 -46392 30973 15419
04/08 -34932 19974 14958
04/08 -36895 20546 16349
04/08 -43089 27071 16018
04/08 -44054 30321 13733
04/08 -39128 27614 11514
05/08 -38992 28631 10361
05/08 -36939 27398 9541
05/08 -41184 30152 11032
05/08 -29936 22041 7895
06/08 -18926 14508 4418
06/08 -21410 17178 4232
06/08 -29649 21651 7998
06/08 -31631 22316 9315
07/08 -31595 25155 6440
07/08 -22295 17133 5162
07/08 -19869 13593 6276
07/08 -13171 6979 6192
07/08 -16691 10909 5782
08/08 -7555 4186 3369
08/08 -7173 4989 2184
08/08 -3751 4162 -411
08/08 -8484 4753 3731
09/08 -14394 10696 3698
09/08 -5727 2293 3434
09/08 210 -325 115
09/08 -1724 1811 -87
09/08 -155 -186 341
10/08 -295 -1298 1593
10/08 -1616 526 1090
10/08 -2588 2297 291
10/08 -413 155 258
11/08 -2035 1156 879
11/08 5709 -6583 874
11/08 4659 -3764 -895
11/08 7063 -7002 -61
12/08 4186 -3475 -711
12/08 3908 -3264 -644
12/08 1849 -1266 -583
12/08 -1917 798 1119
12/08 -3609 1526 2083
01/09 -7828 4321 3507
01/09 -5237 4373 864
01/09 -4126 2401 1725
01/09 -9125 6458 2667
02/09 -10151 4875 5276
02/09 -5297 3753 1544
02/09 7868 -7006 -862
02/09 13443 -10489 -2954
03/09 16051 -12334 -3717
03/09 14899 -12550 -2349
03/09 12149 -11300 -849
03/09 4798 -6115 1317
03/09 -1422 -1019 2441
04/09 -7691 3957 3734
04/09 -12551 6898 5653
04/09 -14988 8269 6719
04/09 -16127 9272 6855
05/09 -28206 19246 8960
05/09 -30643 21996 8647
05/09 -30296 23238 7058
05/09 -26673 20735 5938
06/09 -27783 18979 8804
06/09 -21932 15957 5975
06/09 -19308 15915 3393
06/09 -9814 9055 759
06/09 -10836 9309 1527
07/09 -17430 13465 3965
07/09 -27770 19331 8439
07/09 -31400 22655 8745
07/09 -25366 19383 5983
08/09 -25550 18880 6670
08/09 -26994 19524 7470
08/09 -26808 21458 5350
08/09 -18871 15734 3137
09/09 -12037 10205 1832
09/09 -16876 14135 2741
09/09 -28778 21463 7315
09/09 -36384 28960 7424
09/09 -37003 29256 7747
10/09 -35305 26676 8629
10/09 -42382 31765 10617
10/09 -50523 38412 12111
10/09 -52048 40166 11882
11/09 -56818 44416 12402
11/09 -55511 42155 13356
11/09 -52178 39293 12885
11/09 -57834 44469 13365
12/09 -55848 43038 12810
12/09 -56968 43556 13412
12/09 -58803 44483 14320
12/09 -56131 43510 12621
12/09 -58123 45455 12668
01/10 -52823 41032 11791
01/10 -47652 36193 11459
01/10 -46754 37132 9622
01/10 -37139 29581 7558
02/10 -29459 22938 6521
02/10 -21757 16717 5040
02/10 -31141 21473 9668
02/10 -41569 29566 12003
03/10 -45540 34789 10751
03/10 -49339 38503 10836
03/10 -49230 38702 10528
03/10 -50402 39461 10941
03/10 -45734 36396 9338
04/10 -50034 39391 10643
04/10 -42174 34264 7910
04/10 -53177 41827 11350
04/10 -54209 41998 12211
05/10 -50498 40398 10100
05/10 -41004 32603 8401
05/10 -38673 30409 8264
05/10 -39578 31226 8352
06/10 -28635 23238 5397
06/10 -14283 11282 3001
06/10 -29702 22357 7345
06/10 -32907 25060 7847
06/10 -31696 25636 6060
07/10 -21473 15558 5915
07/10 -18359 13791 4568
07/10 -12970 9780 3190
07/10 -19593 12808 6785
08/10 -34066 23537 10529
08/10 -45915 34332 11583
08/10 -55193 42380 12813
08/10 -59043 47599 11444
08/10 -65439 53193 12246
09/10 -68987 54859 14128
09/10 -69857 55939 13918
09/10 -62175 48135 14040
09/10 -55687 43260 12427
10/10 -47524 35875 11649
10/10 -46985 35020 11965
10/10 -45553 35362 10191
10/10 -47195 39608 7587
11/10 -46859 38573 8286
11/10 -49331 37006 12325
11/10 -47564 38542 9022
11/10 -46678 37112 9566
11/10 -48338 39065 9273
12/10 -45151 36498 8653
12/10 -41231 32664 8567
12/10 -41326 31772 9554
12/10 -37600 27857 9743
01/11 -37450 27329 10121
01/11 -36391 25813 10578
01/11 -39272 28483 10789
01/11 -43105 31552 11553
02/11 -46785 34744 12041
02/11 -39191 26093 13098
02/11 -43495 32346 11149
02/11 -41880 28901 12979
03/11 -36390 26708 9682
03/11 -35986 25353 10633
03/11 -29686 22926 6760
03/11 -29408 20770 8638
03/11 -27093 20067 7026
04/11 -28158 21046 7112
04/11 -33281 24297 8984
04/11 -26984 19748 7236
04/11 -28246 20933 7313
05/11 -30990 24974 6016
05/11 -33145 27785 5360
05/11 -34595 29236 5359
05/11 -34765 29291 5474
05/11 -36258 30514 5744
06/11 -34758 27205 7553
06/11 -36752 31839 4913
06/11 -30857 26602 4255
06/11 -28032 25338 2694
07/11 -27823 26343 1480
07/11 -28125 25683 2442
07/11 -31975 28393 3582
07/11 -35642 31765 3877
08/11 -33604 30657 2947
08/11 -32468 30549 1919
08/11 -31595 28682 2913
08/11 -36650 33671 2979
08/11 -36370 32924 3446
09/11 -34613 31671 2942
09/11 -40143 33280 6863
09/11 -32919 28569 4350
09/11 -21107 21100 7
10/11 -18697 20925 -2228
10/11 -20065 22432 -2367
10/11 -18484 22468 -3984
10/11 -12766 17878 -5112
11/11 -18510 21373 -2863
11/11 -16410 21328 -4918
11/11 -16956 19908 -2952
11/11 -7213 12854 -5641
11/11 -2761 12814 -10053
12/11 -8292 15815 -7523
12/11 -3374 10595 -7221
12/11 -2152 7712 -5560
12/11 -2635 6139 -3504
01/12 -16267 15353 914
01/12 -19085 18671 414
01/12 -19681 17261 2420
01/12 -26240 24217 2023
01/12 -25093 23994 1099
02/12 -23509 20073 3436
02/12 -14643 14563 80
02/12 -13751 13213 538
02/12 -7082 5690 1392
03/12 -9551 8367 1184
03/12 -6754 4311 2443
03/12 -5945 3308 2637
03/12 -14189 9381 4808
04/12 -21188 16747 4441
04/12 -13247 8671 4576
04/12 -3635 1752 1883
04/12 -11149 8372 2777
05/12 -8951 8992 -41
05/12 -1096 3779 -2683
05/12 7051 -3622 -3429
05/12 9757 -7474 -2283
05/12 9642 -7715 -1927
06/12 13351 -10606 -2745
06/12 12250 -9137 -3113
06/12 5945 -5911 -34
06/12 7284 -7817 533
07/12 4780 -4704 -76
07/12 3683 -4415 732
07/12 2702 -3065 363
07/12 7348 -6402 -946
07/12 10842 -11554 712
08/12 2238 -6152 3914
08/12 3733 -5302 1569
08/12 -195 -2645 2840
08/12 -3175 501 2674
09/12 -7100 5080 2020
09/12 -9557 5798 3759
09/12 -7068 2626 4442
09/12 3770 -4504 734
10/12 17235 -16714 -521
10/12 18334 -18050 -284
10/12 7399 -10839 3440
10/12 -17279 7405 9874
10/12 -6461 104 6357
11/12 10881 -13122 2241
11/12 6729 -7783 1054
11/12 328 -48 -280
11/12 25 -250 225
12/12 -12109 10031 2078
12/12 -17645 17288 357
12/12 -34949 29912 5037
12/12 -39728 33943 5785
12/12 -43674 39290 4384
01/13 -42604 37102 5502
01/13 -46964 40697 6267
01/13 -65847 56074 9773
01/13 -82422 66397 16025
02/13 -87261 69646 17615
02/13 -89195 73050 16145
02/13 -90221 75367 14854
02/13 -83683 71662 12021
03/13 -94326 78189 16137
03/13 -98024 82905 15119
03/13 -99052 82717 16335
03/13 -94419 78793 15626
04/13 -92444 77405 15039
04/13 -79404 68356 11048
04/13 -64568 54110 10458
04/13 -60549 52497 8052
04/13 -58254 50478 7776
05/13 -60910 51133 9777
05/13 -70383 59770 10613
05/13 -73145 64235 8910
05/13 -60324 56816 3508
06/13 -52173 48762 3411
06/13 -56178 48661 7517
06/13 -75706 66943 8763
06/13 -69708 61657 8051
07/13 -70964 62648 8316
07/13 -74372 65772 8600
07/13 -71340 64286 7054
07/13 -72376 64197 8179
07/13 -73453 65402 8051
08/13 -76620 67823 8797
08/13 -93675 80983 12692
08/13 -95340 83549 11791
08/13 -70549 61402 9147
09/13 -56127 49086 7041
09/13 -49644 44036 5608
09/13 -50744 46004 4740
09/13 -51210 45781 5429
10/13 -63957 54852 9105
10/13 -59922 54383 5539
10/13 -48827 46735 2092
10/13 -39835 38491 1344
10/13 -13010 16695 -3685
11/13 -7357 12702 -5345
11/13 -1051 5185 -4134
11/13 763 4546 -5309
11/13 -1517 7156 -5639
12/13 -2847 7718 -4871
12/13 -14690 17280 -2590
12/13 -32682 33041 -359
12/13 -36186 36008 178
12/13 -43886 40627 3259
01/14 -43929 40555 3374
01/14 -40852 38594 2258
01/14 -53314 46884 6430
01/14 -48808 44323 4485
02/14 -49436 44108 5328
02/14 -59298 50278 9020
02/14 -64239 56240 7999
02/14 -60683 52555 8128
03/14 -59531 51801 7730
03/14 -72737 63110 9627
03/14 -75197 65736 9461
03/14 -73532 65272 8260
04/14 -72129 64085 8044
04/14 -69100 61354 7746
04/14 -59475 52328 7147
04/14 -63017 55331 7686
04/14 -66176 58732 7444
05/14 -71769 63151 8618
05/14 -64885 59960 4925
05/14 -54604 51147 3457
05/14 -43376 41261 2115
06/14 -39939 37460 2479
06/14 -28939 27556 1383
06/14 -22052 21306 746
06/14 -21652 20575 1077
07/14 -10395 12134 -1739
07/14 -3287 5167 -1880
07/14 835 1414 -2249
07/14 2088 -922 -1166
07/14 8849 -6812 -2037
08/14 12247 -8795 -3452
08/14 14602 -11360 -3242
08/14 15128 -12864 -2264
08/14 11633 -9058 -2575
09/14 15544 -12381 -3163
09/14 15006 -12245 -2761
09/14 13187 -11982 -1205
09/14 24395 -18816 -5579
09/14 31196 -25968 -5228
10/14 26142 -23222 -2920
10/14 18606 -15500 -3106
10/14 17655 -14566 -3089
10/14 9898 -7614 -2284
11/14 4260 -2899 -1361
11/14 1468 2046 -3514
11/14 18161 -12302 -5859
11/14 18666 -13023 -5643
12/14 15530 -11522 -4008
12/14 14511 -10316 -4195
12/14 11410 -6469 -4941
12/14 -1561 2828 -1267
12/14 -4984 5759 -775
01/15 2946 240 -3186
01/15 5601 -888 -4713
01/15 20473 -13812 -6661
01/15 22476 -15572 -6904
02/15 -2904 3543 -639
02/15 -26695 23749 2946
02/15 -39491 34816 4675
02/15 -53524 46577 6947
03/15 -59315 53348 5967
03/15 -45319 43334 1985
03/15 -28877 29268 -391
03/15 -37718 33169 4549
03/15 -37086 33954 3132
04/15 -46734 40000 6734
04/15 -58691 53242 5449
04/15 -41514 37868 3646
04/15 -59400 53552 5848
05/15 -66669 59809 6860
05/15 -59088 52642 6446
05/15 -54272 49031 5241
05/15 -41113 35943 5170
06/15 -36316 30245 6071
06/15 -45028 38129 6899
06/15 -34583 30483 4100
06/15 -32592 29500 3092
06/15 -60954 52858 8096
07/15 -65296 56850 8446
07/15 -64815 55881 8934
07/15 -60484 54138 6346
07/15 -56876 52139 4737
08/15 -51766 47902 3864
08/15 -32810 34437 -1627
08/15 -59203 54874 4329
08/15 -56911 54320 2591
09/15 -44784 43453 1331
09/15 -41013 39595 1418
09/15 -39333 39414 -81
09/15 -22238 25721 -3483
09/15 -22545 26841 -4296
10/15 -31742 34291 -2549
10/15 -42760 43803 -1043
10/15 -51480 51874 -394
10/15 -50710 49974 736
11/15 -53321 52126 1195
11/15 -44299 42988 1311
11/15 -45188 43352 1836
11/15 -36904 37960 -1056
12/15 -55999 54547 1452
12/15 -73545 68703 4842
12/15 -74495 70968 3527
12/15 -70078 65543 4535
12/15 -69842 64529 5313
01/16 -56143 54001 2142
01/16 -34686 36007 -1321
01/16 -38494 39259 -765
01/16 -33072 35258 -2186
02/16 -29251 31398 -2147
02/16 -7151 9718 -2567
02/16 7888 -3967 -3921
02/16 11703 -6071 -5632
03/16 19168 -14172 -4996
03/16 27429 -23276 -4153
03/16 32142 -27704 -4438
03/16 30176 -26037 -4139
03/16 33039 -28498 -4541
04/16 26115 -22856 -3259
04/16 4220 -4231 11
04/16 -22835 20234 2601
04/16 -37012 32768 4244
05/16 -38470 33946 4524
05/16 -32137 28179 3958
05/16 -33345 28682 4663
05/16 -36906 31747 5159
05/16 -46682 40293 6389
06/16 -56082 46536 9546
06/16 -54715 46716 7999
06/16 -53178 45225 7953
06/16 -53472 45199 8273
07/16 -53838 47109 6729
07/16 -78073 65748 12325
07/16 -88488 76543 11945
07/16 -89055 75883 13172
08/16 -92550 81441 11109
08/16 -96690 84180 12510
08/16 -83380 72764 10616
08/16 -80129 69389 10740
08/16 -75311 66744 8567
09/16 -80123 70315 9808
09/16 -76808 68856 7952
09/16 -83843 74357 9486
09/16 -91270 81542 9728
10/16 -81631 73454 8177
10/16 -74114 65352 8762
10/16 -86878 77428 9450
10/16 -82991 74704 8287
11/16 -84155 75534 8621
11/16 -84864 75864 9000
11/16 -87743 79664 8079
11/16 -113066 102812 10254
11/16 -115979 104364 11615
12/16 -117632 106772 10860
12/16 -119867 108304 11563
12/16 -107399 100019 7380
12/16 -108039 100266 7773
01/17 -115590 106022 9568
01/17 -129425 117474 11951
01/17 -122006 111931 10075
01/17 -119435 108195 11240
01/17 -121907 111431 10476
02/17 -128077 116487 11590
02/17 -135468 125212 10256
02/17 -124917 117434 7483
02/17 -127705 118939 8766
03/17 -135053 126667 8386
03/17 -133134 125203 7931
03/17 -127158 120793 6365
03/17 -123251 116880 6371
04/17 -104129 101480 2649
04/17 -91299 88156 3143
04/17 -95602 89645 5957
04/17 -105471 100987 4484
05/17 -108984 104863 4121
05/17 -106844 103936 2908
05/17 -115298 110019 5279
05/17 -106778 99950 6828
05/17 -99039 91830 7209
06/17 -91576 85592 5984
06/17 -77926 75544 2382
06/17 -51491 50796 695
06/17 -36334 37541 -1207
07/17 -31014 32885 -1871
07/17 -28128 29378 -1250
07/17 -23709 24476 -767
07/17 -24441 26931 -2490
08/17 -27476 29275 -1799
08/17 -37510 38587 -1077
08/17 -29898 32207 -2309
08/17 -25935 27234 -1299
08/17 -37390 37151 239
09/17 -59936 57354 2582
09/17 -72614 68886 3728
09/17 -66254 63616 2638
09/17 -61563 59267 2296
10/17 -55266 53512 1754
10/17 -57197 54660 2537
10/17 -52435 49976 2459
10/17 -52054 50495 1559
10/17 -53750 52420 1330
11/17 -48627 47998 629
11/17 -52288 51143 1145
11/17 -62257 59163 3094
11/17 -78657 73885 4772
12/17 -86302 81308 4994
12/17 -95183 88851 6332
12/17 -105923 97530 8393
12/17 -110936 104822 6114
01/18 -112217 106554 5663
01/18 -113255 108183 5072
01/18 -122896 115949 6947
01/18 -127943 121305 6638
01/18 -104357 98617 5740
02/18 -92522 84931 7591
02/18 -91313 84692 6621
02/18 -87644 80355 7289
02/18 -98738 91820 6918
03/18 -110176 101819 8357
03/18 -113114 105329 7785
03/18 -107476 100626 6850
03/18 -107038 98728 8310
04/18 -103692 94299 9393
04/18 -105437 96369 9068
04/18 -103420 97065 6355
04/18 -110422 102565 7857
05/18 -117502 109046 8456
05/18 -128708 118363 10345
05/18 -119270 109925 9345
05/18 -130356 118394 11962
05/18 -132919 120456 12463
06/18 -139107 126399 12708
06/18 -137924 122946 14978
06/18 -114209 105191 9018
06/18 -106623 97871 8752
07/18 -103367 95184 8183
07/18 -100975 93821 7154
07/18 -107651 99291 8360
07/18 -106003 98268 7735
07/18 -119602 110378 9224
08/18 -118817 109237 9580
08/18 -104826 98025 6801
08/18 -96495 90517 5978
08/18 -96329 89524 6805
09/18 -92445 86814 5631
09/18 -92468 86911 5557
09/18 -79651 75817 3834
09/18 -77471 74045 3426
10/18 -66096 64832 1264
10/18 -66637 64668 1969
10/18 -67108 64028 3080
10/18 -67011 63717 3294
10/18 -64594 62422 2172
11/18 -62828 60325 2503
11/18 -53506 51964 1542
11/18 -53130 51013 2117
11/18 -49537 48115 1422
12/18 -55943 51877 4066
12/18 -57455 53375 4080
12/18 -52654 50575 2079
12/18 -29839 30463 -624
12/18 -20252 20835 -583
01/19 -16872 16272 600
01/19 -15515 15200 315
01/19 -16043 15615 428
01/19 -15948 15518 430
02/19 -21257 22277 -1020
02/19 -3152 4550 -1398
02/19 3112 -1530 -1582
02/19 -1511 759 752
03/19 -4707 4868 -161
03/19 -6559 6706 -147
03/19 -16594 16354 240
03/19 -29339 27458 1881
04/19 -37396 35539 1857
04/19 -49239 45536 3703
04/19 -45857 43214 2643
04/19 -47718 46138 1580
04/19 -40919 39502 1417
05/19 -24708 25535 -827
05/19 6644 -4855 -1789
05/19 20538 -18359 -2179
05/19 17895 -16217 -1678
06/19 13595 -11926 -1669
06/19 18225 -16664 -1561
06/19 21559 -20582 -977
06/19 27606 -26258 -1348
07/19 23275 -23192 -83
07/19 32281 -32201 -80
07/19 32508 -31959 -549
07/19 31554 -31797 243
07/19 29505 -28870 -635
08/19 37275 -35379 -1896
08/19 29835 -30401 566
08/19 33469 -34041 572
08/19 35065 -35340 275
09/19 31575 -31721 146
09/19 24814 -25788 974
09/19 15804 -17513 1709
09/19 21657 -22233 576
10/19 20917 -21363 446
10/19 22059 -23316 1257
10/19 10837 -13866 3029
10/19 2333 -4874 2541
10/19 2834 -4400 1566
11/19 14619 -15477 858
11/19 15302 -15391 89
11/19 15520 -15864 344
11/19 8521 -8324 -197
12/19 12350 -12146 -204
12/19 2246 -3557 1311
12/19 -10042 7058 2984
12/19 -26695 20266 6429
12/19 -31292 25395 5897
01/20 -31324 24900 6424
01/20 -40298 33964 6334
01/20 -37436 31863 5573
01/20 -37848 34046 3802
02/20 -33351 30234 3117
02/20 -40556 36908 3648
02/20 -40995 37313 3682
02/20 -30123 28950 1173
03/20 -13304 14212 -908
03/20 -3099 3976 -877
03/20 5455 -3868 -1587
03/20 6521 -5505 -1016
03/20 10108 -9441 -667
04/20 6957 -6149 -808
04/20 5054 -4709 -345
04/20 4058 -4608 550
04/20 -175 -348 523
05/20 2543 -2633 90
05/20 -1981 1078 903
05/20 -5068 3320 1748
05/20 -4773 3817 956
06/20 -10899 9596 1303
06/20 -18095 15273 2822
06/20 -14577 13413 1164
06/20 -15267 14693 574
06/20 -20025 18586 1439
07/20 -33536 29982 3554
07/20 -41866 39763 2103
07/20 -42738 40806 1932
07/20 -36722 35958 764
08/20 -43745 41046 2699
08/20 -50654 47874 2780
08/20 -50430 48064 2366
08/20 -64044 58849 5195
09/20 -68465 62635 5830
09/20 -56775 53691 3084
09/20 -62675 57938 4737
09/20 -62280 58512 3768
09/20 -63417 58978 4439
10/20 -65980 60737 5243
10/20 -72435 65196 7239
10/20 -79223 71176 8047
10/20 -82876 74433 8443
11/20 -73017 66191 6826
11/20 -69968 62138 7830
11/20 -77319 69773 7546
11/20 -81566 73111 8455
12/20 -80176 70799 9377
12/20 -76600 67960 8640
12/20 -92075 81341 10734
12/20 -94581 84877 9704
12/20 -92107 81156 10951
01/21 -96389 83978 12411
01/21 -94012 81904 12108
01/21 -91803 79423 12380
01/21 -90075 78226 11849
02/21 -84630 73905 10725
02/21 -105335 91704 13631
02/21 -104800 92006 12794
02/21 -110055 97028 13027
03/21 -103216 91575 11641
03/21 -91772 82361 9411
03/21 -94117 84949 9168
03/21 -91485 82946 8539
03/21 -83696 76651 7045
04/21 -82644 74388 8256
04/21 -80461 72380 8081
04/21 -85259 76196 9063
04/21 -95543 85453 10090
05/21 -92076 83314 8762
05/21 -90187 80113 10074
05/21 -80068 72653 7415
05/21 -69480 63653 5827
06/21 -71859 64206 7653
06/21 -76113 66079 10034
06/21 -74390 65704 8686
06/21 -72814 65170 7644
06/21 -81008 71952 9056
07/21 -78685 69538 9147
07/21 -83474 73593 9881
07/21 -88971 77313 11658
07/21 -97906 85857 12049
08/21 -99099 89043 10056
08/21 -107143 94912 12231
08/21 -116881 103031 13850
08/21 -115441 104309 11132
08/21 -117829 106714 11115
09/21 -120863 108915 11948
09/21 -119054 108223 10831
09/21 -101181 95025 6156
09/21 -127066 116132 10934
10/21 -133285 121286 11999
10/21 -124049 111391 12658
10/21 -117781 104423 13358
10/21 -114970 102069 12901
11/21 -116804 103553 13251
11/21 -117333 103513 13820
11/21 -120945 108441 12504
11/21 -119746 107111 12635
11/21 -104883 96995 7888
12/21 -99303 90014 9289
12/21 -98538 88688 9850
12/21 -98098 87737 10361
12/21 -102513 90889 11624
01/22 -109084 97491 11593
01/22 -106469 93822 12647
01/22 -108260 95126 13134
01/22 -105632 93787 11845
02/22 -111100 99000 12100
02/22 -110111 97210 12901
02/22 -104282 93723 10559
02/22 -101731 90302 11429
03/22 -102842 91828 11014
03/22 -96466 86831 9635
03/22 -93450 83321 10129
03/22 -101015 87354 13661
03/22 -97258 84160 13098
04/22 -97775 84310 13465
04/22 -96675 83220 13455
04/22 -98107 85120 12987
04/22 -93322 81745 11577
05/22 -95908 83433 12475
05/22 -92603 81759 10844
05/22 -90872 79316 11556
05/22 -83537 72520 11017
05/22 -80864 70684 10180
06/22 -80347 70682 9665
06/22 -75657 66255 9402
06/22 -72681 66045 6636
06/22 -61856 56390 5466
07/22 -54576 50545 4031
07/22 -45740 42685 3055
07/22 -40631 37751 2880
07/22 -41405 39198 2207
08/22 -38884 37163 1721
08/22 -39006 36223 2783
08/22 -50078 44208 5870
08/22 -58085 51485 6600
08/22 -59761 51767 7994
09/22 -57850 50712 7138
09/22 -54685 48040 6645
09/22 -49713 43954 5759
09/22 -44016 42079 1937
10/22 -40263 37479 2784
10/22 -38518 35901 2617
10/22 -34238 32563 1675
10/22 -25690 24776 914
11/22 -16183 16152 31
11/22 -21461 20477 984
11/22 -21900 20113 1787
11/22 -18903 17723 1180
11/22 -18172 16580 1592
12/22 -20658 18720 1938
12/22 -14822 14439 383
12/22 -18826 16327 2499
12/22 -21162 19709 1453
01/23 -17685 16459 1226
01/23 -19936 17944 1992
01/23 -9382 7953 1429
01/23 -19679 17833 1846
01/23 -20488 16905 3583
02/23 -14536 11800 2736
02/23 -13608 11150 2458
02/23 2542 -2969 427
02/23 -2714 1724 990
03/23 -6208 5933 275
03/23 4229 -2788 -1441
03/23 14226 -11582 -2644
03/23 11990 -10121 -1869
04/23 8030 -6743 -1287
04/23 3057 -3279 222
04/23 -7229 4470 2759
04/23 6321 -5413 -908
05/23 6636 -7031 395
05/23 -1348 1177 171
05/23 -1855 1555 300
05/23 -26017 22319 3698
05/23 -15861 14612 1249
06/23 -21021 16469 4552
06/23 -14806 11210 3596
06/23 -8868 6658 2210
06/23 2320 -1678 -642
07/23 -4907 4175 732
07/23 -15900 13495 2405
07/23 -21929 18481 3448
07/23 -46650 37984 8666
08/23 -53367 43880 9487
08/23 -49959 41144 8815
08/23 -50546 40718 9828
08/23 -44386 35677 8709
08/23 -53297 44850 8447
09/23 -66786 56410 10376
09/23 -60187 51382 8805
09/23 -59525 51049 8476
09/23 -55904 47780 8124
10/23 -66471 58162 8309
10/23 -58973 52333 6640
10/23 -38009 33237 4772
10/23 -26215 22680 3535
10/23 -24680 22664 2016
11/23 -8586 8568 18
11/23 -3342 3780 -438
11/23 -4737 6008 -1271
11/23 -4226 6184 -1958
12/23 -5291 6557 -1266
12/23 -14147 14104 43
12/23 -6841 6487 354
12/23 -3564 3690 -126
01/24 -4816 5689 -873
01/24 -5513 5950 -437
01/24 -10695 11423 -728
01/24 -40430 38166 2264
01/24 -46586 42278 4308
02/24 -66423 59843 6580
02/24 -92565 83935 8630
02/24 -103497 95093 8404
02/24 -112881 102305 10576
03/24 -109960 101112 8848
03/24 -106880 97513 9367
03/24 -100621 91632 8989
03/24 -97176 88639 8537
04/24 -97058 88765 8293
04/24 -79153 72676 6477
04/24 -55943 52329 3614
04/24 -31088 28859 2229
04/24 -18831 19222 -391
05/24 -7960 8136 -176
05/24 -4249 6399 -2150
05/24 1054 -192 -862
05/24 -8136 7678 458
06/24 7750 -6691 -1059
06/24 19520 -20056 536
06/24 29235 -27764 -1471
06/24 25842 -23975 -1867
07/24 20028 -17321 -2707
07/24 27098 -24509 -2589
07/24 26921 -26507 -414
07/24 36269 -34271 -1998
07/24 39473 -37341 -2132
08/24 44447 -41908 -2539
08/24 42276 -41670 -606
08/24 43223 -42828 -395
08/24 37777 -37075 -702
09/24 39133 -38154 -979
09/24 48810 -46111 -2699
09/24 24854 -26362 1508
09/24 14600 -16388 1788
10/24 7509 -10088 2579
10/24 10404 -11641 1237
10/24 10163 -10642 479
10/24 6604 -7357 753
