06/10 1473 748 -2220
06/10 -428 1712 -1285
06/10 -4344 4199 145
07/10 -1903 1852 51
07/10 3591 -1437 -2153
07/10 853 1782 -2635
07/10 -708 2556 -1849
08/10 -6708 6152 556
08/10 -6278 5695 583
08/10 -11391 9222 2170
08/10 -7195 5255 1941
08/10 -5208 3853 1355
09/10 -1460 2236 -775
09/10 -6793 5078 1714
09/10 -5795 6441 -647
09/10 -13825 13979 -154
10/10 -19334 17495 1839
10/10 -14166 12579 1588
10/10 -14031 12585 1446
10/10 -18754 16207 2547
11/10 -17797 15821 1975
11/10 -17557 15859 1697
11/10 -13351 11648 1703
11/10 -12293 10651 1643
11/10 -10917 10181 737
12/10 -15626 14290 1337
12/10 -11201 10095 1106
12/10 -9865 6977 2888
12/10 -9456 7202 2254
01/11 -12388 10002 2386
01/11 -14789 11950 2840
01/11 -13377 11111 2266
01/11 -14063 12128 1936
02/11 -18525 17199 1326
02/11 -10556 10138 418
02/11 -13764 12921 843
02/11 -11456 10838 619
03/11 -12071 9583 2488
03/11 -12594 11572 1022
03/11 -7505 9055 -1549
03/11 -10211 11468 -1256
03/11 -23309 19914 3396
04/11 -20294 21742 -1448
04/11 -21051 21711 -660
04/11 -15196 15899 -703
04/11 -14584 16264 -1681
05/11 -24412 23243 1169
05/11 -21991 20582 1409
05/11 -16715 13332 3382
05/11 -15762 12564 3198
05/11 -15826 13549 2277
06/11 -7215 4707 2508
06/11 -9267 7351 1916
06/11 -9200 7166 2034
06/11 -10404 8475 1929
07/11 -15904 13481 2423
07/11 -27060 22336 4724
07/11 -25939 22784 3155
07/11 -20341 16914 3426
08/11 -15873 13314 2560
08/11 -16185 14603 1581
08/11 -1763 2709 -946
08/11 -5930 6129 -199
08/11 -1676 3193 -1518
09/11 -5025 5883 -858
09/11 -5515 5319 196
09/11 -3362 4720 -1358
09/11 -1268 2520 -1251
10/11 -6835 6881 -46
10/11 -3843 6009 -2166
10/11 -5644 6108 -463
10/11 -3432 3964 -532
11/11 -5590 5487 104
11/11 -4114 2602 1512
11/11 -7445 5590 1856
11/11 -5048 3914 1134
11/11 -3105 3344 -238
12/11 -8432 8422 10
12/11 -9743 9255 488
12/11 -11746 10651 1095
12/11 -9675 8467 1209
01/12 -12386 9952 2434
01/12 -12726 9519 3207
01/12 -12623 9613 3010
01/12 -14097 11736 2361
01/12 -15386 12925 2460
02/12 -17099 14316 2783
02/12 -14821 12882 1939
02/12 -15901 14227 1674
02/12 -17087 15464 1624
03/12 -12645 11609 1035
03/12 -20738 17943 2795
03/12 -16878 14938 1941
03/12 -17414 14687 2726
04/12 -14882 12618 2265
04/12 -13056 9699 3357
04/12 -14729 13004 1726
04/12 -16655 13604 3052
05/12 -19190 16826 2363
05/12 -11267 8380 2886
05/12 -12604 9371 3233
05/12 -9104 7645 1460
05/12 -5757 3563 2194
06/12 -5854 3657 2197
06/12 -7148 5276 1872
06/12 -4320 2240 2080
06/12 -15599 12648 2950
07/12 -13607 10140 3466
07/12 -10571 7029 3542
07/12 -9875 6275 3599
07/12 -6540 3416 3124
07/12 -15037 12432 2604
08/12 -16031 13978 2054
08/12 -15225 12092 3133
08/12 -16551 13813 2739
08/12 -21043 16955 4088
09/12 -16243 12887 3356
09/12 -19419 15950 3468
09/12 -22249 19529 2721
09/12 -25037 21176 3861
10/12 -25308 21595 3714
10/12 -19191 16999 2192
10/12 -21767 19206 2561
10/12 -15013 10782 4231
10/12 -12118 7785 4333
11/12 -11545 8273 3271
11/12 -9218 3568 5650
11/12 -1892 -1840 3731
11/12 -690 -2578 3268
12/12 -7789 3709 4080
12/12 -6962 5232 1730
12/12 -16433 12897 3536
12/12 -14147 10101 4046
12/12 -12967 8865 4102
01/13 -12784 8872 3912
01/13 -12902 9965 2936
01/13 -13032 11673 1359
01/13 -13139 10797 2341
02/13 -18018 14354 3664
02/13 -16555 13478 3077
02/13 -16528 13714 2814
02/13 -17919 15432 2487
03/13 -13241 12721 520
03/13 -13237 16008 -2771
03/13 -18979 19023 -44
03/13 -18145 17636 509
04/13 -15162 17333 -2172
04/13 -14686 15902 -1216
04/13 -16780 17711 -931
04/13 -21489 21423 66
04/13 -19039 19162 -123
05/13 -18371 18817 -446
05/13 -16973 17805 -831
05/13 -15320 16088 -769
05/13 -17145 17650 -505
06/13 -20524 21704 -1179
06/13 -19397 20024 -627
06/13 -22532 23104 -572
06/13 -15957 15135 823
07/13 -18086 17060 1025
07/13 -18821 17853 968
07/13 -21571 19535 2036
07/13 -21531 19508 2023
07/13 -21602 20637 966
08/13 -19850 18550 1299
08/13 -25018 21480 3539
08/13 -18496 14989 3507
08/13 -12277 10798 1479
09/13 -8323 9970 -1646
09/13 -11390 9609 1781
09/13 -16885 16826 59
09/13 -28549 24799 3750
10/13 -20570 16756 3814
10/13 -13881 9679 4202
10/13 -9232 5875 3357
10/13 -12041 9142 2900
10/13 -11602 9999 1603
11/13 -15371 14508 863
11/13 -13765 14387 -622
11/13 -10891 12113 -1222
11/13 -11681 13509 -1828
12/13 -17704 18233 -528
12/13 -16696 16309 386
12/13 -13328 12008 1320
12/13 -5421 4557 864
12/13 -5389 4583 805
01/14 -9315 9601 -286
01/14 -12578 11884 694
01/14 -10225 9291 933
01/14 -6038 4844 1194
02/14 -8490 4488 4002
02/14 -541 -1575 2117
02/14 -1415 -623 2038
02/14 -6872 3817 3055
03/14 -9042 7254 1787
03/14 -6765 4563 2202
03/14 -12316 11360 956
03/14 -5668 4330 1338
04/14 -5719 5095 625
04/14 -141 -940 1082
04/14 438 -388 -50
04/14 -1860 1131 728
04/14 -4259 4759 -500
05/14 -962 1813 -852
05/14 -6112 8252 -2140
05/14 1616 -737 -879
05/14 -4592 4631 -39
06/14 -4132 3759 372
06/14 -3706 4338 -632
06/14 -5776 3724 2052
06/14 270 -755 485
07/14 -8319 6057 2261
07/14 -2589 2517 72
07/14 -6338 5044 1294
07/14 -10345 9172 1174
07/14 -11621 10247 1373
08/14 -2671 514 2157
08/14 2121 -3737 1615
08/14 86 -1263 1177
08/14 -2530 2753 -223
09/14 -6389 6578 -189
09/14 -4764 5726 -962
09/14 -9942 11685 -1743
09/14 -8090 7738 353
09/14 -12742 13021 -279
10/14 -8141 8585 -445
10/14 -6326 5834 492
10/14 981 1716 -2696
10/14 -2588 5634 -3046
11/14 -8890 11032 -2142
11/14 -9423 12711 -3288
11/14 -11304 14358 -3053
11/14 -9036 12288 -3252
12/14 -11227 13300 -2073
12/14 -13856 12430 1427
12/14 -17503 13411 4092
12/14 -7841 4775 3065
12/14 -10979 7986 2992
01/15 -12092 9281 2811
01/15 -10315 7851 2464
01/15 -8815 4501 4315
01/15 -3886 -817 4703
02/15 -10186 4714 5472
02/15 -13207 8942 4266
02/15 -17083 12368 4714
02/15 -15436 10523 4914
03/15 -12706 11892 814
03/15 -8392 8375 17
03/15 -7004 5027 1977
03/15 -9042 6198 2843
03/15 -6110 3137 2974
04/15 -8120 4633 3487
04/15 -12220 8620 3599
04/15 -8872 6021 2852
04/15 -10175 8220 1955
05/15 -5890 3646 2244
05/15 -9861 7546 2315
05/15 -12992 11337 1656
05/15 -8704 7122 1583
06/15 -8241 6078 2162
06/15 -3006 -113 3119
06/15 -7645 5976 1669
06/15 -13373 12024 1348
06/15 -780 -390 1170
07/15 -609 395 214
07/15 -3321 4520 -1199
07/15 -1683 1269 413
07/15 2431 -3054 623
08/15 775 -1291 515
08/15 5641 -5419 -222
08/15 7421 -5234 -2188
08/15 7946 -7928 -18
09/15 8760 -5791 -2969
09/15 4073 -1046 -3027
09/15 5832 -1543 -4289
09/15 5595 -2009 -3586
09/15 2019 157 -2176
10/15 3193 943 -4136
10/15 2867 1777 -4644
10/15 4187 107 -4294
10/15 1541 1801 -3342
11/15 -3744 5695 -1952
11/15 -8074 10524 -2450
11/15 -6688 6562 127
11/15 -7278 8878 -1601
12/15 -7803 8604 -801
12/15 -7369 7740 -372
12/15 -11893 11336 557
12/15 -9530 8471 1059
12/15 -10768 10260 508
01/16 -5134 4995 138
01/16 -5017 4348 668
01/16 -1731 1317 413
01/16 455 597 -1052
02/16 2010 16 -2026
02/16 1678 -473 -1206
02/16 2268 -167 -2101
02/16 1392 1263 -2654
03/16 -953 2100 -1147
03/16 866 1144 -2009
03/16 2182 414 -2595
03/16 -29 3436 -3407
03/16 -4000 6266 -2267
04/16 -7019 8557 -1538
04/16 -6525 8017 -1492
04/16 -5342 7401 -2059
04/16 -5072 6139 -1067
05/16 -8331 9533 -1202
05/16 -12041 12226 -185
05/16 -7871 9065 -1194
05/16 -11658 13676 -2019
05/16 -11620 13369 -1749
06/16 -11846 12809 -963
06/16 -19774 20627 -853
06/16 -22237 21592 645
06/16 -21123 20088 1036
07/16 -21130 22638 -1507
07/16 -22448 24750 -2301
07/16 -27666 31430 -3764
07/16 -32728 33501 -773
08/16 -37637 38244 -608
08/16 -36389 37407 -1018
08/16 -35991 37835 -1844
08/16 -36225 38124 -1899
08/16 -36728 38776 -2048
09/16 -37925 39211 -1286
09/16 -28601 29276 -676
09/16 -27275 27138 137
09/16 -30354 30437 -83
10/16 -29035 29286 -250
10/16 -27462 26310 1151
10/16 -27716 27931 -215
10/16 -24480 24305 175
11/16 -20894 21109 -215
11/16 -19835 21749 -1915
11/16 -25568 29945 -4376
11/16 -28261 31305 -3045
11/16 -32235 35260 -3025
12/16 -32234 34563 -2329
12/16 -26828 29224 -2396
12/16 -30777 30647 129
12/16 -30742 30168 574
01/17 -36147 35062 1085
01/17 -31276 30655 621
01/17 -32198 32058 141
01/17 -32978 31757 1221
01/17 -27754 26261 1493
02/17 -28854 29051 -197
02/17 -27393 27405 -12
02/17 -26613 25721 892
02/17 -29439 29756 -317
03/17 -34248 32661 1587
03/17 -39324 36556 2768
03/17 -37016 34293 2722
03/17 -39408 36715 2692
04/17 -34899 33046 1853
04/17 -35267 33248 2019
04/17 -35493 33353 2141
04/17 -33520 32267 1253
05/17 -31476 29054 2423
05/17 -26938 24467 2470
05/17 -24393 22830 1564
05/17 -22624 21969 656
05/17 -22615 23003 -388
06/17 -25077 24744 332
06/17 -26097 26695 -599
06/17 -29309 30644 -1335
06/17 -34050 33909 142
07/17 -35811 36626 -815
07/17 -34154 34806 -652
07/17 -32989 34019 -1029
07/17 -33088 34939 -1852
08/17 -31384 32997 -1613
08/17 -34699 36067 -1368
08/17 -42957 43652 -696
08/17 -45956 46079 -123
08/17 -43447 43645 -199
09/17 -39506 39486 21
09/17 -40868 41450 -582
09/17 -43275 43369 -95
09/17 -47487 47860 -373
10/17 -43427 42942 485
10/17 -42303 40826 1476
10/17 -40877 39884 993
10/17 -40460 40241 219
10/17 -42888 40451 2437
11/17 -40893 38044 2849
11/17 -43382 40150 3232
11/17 -38881 35875 3006
11/17 -35252 32472 2780
12/17 -38710 36076 2634
12/17 -39914 36356 3559
12/17 -40320 34698 5622
12/17 -41028 36086 4942
01/18 -43967 37761 6206
01/18 -40175 33393 6783
01/18 -39608 34858 4750
01/18 -38545 31156 7390
01/18 -40544 33065 7479
02/18 -26382 22102 4279
02/18 -12636 10657 1980
02/18 -11219 9573 1646
02/18 -13820 11136 2685
03/18 -15160 12707 2453
03/18 -13972 11271 2701
03/18 -15375 13634 1742
03/18 -15273 13566 1707
04/18 -10846 9781 1064
04/18 -9230 8717 513
04/18 -9054 8628 426
04/18 -1727 -119 1846
05/18 -3083 1182 1902
05/18 -2481 1335 1147
05/18 -6903 5062 1841
05/18 -9580 7119 2461
05/18 -8942 6523 2419
06/18 -10220 8822 1398
06/18 -12629 12038 590
06/18 -9822 6682 3141
06/18 -8096 3601 4496
07/18 -8821 5849 2971
07/18 -9492 7955 1537
07/18 -12210 10164 2046
07/18 -12454 10689 1765
07/18 -14192 12684 1508
08/18 -16662 14888 1775
08/18 -15621 13113 2507
08/18 -15212 14087 1126
08/18 -16630 15906 724
09/18 -19468 18041 1427
09/18 -19842 19303 539
09/18 -21995 20625 1370
09/18 -27550 25030 2520
10/18 -28466 27385 1080
10/18 -24580 22551 2030
10/18 -14671 13178 1494
10/18 -14490 12172 2317
10/18 -10973 9275 1698
11/18 -10590 11017 -428
11/18 -15585 14902 683
11/18 -11120 9350 1771
11/18 -11844 10030 1814
12/18 -12305 12155 150
12/18 -11692 11086 606
12/18 -14019 11688 2331
12/18 -19955 17386 2570
12/18 -12194 13707 -1513
01/19 -10004 12533 -2530
01/19 -8287 11101 -2814
01/19 -6757 9382 -2626
01/19 -4277 6891 -2615
02/19 -1467 3402 -1934
02/19 -4177 6047 -1869
02/19 -4442 7790 -3347
02/19 -7804 10516 -2712
03/19 -8178 10232 -2054
03/19 -11761 11346 415
03/19 -8890 9587 -696
03/19 -12661 13103 -442
04/19 -12350 12267 84
04/19 -13430 13561 -131
04/19 -15133 13730 1403
04/19 -13070 12332 737
04/19 -12068 12108 -41
05/19 -15012 15350 -337
05/19 -11170 11180 -10
05/19 -7382 8554 -1171
05/19 -4796 4313 483
06/19 1109 1065 -2174
06/19 -1468 3127 -1658
06/19 -6305 8270 -1965
06/19 -16592 18232 -1639
07/19 -19590 19200 389
07/19 -16346 16359 -13
07/19 -20904 22530 -1626
07/19 -20854 22221 -1367
07/19 -21870 23279 -1409
08/19 -25397 25711 -314
08/19 -21162 21801 -638
08/19 -17466 18316 -850
08/19 -15972 17573 -1602
09/19 -17390 18835 -1445
09/19 -18742 19961 -1219
09/19 -21361 21904 -544
09/19 -22035 23169 -1134
10/19 -21935 22942 -1007
10/19 -19061 18912 149
10/19 -19174 19258 -84
10/19 -20364 19905 460
10/19 -20418 20179 239
11/19 -19420 19544 -124
11/19 -18087 18900 -813
11/19 -15144 15565 -420
11/19 -15072 15365 -293
12/19 -12628 12695 -67
12/19 -10343 10377 -34
12/19 -10409 10957 -548
12/19 -11753 12875 -1122
12/19 -13298 13092 206
01/20 -11916 11534 383
01/20 -13435 13373 61
01/20 -16265 16031 235
01/20 -19712 19122 590
02/20 -19319 18866 454
02/20 -14968 14577 390
02/20 -13839 13619 220
02/20 -16769 13181 3588
03/20 -8633 7184 1450
03/20 -9281 7971 1310
03/20 -5061 4559 501
03/20 -2738 1331 1407
03/20 5763 -4822 -942
04/20 5752 -3059 -2693
04/20 6751 -3974 -2776
04/20 8494 -5610 -2884
04/20 9621 -6477 -3144
05/20 10898 -8117 -2782
05/20 10961 -8282 -2679
05/20 11432 -7923 -3509
05/20 10788 -7193 -3596
06/20 11277 -8863 -2414
06/20 8439 -7094 -1345
06/20 15148 -14376 -772
06/20 15291 -14348 -944
06/20 14410 -12938 -1472
07/20 11866 -10945 -921
07/20 5190 -3692 -1498
07/20 5507 -4373 -1134
07/20 3408 -3151 -256
08/20 3320 -3195 -125
08/20 1219 -1598 379
08/20 324 -1610 1286
08/20 2873 -4452 1579
09/20 2787 -4414 1627
09/20 5932 -8110 2178
09/20 5318 -7941 2623
09/20 6938 -8666 1727
09/20 3522 -5575 2053
10/20 -1024 -681 1705
10/20 -1546 254 1292
10/20 -6010 3164 2846
10/20 -4947 1288 3659
11/20 -591 -1765 2356
11/20 -1823 -488 2311
11/20 340 -2386 2046
11/20 2241 -4839 2598
12/20 4960 -8131 3170
12/20 5310 -6327 1016
12/20 6309 -8820 2511
12/20 5374 -6499 1125
12/20 3389 -6232 2842
01/21 3165 -6330 3165
01/21 3276 -6161 2885
01/21 3863 -6859 2997
01/21 5344 -7661 2317
02/21 -339 -2865 3204
02/21 -779 -1923 2702
02/21 1155 -3751 2596
02/21 498 -3353 2856
03/21 7853 -10416 2563
03/21 9975 -12150 2176
03/21 6708 -9345 2637
03/21 3735 -6905 3170
03/21 4249 -7275 3026
04/21 2067 -6027 3961
04/21 1075 -5694 4619
04/21 -370 -4444 4814
04/21 -330 -4028 4357
05/21 -482 -2647 3129
05/21 562 -3672 3110
05/21 1313 -4514 3201
05/21 3131 -6522 3391
06/21 1584 -4883 3298
06/21 386 -4410 4024
06/21 -709 -5044 5754
06/21 4103 -7573 3470
06/21 -3417 -413 3829
07/21 -6352 3175 3178
07/21 -8343 4605 3737
07/21 -211 -1960 2171
07/21 -2408 -187 2595
08/21 -6126 3291 2835
08/21 -3655 1444 2211
08/21 -542 -1973 2515
08/21 -2757 -696 3453
08/21 -2363 -1271 3634
09/21 884 -5071 4187
09/21 944 -5951 5006
09/21 4944 -8400 3456
09/21 1012 -3841 2828
10/21 521 -3088 2566
10/21 -1560 -2141 3701
10/21 -4084 1816 2268
10/21 -2589 869 1721
11/21 -4454 2544 1910
11/21 -1498 -707 2205
11/21 -212 -2139 2351
11/21 -2682 -1076 3757
11/21 1259 -3418 2159
12/21 1590 -2277 687
12/21 1857 -3339 1482
12/21 2393 -4633 2240
12/21 -964 -579 1544
01/22 -4585 3617 968
01/22 -182 -1401 1583
01/22 2419 -5172 2753
01/22 3003 -5138 2135
02/22 3707 -4788 1081
02/22 2803 -3431 628
02/22 3631 -4675 1043
02/22 5238 -6658 1420
03/22 7587 -7735 148
03/22 6764 -5958 -805
03/22 7060 -6054 -1006
03/22 7755 -7422 -333
03/22 10203 -9712 -491
04/22 8983 -8864 -120
04/22 11782 -11456 -325
04/22 8102 -7392 -711
04/22 11002 -10893 -109
05/22 9521 -9590 70
05/22 11787 -11579 -208
05/22 12849 -11744 -1105
05/22 13135 -12036 -1099
05/22 14878 -13059 -1819
06/22 13257 -10220 -3038
06/22 12216 -11145 -1071
06/22 14468 -12737 -1732
06/22 14838 -12536 -2301
07/22 13777 -11541 -2235
07/22 12818 -9922 -2896
07/22 10492 -7918 -2573
07/22 13553 -10592 -2960
08/22 11480 -9210 -2269
08/22 8584 -6355 -2229
08/22 4683 -3482 -1201
08/22 2460 -2297 -162
08/22 1514 -710 -803
09/22 5193 -4804 -389
09/22 6761 -5843 -918
09/22 7920 -7717 -203
09/22 10214 -9615 -599
10/22 8574 -8250 -323
10/22 8307 -6875 -1433
10/22 10366 -8425 -1941
10/22 9380 -6935 -2445
11/22 8064 -4099 -3965
11/22 7878 -4172 -3706
11/22 8150 -5305 -2845
11/22 7071 -3195 -3875
11/22 6440 -3071 -3369
12/22 9549 -5802 -3748
12/22 10125 -6271 -3853
12/22 5186 -3222 -1964
12/22 7479 -6022 -1456
01/23 8019 -5946 -2074
01/23 6323 -4571 -1753
01/23 6145 -5306 -839
01/23 6113 -4983 -1130
01/23 6038 -4714 -1325
02/23 4177 -3142 -1036
02/23 5063 -3369 -1693
02/23 8797 -8123 -675
02/23 8701 -8003 -699
03/23 8804 -6353 -2451
03/23 13261 -10040 -3222
03/23 15032 -11074 -3957
03/23 16285 -11785 -4501
04/23 16310 -11813 -4498
04/23 14043 -10823 -3219
04/23 14673 -12199 -2474
04/23 16300 -12836 -3463
05/23 26498 -20991 -5507
05/23 24869 -19676 -5193
05/23 26785 -21832 -4953
05/23 25951 -23032 -2919
05/23 22338 -22111 -228
06/23 21586 -23203 1617
06/23 15094 -15769 675
06/23 16453 -15859 -594
06/23 20148 -18922 -1226
07/23 14236 -13082 -1154
07/23 21325 -18585 -2740
07/23 6949 -7141 192
07/23 368 2369 -2738
08/23 -1311 2505 -1193
08/23 -2467 4031 -1564
08/23 2879 -3221 342
08/23 11953 -14718 2765
08/23 8178 -10000 1822
09/23 10223 -11724 1501
09/23 12437 -12900 463
09/23 17287 -17769 482
09/23 19472 -21618 2146
10/23 29549 -32447 2898
10/23 37213 -34652 -2561
10/23 40256 -35211 -5045
10/23 39649 -35960 -3689
10/23 40621 -36111 -4510
11/23 42559 -37076 -5483
11/23 41796 -36513 -5283
11/23 39389 -34308 -5081
11/23 29300 -25055 -4245
12/23 2833 308 -3141
12/23 199 3451 -3650
12/23 -6630 7123 -493
12/23 -12483 11153 1330
01/24 -20590 19542 1048
01/24 -25433 24079 1354
01/24 -17853 18284 -432
01/24 -21853 19062 2790
01/24 -26706 25831 875
02/24 -23706 20985 2721
02/24 -23619 21544 2075
02/24 -19394 17941 1452
02/24 -22591 19321 3270
03/24 -17960 15443 2516
03/24 -18719 17013 1707
03/24 -24632 22445 2187
03/24 -24240 20012 4228
04/24 -19811 16595 3216
04/24 -18398 16961 1437
04/24 -16459 13679 2780
04/24 -7730 6852 878
04/24 -6639 5198 1441
05/24 -10847 8664 2183
05/24 -19177 15773 3404
05/24 -22876 20437 2439
05/24 -17654 13144 4510
06/24 -10195 8286 1909
06/24 -4398 2376 2022
06/24 -3418 1524 1894
06/24 -1345 -514 1859
07/24 -9094 6728 2366
07/24 -11061 7795 3266
07/24 -17661 15241 2420
07/24 -14640 11366 3274
07/24 -16873 13538 3335
08/24 -7321 7369 -48
08/24 -3784 1237 2547
08/24 -7610 6728 882
08/24 -10436 6924 3511
09/24 -7196 7136 60
09/24 -9186 8168 1018
09/24 -15956 13053 2904
09/24 -18853 15436 3417
10/24 -18632 17050 1582
10/24 -15843 14286 1557
10/24 -15730 12600 3130
