11/09 642 -696 54
11/09 90 -130 40
11/09 46 -37 -9
12/09 -31 -38 69
12/09 -127 86 41
12/09 335 -376 41
01/10 225 -320 95
01/10 57 -229 172
01/10 125 -221 96
01/10 169 -140 -29
02/10 73 -66 -7
02/10 261 -281 20
02/10 277 -327 50
02/10 208 -250 42
03/10 149 -156 7
03/10 312 -380 68
03/10 -5 -104 109
03/10 -82 -2 84
03/10 -328 261 67
04/10 -1145 941 204
04/10 -1055 995 60
04/10 -1317 1142 175
04/10 -1129 966 163
05/10 -1214 942 272
05/10 -926 752 174
05/10 -770 495 275
05/10 -895 427 468
06/10 -866 547 319
06/10 -652 477 175
06/10 -649 472 177
06/10 -858 698 160
06/10 -1405 1213 192
07/10 -1435 1210 225
07/10 -1707 1456 251
07/10 -1679 1572 107
07/10 -1676 1453 223
08/10 -1849 1689 160
08/10 -1830 1688 142
08/10 -864 765 99
08/10 -508 443 65
08/10 -356 275 81
09/10 -80 -38 118
09/10 -575 467 108
09/10 11 -125 114
09/10 192 -233 41
10/10 343 -382 39
10/10 465 -555 90
10/10 241 -344 103
10/10 9 -144 135
11/10 -315 211 104
11/10 -156 76 80
11/10 -268 126 142
11/10 -179 139 40
11/10 -247 262 -15
12/10 -640 787 -147
12/10 -525 653 -128
12/10 -451 572 -121
12/10 -419 589 -170
01/11 -438 440 -2
01/11 -355 274 81
01/11 -864 860 4
01/11 -898 947 -49
02/11 -1166 1159 7
02/11 -798 949 -151
02/11 -62 186 -124
02/11 -114 164 -50
03/11 -254 290 -36
03/11 -424 461 -37
03/11 -714 763 -49
03/11 -541 436 105
03/11 -390 289 101
04/11 -383 231 152
04/11 -326 303 23
04/11 -624 589 35
04/11 -714 685 29
05/11 -676 787 -111
05/11 -624 726 -102
05/11 -975 774 201
05/11 -796 761 35
05/11 -881 808 73
06/11 -901 715 186
06/11 -605 441 164
06/11 -356 333 23
06/11 -180 45 135
07/11 -293 135 158
07/11 -457 192 265
07/11 234 -419 185
07/11 236 -384 148
08/11 -49 -118 167
08/11 -315 123 192
08/11 -471 179 292
08/11 -284 38 246
08/11 -329 99 230
09/11 -396 187 209
09/11 -321 159 162
09/11 -56 -125 181
09/11 -342 395 -53
10/11 -848 839 9
10/11 -704 783 -79
10/11 -97 104 -7
10/11 68 -87 19
11/11 -166 30 136
11/11 -455 216 239
11/11 -415 340 75
11/11 40 -98 58
11/11 392 -448 56
12/11 90 -173 83
12/11 -109 25 84
12/11 -36 -85 121
12/11 -67 -20 87
01/12 -174 141 33
01/12 -687 585 102
01/12 -1208 1030 178
01/12 -953 830 123
01/12 -1243 1018 225
02/12 -1531 1238 293
02/12 -1392 1062 330
02/12 -1232 1127 105
02/12 -1347 1278 69
03/12 -1046 907 139
03/12 -1243 1130 113
03/12 -1821 1700 121
03/12 -2040 1892 148
04/12 -1976 1910 66
04/12 -1973 1991 -18
04/12 -1425 1440 -15
04/12 -1665 1513 152
05/12 -1874 1746 128
05/12 -2320 2270 50
05/12 -2518 2574 -56
05/12 -2977 2981 -4
05/12 -2668 2707 -39
06/12 -3196 3181 15
06/12 -1709 1649 60
06/12 -1606 1543 63
06/12 -2377 2354 23
07/12 -1266 1059 207
07/12 -1680 1385 295
07/12 -2319 1987 332
07/12 -1799 1317 482
07/12 -2371 1898 473
08/12 -2653 2189 464
08/12 -2387 2035 352
08/12 -2364 1984 380
08/12 -2192 1845 347
09/12 -2140 1793 347
09/12 -2987 2628 359
09/12 -2550 2262 288
09/12 -2088 2003 85
10/12 -2691 2543 148
10/12 -3098 2876 222
10/12 -3303 3017 286
10/12 -3333 3053 280
10/12 -3644 3332 312
11/12 -3759 3533 226
11/12 -3754 3494 260
11/12 -2806 2370 436
11/12 -1946 1629 317
12/12 -1767 1314 453
12/12 -700 387 313
12/12 -574 152 422
12/12 -907 645 262
12/12 -778 493 285
01/13 -668 494 174
01/13 -881 590 291
01/13 -939 651 288
01/13 -920 514 406
02/13 -1416 1041 375
02/13 -986 538 448
02/13 -888 415 473
02/13 -880 544 336
03/13 -1082 703 379
03/13 -439 131 308
03/13 -297 -42 339
03/13 19 -504 485
04/13 189 -676 487
04/13 352 -589 237
04/13 547 -724 177
04/13 -212 192 20
04/13 -196 -17 213
05/13 -1134 791 343
05/13 -1763 1489 274
05/13 -1405 1176 229
05/13 -1508 1144 364
06/13 -1032 704 328
06/13 -945 561 384
06/13 -1261 787 474
06/13 -1247 798 449
07/13 -811 425 386
07/13 -983 551 432
07/13 -1364 947 417
07/13 -1566 1328 238
07/13 -1297 1129 168
08/13 -1356 1172 184
08/13 -1386 1229 157
08/13 -1452 1269 183
08/13 -1392 1217 175
09/13 -1550 1321 229
09/13 -1547 1304 243
09/13 -1611 1465 146
09/13 -1571 1367 204
10/13 -1702 1583 119
10/13 -1473 1333 140
10/13 -1514 1298 216
10/13 -1520 1345 175
10/13 -1425 1297 128
11/13 -1417 1197 220
11/13 -1099 947 152
11/13 -931 698 233
11/13 -1061 715 346
12/13 -1086 672 414
12/13 -949 515 434
12/13 -932 553 379
12/13 -1001 602 399
12/13 -941 583 358
01/14 -842 551 291
01/14 -658 347 311
01/14 -687 389 298
01/14 -569 166 403
02/14 -187 -144 331
02/14 54 -341 287
02/14 72 -395 323
02/14 -1 -358 359
03/14 -111 -166 277
03/14 -179 -20 199
03/14 -149 -120 269
03/14 22 -241 219
04/14 -176 -25 201
04/14 -256 139 117
04/14 -296 215 81
04/14 -535 335 200
04/14 -376 203 173
05/14 -787 524 263
05/14 -563 366 197
05/14 -551 271 280
05/14 -676 500 176
06/14 -578 323 255
06/14 -548 380 168
06/14 -731 455 276
06/14 -786 511 275
07/14 -800 448 352
07/14 -889 633 256
07/14 -1189 910 279
07/14 -1263 1070 193
07/14 -1509 1196 313
08/14 -1681 1321 360
08/14 -1819 1443 376
08/14 -2088 1666 422
08/14 -1975 1481 494
09/14 -2002 1550 452
09/14 -1866 1409 457
09/14 -1646 1312 334
09/14 -1929 1516 413
09/14 -2157 1951 206
10/14 -2712 2478 234
10/14 -2781 2564 217
10/14 -2609 2347 262
10/14 -2649 2368 281
11/14 -2653 2377 276
11/14 -2435 2072 363
11/14 -2247 1921 326
11/14 -1842 1463 379
12/14 -1919 1657 262
12/14 -1899 1526 373
12/14 -2095 1716 379
12/14 -2035 1702 333
12/14 -1974 1710 264
01/15 -2040 1908 132
01/15 -1937 1742 195
01/15 -1803 1692 111
01/15 -895 850 45
02/15 -1028 1014 14
02/15 -1028 926 102
02/15 -941 882 59
02/15 -1034 935 99
03/15 -1187 979 208
03/15 -1238 1098 140
03/15 -1254 1130 124
03/15 -1253 1097 156
03/15 -1211 1016 195
04/15 -1187 1157 30
04/15 -1421 1327 94
04/15 -1871 1717 154
04/15 -2297 2181 116
05/15 -2296 2155 141
05/15 -2548 2346 202
05/15 -2887 2693 194
05/15 -3123 2846 277
06/15 -2529 2394 135
06/15 -2436 2355 81
06/15 -2486 2482 4
06/15 -2848 2660 188
06/15 -2886 2646 240
07/15 -3315 3130 185
07/15 -3202 2987 215
07/15 -2464 2270 194
07/15 -2069 2036 33
08/15 -1843 1729 114
08/15 -1470 1489 -19
08/15 -1536 1596 -60
08/15 -1283 1274 9
09/15 -1412 1445 -33
09/15 -1348 1311 37
09/15 -1206 1199 7
09/15 -1517 1344 173
09/15 -1327 1233 94
10/15 -1231 1083 148
10/15 -1296 1175 121
10/15 -1226 1068 158
10/15 -1299 1151 148
11/15 -1241 1127 114
11/15 -1195 1123 72
11/15 -870 831 39
11/15 -860 804 56
12/15 -868 828 40
12/15 -879 838 41
12/15 -888 867 21
12/15 -620 654 -34
12/15 -638 710 -72
01/16 -474 535 -61
01/16 -417 458 -41
01/16 -697 710 -13
01/16 -399 495 -96
02/16 -479 471 8
02/16 -454 479 -25
02/16 -336 387 -51
02/16 -194 164 30
03/16 -136 122 14
03/16 278 -359 81
03/16 296 -326 30
03/16 30 -26 -4
03/16 62 -168 106
04/16 -53 14 39
04/16 275 -318 43
04/16 257 -370 113
04/16 -26 -156 182
05/16 -210 -7 217
05/16 -494 293 201
05/16 -454 271 183
05/16 -1236 945 291
05/16 -1293 1116 177
06/16 -1732 1488 244
06/16 -2190 1939 251
06/16 -2079 1924 155
06/16 -1787 1619 168
07/16 -2021 1918 103
07/16 -2111 1874 237
07/16 -2129 2028 101
07/16 -1716 1624 92
08/16 -1559 1497 62
08/16 -1245 1256 -11
08/16 -991 1063 -72
08/16 -1012 999 13
08/16 -762 824 -62
09/16 -975 998 -23
09/16 -1062 1063 -1
09/16 -1307 1265 42
09/16 -1309 1218 91
10/16 -1773 1638 135
10/16 -2047 1894 153
10/16 -2157 2133 24
10/16 -2162 2150 12
11/16 -2491 2354 137
11/16 -2338 2164 174
11/16 -2276 2088 188
11/16 -2455 2268 187
11/16 -2436 2251 185
12/16 -2413 2177 236
12/16 -2762 2559 203
12/16 -2309 2105 204
12/16 -2178 1919 259
01/17 -2336 2013 323
01/17 -2453 2213 240
01/17 -2518 2277 241
01/17 -2346 2110 236
01/17 -2178 2020 158
02/17 -2720 2552 168
02/17 -2877 2652 225
02/17 -2870 2645 225
02/17 -2889 2661 228
03/17 -3052 2805 247
03/17 -3230 3040 190
03/17 -3361 3069 292
03/17 -3537 3313 224
04/17 -3370 3127 243
04/17 -3542 3230 312
04/17 -2928 2590 338
04/17 -2819 2446 373
05/17 -2507 2203 304
05/17 -1834 1742 92
05/17 -1280 1189 91
05/17 -1058 973 85
05/17 -848 763 85
06/17 -1117 989 128
06/17 -831 681 150
06/17 -687 595 92
06/17 -487 370 117
07/17 -334 248 86
07/17 -529 390 139
07/17 -616 497 119
07/17 -866 638 228
08/17 -910 802 108
08/17 -812 797 15
08/17 -731 703 28
08/17 -809 763 46
08/17 -698 630 68
09/17 -462 461 1
09/17 -524 490 34
09/17 -865 601 264
10/17 -925 699 226
10/17 -770 589 181
10/17 -450 283 167
10/17 -200 82 118
10/17 -46 15 31
11/17 -386 232 154
11/17 -566 302 264
11/17 -440 358 82
11/17 -289 165 124
12/17 -81 -27 108
12/17 311 -203 -108
12/17 570 -466 -104
12/17 725 -781 56
01/18 837 -757 -80
01/18 670 -575 -95
01/18 488 -410 -78
01/18 379 -379 0
01/18 370 -328 -42
02/18 -83 -6 89
02/18 -121 46 75
02/18 -484 346 138
02/18 -602 428 174
03/18 -775 612 163
03/18 -761 574 187
03/18 -1156 970 186
03/18 -1210 1035 175
04/18 -1009 878 131
04/18 -525 441 84
04/18 -838 701 137
05/18 -449 273 176
05/18 -672 522 150
05/18 -567 527 40
05/18 -191 62 129
05/18 -417 305 112
06/18 -227 239 -12
06/18 -80 147 -67
06/18 -94 144 -50
06/18 78 2 -80
07/18 -77 167 -90
07/18 -69 -18 87
08/18 145 -62 -83
08/18 366 -295 -71
09/18 501 -429 -72
09/18 579 -335 -244
09/18 466 -269 -197
09/18 605 -527 -78
10/18 695 -609 -86
10/18 860 -681 -179
10/18 962 -820 -142
10/18 1088 -1107 19
10/18 1075 -965 -110
11/18 870 -793 -77
11/18 991 -969 -22
11/18 936 -923 -13
11/18 724 -768 44
12/18 637 -613 -24
12/18 573 -540 -33
12/18 697 -595 -102
12/18 786 -660 -126
12/18 938 -741 -197
01/19 807 -652 -155
01/19 927 -731 -196
01/19 926 -778 -148
01/19 1030 -973 -57
02/19 758 -680 -78
02/19 545 -580 35
02/19 426 -416 -10
03/19 198 -172 -26
03/19 520 -545 25
03/19 -426 251 175
04/19 -298 180 118
04/19 -101 78 23
04/19 482 -441 -41
05/19 658 -532 -126
05/19 853 -727 -126
05/19 726 -656 -70
