01/86 2192 112 -2304
01/86 1608 502 -2110
02/86 1226 -67 -1159
02/86 1129 -334 -795
03/86 -230 -106 336
03/86 -807 189 618
04/86 -720 -74 794
04/86 -1127 199 928
05/86 -714 287 427
05/86 -444 476 -32
06/86 -400 1159 -759
06/86 -254 1107 -853
07/86 -393 1861 -1468
07/86 454 1255 -1709
08/86 164 920 -1084
08/86 -872 1289 -417
09/86 -629 848 -219
09/86 -119 76 43
10/86 0 386 -386
10/86 545 273 -818
11/86 389 974 -1363
11/86 343 1442 -1785
12/86 210 1362 -1572
12/86 99 950 -1049
01/87 822 1141 -1963
01/87 231 1636 -1867
02/87 -11 1199 -1188
02/87 -295 1804 -1509
03/87 179 1686 -1865
03/87 -932 2332 -1400
04/87 -1324 2439 -1115
04/87 347 948 -1295
05/87 2205 973 -3178
05/87 2958 -20 -2938
06/87 3469 53 -3522
06/87 2453 856 -3309
07/87 1539 1149 -2688
07/87 1880 2542 -4422
08/87 1034 4030 -5064
08/87 1235 3563 -4798
09/87 658 4006 -4664
09/87 819 4591 -5410
10/87 2228 2386 -4614
10/87 4088 -610 -3478
11/87 3971 -351 -3620
11/87 4276 -503 -3773
12/87 5503 -864 -4639
12/87 5727 -170 -5557
01/88 3791 1728 -5519
01/88 3247 1207 -4454
02/88 2209 2078 -4287
02/88 1245 1847 -3092
03/88 98 2888 -2986
03/88 -9 2877 -2868
04/88 277 1797 -2074
04/88 1174 1506 -2680
05/88 1807 1731 -3538
05/88 2904 -170 -2734
06/88 4181 -1128 -3053
06/88 4558 -921 -3637
07/88 4515 -42 -4473
07/88 2510 3271 -5781
08/88 1422 5500 -6922
08/88 1594 5057 -6651
09/88 2453 3500 -5953
09/88 3072 2663 -5735
10/88 3558 1555 -5113
10/88 3088 1313 -4401
11/88 2964 1180 -4144
11/88 2922 512 -3434
12/88 3144 1096 -4240
12/88 2453 1433 -3886
01/89 1147 2111 -3258
01/89 1827 1120 -2947
02/89 1742 739 -2481
02/89 2165 102 -2267
03/89 2290 -1831 -459
03/89 2206 -731 -1475
04/89 2739 -2700 -39
04/89 2934 -2286 -648
05/89 3168 -1439 -1729
05/89 3910 -1262 -2648
06/89 2304 1414 -3718
06/89 947 1868 -2815
07/89 1659 578 -2237
07/89 1468 867 -2335
08/89 266 1140 -1406
08/89 712 163 -875
09/89 302 1185 -1487
09/89 -167 1752 -1585
10/89 180 1881 -2061
10/89 453 557 -1010
11/89 10 849 -859
11/89 -94 1250 -1156
12/89 -95 1575 -1480
12/89 788 1719 -2507
01/90 965 968 -1933
01/90 1692 1365 -3057
02/90 2811 611 -3422
02/90 2630 -65 -2565
03/90 2060 2658 -4718
03/90 1769 2257 -4026
04/90 2271 2713 -4984
04/90 842 2744 -3586
05/90 524 2933 -3457
05/90 504 2232 -2736
06/90 -297 2355 -2058
06/90 -471 2367 -1896
07/90 485 2152 -2637
07/90 839 2631 -3470
08/90 375 2951 -3326
08/90 685 1298 -1983
09/90 1469 1149 -2618
09/90 2070 756 -2826
10/90 2013 257 -2270
10/90 2565 -159 -2406
11/90 1963 1056 -3019
11/90 1914 1235 -3149
12/90 1369 1402 -2771
12/90 2037 1555 -3592
01/91 3049 -407 -2642
01/91 2204 759 -2963
02/91 845 1615 -2460
02/91 453 1977 -2430
03/91 726 1995 -2721
03/91 1852 1534 -3386
04/91 2495 756 -3251
04/91 1856 655 -2511
05/91 2548 261 -2809
05/91 2619 906 -3525
06/91 2591 571 -3162
06/91 2657 132 -2789
07/91 1816 1734 -3550
07/91 950 1411 -2361
08/91 2064 -2130 66
08/91 1033 -421 -612
09/91 1028 -1003 -25
09/91 786 567 -1353
10/91 1088 1067 -2155
10/91 812 459 -1271
11/91 1438 -726 -712
11/91 1373 -1626 253
12/91 1334 -1951 617
12/91 1440 -2703 1263
01/92 1556 -2163 607
01/92 1115 -1242 127
02/92 1166 -986 -180
02/92 1157 -1238 81
03/92 1168 320 -1488
03/92 1412 1067 -2479
04/92 1717 820 -2537
04/92 1781 701 -2482
05/92 2037 419 -2456
05/92 1929 -615 -1314
06/92 2380 -269 -2111
06/92 2325 153 -2478
07/92 2993 -204 -2789
07/92 3598 606 -4204
08/92 3101 1039 -4140
08/92 1764 1637 -3401
09/92 2163 1234 -3397
09/92 1945 1061 -3006
10/92 2266 831 -3097
10/92 2601 1241 -3842
10/92 2851 1002 -3853
10/92 2692 819 -3511
11/92 2235 825 -3060
11/92 2477 417 -2894
11/92 1928 524 -2452
11/92 586 1066 -1652
12/92 611 987 -1598
12/92 606 1294 -1900
12/92 473 1496 -1969
12/92 794 1724 -2518
12/92 1298 1344 -2642
01/93 1092 1551 -2643
01/93 845 1596 -2441
01/93 487 1969 -2456
01/93 347 2702 -3049
02/93 -489 2529 -2040
02/93 -430 2420 -1990
02/93 -205 2408 -2203
02/93 -162 2603 -2441
03/93 16 3247 -3263
03/93 266 3336 -3602
03/93 412 3047 -3459
03/93 979 2377 -3356
03/93 1245 1936 -3181
04/93 1181 1940 -3121
04/93 1480 2028 -3508
04/93 1490 2000 -3490
04/93 1620 2054 -3674
05/93 2034 2202 -4236
05/93 2204 2335 -4539
05/93 2295 2103 -4398
05/93 2120 1834 -3954
06/93 1997 2210 -4207
06/93 2564 1810 -4374
06/93 2445 2134 -4579
06/93 2444 2193 -4637
06/93 2369 2162 -4531
07/93 3994 1387 -5381
07/93 4359 1477 -5836
07/93 5139 1541 -6680
07/93 5039 1655 -6694
08/93 4596 1890 -6486
08/93 4717 1521 -6238
08/93 4542 1815 -6357
08/93 4243 1375 -5618
08/93 2409 1627 -4036
09/93 2756 1615 -4371
09/93 2732 993 -3725
09/93 2352 697 -3049
09/93 1704 346 -2050
10/93 1789 -257 -1532
10/93 2489 -1664 -825
10/93 2819 -1517 -1302
10/93 2949 -1280 -1669
11/93 2777 -656 -2121
11/93 2429 -579 -1850
11/93 2065 -1424 -641
11/93 2370 -2143 -227
11/93 2287 -1827 -460
12/93 2506 -1372 -1134
12/93 2235 -973 -1262
12/93 2422 -497 -1925
12/93 2312 -780 -1532
01/94 1988 -893 -1095
01/94 1243 575 -1818
01/94 1055 658 -1713
01/94 918 436 -1354
02/94 549 1708 -2257
02/94 529 1177 -1706
02/94 830 1678 -2508
02/94 841 1885 -2726
03/94 304 2628 -2932
03/94 147 2429 -2576
03/94 73 2181 -2254
03/94 382 2145 -2527
03/94 277 1998 -2275
04/94 -103 2643 -2540
04/94 -74 2687 -2613
04/94 1000 773 -1773
04/94 1784 513 -2297
05/94 2633 -436 -2197
05/94 2909 -882 -2027
05/94 3034 -1015 -2019
05/94 3163 -728 -2435
05/94 3764 -1179 -2585
06/94 3132 -1157 -1975
06/94 3395 -2441 -954
06/94 3189 -2061 -1128
06/94 3193 -2020 -1173
07/94 2452 -1085 -1367
07/94 2339 -809 -1530
07/94 2337 -835 -1502
07/94 2135 -36 -2099
08/94 1330 477 -1807
08/94 918 1138 -2056
08/94 438 954 -1392
08/94 163 1167 -1330
08/94 54 530 -584
09/94 -108 445 -337
09/94 -294 114 180
09/94 -11 -973 984
09/94 366 -979 613
10/94 461 -1097 636
10/94 380 -1102 722
10/94 -67 -906 973
10/94 -740 114 626
11/94 -775 541 234
11/94 -945 829 116
11/94 -1204 1007 197
11/94 -693 998 -305
11/94 -892 1149 -257
12/94 -1289 1049 240
12/94 -1257 1270 -13
12/94 -1686 2375 -689
12/94 -1824 2692 -868
01/95 -1859 2742 -883
01/95 -2283 2389 -106
01/95 -2074 2831 -757
01/95 -1739 2654 -915
01/95 -1442 2459 -1017
02/95 -1194 2709 -1515
02/95 -387 1848 -1461
02/95 -127 1644 -1517
02/95 300 1183 -1483
03/95 956 -241 -715
03/95 1508 -1369 -139
03/95 2244 -2499 255
03/95 2821 -2969 148
04/95 3204 -2190 -1014
04/95 2269 -1439 -830
04/95 2254 -1507 -747
04/95 1848 -726 -1122
05/95 1539 -396 -1143
05/95 1845 -156 -1689
05/95 2243 472 -2715
05/95 2327 17 -2344
05/95 1806 143 -1949
06/95 1149 165 -1314
06/95 919 6 -925
06/95 1084 -352 -732
06/95 -103 617 -514
07/95 -312 538 -226
07/95 -153 836 -683
07/95 -278 1647 -1369
07/95 -144 1567 -1423
08/95 -21 1344 -1323
08/95 -45 1946 -1901
08/95 -1 1519 -1518
08/95 142 1356 -1498
08/95 -599 284 315
09/95 -1057 371 686
09/95 -824 724 100
09/95 -798 100 698
09/95 -772 -786 1558
10/95 -582 -1317 1899
10/95 -771 -336 1107
10/95 -793 -1011 1804
10/95 -993 -1057 2050
10/95 -1033 -393 1426
11/95 -1604 228 1376
11/95 -1934 539 1395
11/95 -2136 806 1330
11/95 -2481 1075 1406
12/95 -3228 1761 1467
12/95 -2451 910 1541
12/95 -1832 588 1244
12/95 -1731 389 1342
01/96 -963 -1312 2275
01/96 -246 -2079 2325
01/96 252 -2342 2090
01/96 250 -2907 2657
01/96 -239 -2048 2287
02/96 -260 -1913 2173
02/96 -800 -968 1768
02/96 -1101 -980 2081
02/96 -817 -1005 1822
03/96 246 -1021 775
03/96 -293 -855 1148
03/96 146 -643 497
03/96 82 -692 610
04/96 -85 -1325 1410
04/96 -486 -877 1363
04/96 -818 -607 1425
04/96 7 -1617 1610
04/96 2010 -1523 -487
05/96 2274 -729 -1545
05/96 1737 -731 -1006
05/96 1518 -1060 -458
05/96 274 -429 155
06/96 453 648 -1101
06/96 267 729 -996
06/96 557 846 -1403
06/96 434 -125 -309
07/96 238 243 -481
07/96 -1106 432 674
07/96 -978 212 766
07/96 -2723 1031 1692
07/96 -3358 908 2450
08/96 -3435 1357 2078
08/96 -2887 923 1964
08/96 -2416 850 1566
08/96 -2813 815 1998
09/96 -2582 397 2185
09/96 -2306 856 1450
09/96 -1672 1090 582
09/96 -1384 870 514
10/96 -1161 1051 110
10/96 -535 842 -307
10/96 51 124 -175
10/96 -273 944 -671
10/96 373 408 -781
11/96 -627 1669 -1042
11/96 -984 1511 -527
11/96 -1093 1650 -557
11/96 -465 643 -178
12/96 -242 951 -709
12/96 -108 932 -824
12/96 -40 931 -891
12/96 -66 1105 -1039
12/96 159 1906 -2065
01/97 -43 2432 -2389
01/97 -393 2099 -1706
01/97 -247 1626 -1379
01/97 -268 2018 -1750
02/97 -528 2507 -1979
02/97 317 1985 -2302
02/97 1018 1416 -2434
02/97 778 2131 -2909
03/97 569 1737 -2306
03/97 2848 102 -2950
03/97 2205 426 -2631
03/97 2551 661 -3212
04/97 2273 797 -3070
04/97 1799 1517 -3316
04/97 593 2971 -3564
04/97 -527 4004 -3477
04/97 -1276 4568 -3292
05/97 -2190 4771 -2581
05/97 -2459 5637 -3178
05/97 -3355 6281 -2926
05/97 -3202 6577 -3375
06/97 -3070 5969 -2899
06/97 -2352 4616 -2264
06/97 -2689 4985 -2296
06/97 -2475 4969 -2494
07/97 -2769 6462 -3693
07/97 -2369 6612 -4243
07/97 -2164 7114 -4950
07/97 -1944 7084 -5140
07/97 -1090 6727 -5637
08/97 -775 6756 -5981
08/97 17 5260 -5277
08/97 1755 4006 -5761
08/97 2068 3389 -5457
09/97 1177 2108 -3285
09/97 1978 2296 -4274
09/97 1304 3077 -4381
09/97 1705 2275 -3980
09/97 1763 98 -1861
10/97 2201 -1604 -597
10/97 1983 -1689 -294
10/97 1558 -1942 384
10/97 1073 -1613 540
11/97 804 -2038 1234
11/97 743 -395 -348
11/97 662 131 -793
11/97 -1104 1782 -678
12/97 -859 1067 -208
12/97 -863 1820 -957
12/97 -1149 401 748
12/97 -986 673 313
12/97 -263 -267 530
12/97 -356 -610 966
01/98 253 -1276 1023
01/98 27 -790 763
01/98 -1153 635 518
01/98 -1604 497 1107
02/98 -1394 1189 205
02/98 -1085 874 211
02/98 -1055 1211 -156
02/98 -1159 874 285
03/98 -586 276 310
03/98 -995 302 693
03/98 -1708 622 1086
03/98 -1958 1320 638
03/98 -1379 1247 132
04/98 -1968 2923 -955
04/98 -2178 2959 -781
04/98 -1598 2670 -1072
04/98 -945 2048 -1103
05/98 -851 1758 -907
05/98 -1429 1139 290
05/98 -1547 1116 431
05/98 -1152 751 401
06/98 -262 -984 1246
06/98 87 -1549 1462
06/98 -169 -1436 1605
06/98 36 -1817 1781
06/98 232 -1821 1589
07/98 -5 -1575 1580
07/98 -90 -1602 1692
07/98 -216 -1709 1925
07/98 -338 -1683 2021
08/98 -328 -956 1284
08/98 312 -1167 855
08/98 -124 -1629 1753
08/98 -63 -1873 1936
09/98 -361 -1395 1756
09/98 -1255 -862 2117
09/98 -1182 -70 1252
09/98 -1868 1007 861
09/98 -1857 831 1026
10/98 -2068 341 1727
10/98 -2552 2322 230
10/98 -2929 2918 11
10/98 -3651 3299 352
11/98 -2536 2197 339
11/98 -2541 1664 877
11/98 -1839 665 1174
11/98 -905 -16 921
12/98 -786 -95 881
12/98 -843 -453 1296
12/98 480 -1754 1274
12/98 448 -1825 1377
12/98 459 -1287 828
01/99 306 -1044 738
01/99 964 -34 -930
01/99 -13 1435 -1422
01/99 -396 1648 -1252
02/99 -375 1795 -1420
02/99 -515 2926 -2411
02/99 -762 2783 -2021
02/99 -724 2552 -1828
03/99 -776 3876 -3100
03/99 -665 1587 -922
03/99 -155 725 -570
03/99 426 392 -818
03/99 748 214 -962
04/99 144 2032 -2176
04/99 -174 2465 -2291
04/99 321 726 -1047
04/99 738 650 -1388
05/99 546 639 -1185
05/99 1129 431 -1560
05/99 808 475 -1283
05/99 463 1740 -2203
06/99 216 2313 -2529
06/99 180 3751 -3931
06/99 -432 5557 -5125
06/99 -480 5402 -4922
06/99 -476 5240 -4764
07/99 -667 4735 -4068
07/99 -320 4629 -4309
07/99 -142 4445 -4303
07/99 -1226 5356 -4130
08/99 -1447 4564 -3117
08/99 -1847 4359 -2512
08/99 -1987 5188 -3201
08/99 -1598 5034 -3436
08/99 -2144 5874 -3730
09/99 -2152 6942 -4790
09/99 -1983 7245 -5262
09/99 -2085 7358 -5273
09/99 -1878 7108 -5230
10/99 -1727 7915 -6188
10/99 -741 7291 -6550
10/99 635 6522 -7157
10/99 1479 4340 -5819
11/99 929 3896 -4825
11/99 1169 3718 -4887
11/99 1377 4440 -5817
11/99 2088 5010 -7098
11/99 898 7052 -7950
12/99 1259 6770 -8029
12/99 1803 6684 -8487
12/99 1679 6351 -8030
12/99 1451 6578 -8029
01/00 706 7274 -7980
01/00 964 8238 -9202
01/00 751 9026 -9777
01/00 1817 8459 -10276
02/00 1335 8652 -9987
02/00 2382 6970 -9352
02/00 4231 5270 -9501
02/00 5007 4413 -9420
02/00 4954 4677 -9631
03/00 4303 5276 -9579
03/00 3555 5079 -8634
03/00 3497 4668 -8165
03/00 3963 5173 -9136
04/00 4026 4912 -8938
04/00 3773 5462 -9235
04/00 4069 5573 -9642
04/00 3984 4674 -8658
05/00 2753 5664 -8417
05/00 2369 4566 -6935
05/00 3580 1807 -5387
05/00 5326 739 -6065
05/00 4890 330 -5220
06/00 5680 344 -6024
06/00 4955 1463 -6418
06/00 5237 1708 -6945
06/00 4814 2314 -7128
07/00 5037 2928 -7965
07/00 4312 4115 -8427
07/00 3849 4790 -8639
07/00 4106 4683 -8789
08/00 4337 3259 -7596
08/00 4549 2898 -7447
08/00 4218 3582 -7800
08/00 3871 4780 -8651
08/00 3893 3338 -7231
09/00 4042 2380 -6422
09/00 4326 2322 -6648
09/00 3342 3231 -6573
09/00 2648 3295 -5943
10/00 2289 3261 -5550
10/00 1786 3467 -5253
10/00 1015 4761 -5776
10/00 1289 5097 -6386
10/00 979 5321 -6300
11/00 397 5988 -6385
11/00 543 5569 -6112
11/00 429 5696 -6125
11/00 273 6305 -6578
12/00 488 6686 -7174
12/00 616 7479 -8095
12/00 648 7230 -7878
12/00 741 7822 -8563
01/01 563 7615 -8178
01/01 1411 7056 -8467
01/01 1016 7036 -8052
01/01 1145 6128 -7273
01/01 1483 4229 -5712
02/01 3200 1521 -4721
02/01 3831 1440 -5271
02/01 3906 1624 -5530
02/01 4208 1591 -5799
03/01 3979 1784 -5763
03/01 4061 1809 -5870
03/01 4128 1398 -5526
03/01 4538 1556 -6094
04/01 4718 680 -5398
04/01 4705 1619 -6324
04/01 4745 2030 -6775
04/01 4435 2881 -7316
05/01 4115 3209 -7324
05/01 3845 3409 -7254
05/01 4210 2188 -6398
05/01 2003 5717 -7720
05/01 1178 6748 -7926
06/01 974 7648 -8622
06/01 711 8123 -8834
06/01 644 8021 -8665
06/01 193 7850 -8043
07/01 649 7488 -8137
07/01 1218 7115 -8333
07/01 1848 5780 -7628
07/01 2117 5423 -7540
07/01 3157 2830 -5987
08/01 3657 2747 -6404
08/01 3713 2538 -6251
08/01 3456 3150 -6606
08/01 4343 1336 -5679
09/01 2172 3599 -5771
09/01 2016 4053 -6069
09/01 2031 4237 -6268
09/01 3694 894 -4588
10/01 3954 215 -4169
10/01 4416 -61 -4355
10/01 3973 -376 -3597
10/01 2774 40 -2814
10/01 3124 -388 -2736
11/01 3259 -594 -2665
11/01 4016 -1866 -2150
11/01 3175 -699 -2476
11/01 2761 -223 -2538
12/01 2100 875 -2975
12/01 2095 960 -3055
12/01 2000 800 -2800
12/01 1638 771 -2409
12/01 1148 1356 -2504
01/02 1014 1346 -2360
01/02 2905 27 -2932
01/02 2990 -1352 -1638
01/02 2497 -650 -1847
02/02 1487 769 -2256
02/02 1833 992 -2825
02/02 2465 -930 -1535
02/02 3112 -1866 -1246
03/02 3147 -3105 -42
03/02 2145 -1836 -309
03/02 3202 -3401 199
03/02 2834 -3970 1136
04/02 2271 -3763 1492
04/02 1902 -2628 726
04/02 1772 -2185 413
04/02 1942 -1594 -348
04/02 2375 -1039 -1336
05/02 2361 -512 -1849
05/02 2840 -1293 -1547
05/02 3138 -1590 -1548
05/02 2667 -1941 -726
06/02 2733 -2201 -532
06/02 2982 -2234 -748
06/02 2452 -1525 -927
06/02 2636 -1805 -831
07/02 2549 -1845 -704
07/02 2402 -1992 -410
07/02 1552 -1049 -503
07/02 1306 -1538 232
07/02 1602 -1567 -35
08/02 1321 -1523 202
08/02 1231 -356 -875
08/02 1306 -518 -788
08/02 701 677 -1378
09/02 328 1271 -1599
09/02 -207 1536 -1329
09/02 -350 2057 -1707
09/02 -923 2800 -1877
10/02 -614 1962 -1348
10/02 -345 1093 -748
10/02 -124 1617 -1493
10/02 66 1430 -1496
10/02 52 1435 -1487
11/02 -121 1308 -1187
11/02 -158 2538 -2380
11/02 -316 2504 -2188
11/02 -1562 3377 -1815
12/02 -1998 4019 -2021
12/02 -1090 3314 -2224
12/02 -967 1959 -992
12/02 -526 1866 -1340
12/02 -394 1333 -939
01/03 -457 1615 -1158
01/03 359 1138 -1497
01/03 535 746 -1281
01/03 1250 212 -1462
02/03 1048 824 -1872
02/03 2461 -1318 -1143
02/03 3005 -1677 -1328
02/03 3305 -1238 -2067
03/03 3403 -1888 -1515
03/03 3502 -2301 -1201
03/03 3258 -1884 -1374
03/03 2888 -1328 -1560
04/03 2678 -547 -2131
04/03 1891 499 -2390
04/03 2216 455 -2671
04/03 2034 497 -2531
04/03 1545 770 -2315
05/03 336 3233 -3569
05/03 270 3848 -4118
05/03 928 3124 -4052
05/03 1524 1566 -3090
06/03 1266 3092 -4358
06/03 1776 2730 -4506
06/03 2355 1684 -4039
06/03 2412 1626 -4038
07/03 2336 2979 -5315
07/03 1999 4513 -6512
07/03 1292 5490 -6782
07/03 1180 7181 -8361
07/03 1031 7888 -8919
08/03 1060 8507 -9567
08/03 1350 9389 -10739
08/03 2371 7506 -9877
08/03 2468 8359 -10827
09/03 2759 7036 -9795
09/03 2873 5912 -8785
09/03 2776 6239 -9015
09/03 2710 6056 -8766
09/03 3256 5681 -8937
10/03 3621 4120 -7741
10/03 3833 2198 -6031
10/03 4334 1802 -6136
10/03 4194 828 -5022
11/03 3743 375 -4118
11/03 4164 -63 -4101
11/03 4063 -51 -4012
11/03 3215 -506 -2709
12/03 3129 319 -3448
12/03 3920 -63 -3857
12/03 4482 -971 -3511
12/03 4053 -841 -3212
12/03 4619 -1101 -3518
01/04 4753 -2187 -2566
01/04 4862 -1269 -3593
01/04 4706 -704 -4002
01/04 4982 -389 -4593
02/04 4761 -14 -4747
02/04 4943 209 -5152
02/04 4332 520 -4852
02/04 4134 484 -4618
03/04 3559 897 -4456
03/04 3569 130 -3699
03/04 3414 508 -3922
03/04 3665 -38 -3627
03/04 2670 850 -3520
04/04 3045 666 -3711
04/04 2727 835 -3562
04/04 2049 1911 -3960
04/04 2286 1893 -4179
05/04 1677 2701 -4378
05/04 1573 2497 -4070
05/04 1268 3056 -4324
05/04 1691 2606 -4297
06/04 1879 2644 -4523
06/04 1638 3339 -4977
06/04 1666 3467 -5133
06/04 1517 3577 -5094
06/04 2414 3521 -5935
07/04 2288 2909 -5197
07/04 2366 2180 -4546
07/04 2785 2256 -5041
07/04 3038 1771 -4809
08/04 3292 1627 -4919
08/04 2638 2484 -5122
08/04 3063 2211 -5274
08/04 3069 1669 -4738
08/04 2940 1303 -4243
09/04 2924 1375 -4299
09/04 2738 1706 -4444
09/04 2915 1789 -4704
09/04 2765 2078 -4843
10/04 1831 2619 -4450
10/04 1661 2836 -4497
10/04 1759 3041 -4800
10/04 2371 2259 -4630
11/04 3147 1098 -4245
11/04 3257 329 -3586
11/04 4004 -640 -3364
11/04 4767 -746 -4021
11/04 5106 -1711 -3395
12/04 4922 -1769 -3153
12/04 4486 -1364 -3122
12/04 3662 666 -4328
12/04 3660 967 -4627
01/05 3317 1515 -4832
01/05 3447 2565 -6012
01/05 3320 3187 -6507
01/05 3867 3240 -7107
02/05 3099 3408 -6507
02/05 3825 2626 -6451
02/05 4403 3122 -7525
02/05 4921 3019 -7940
03/05 4419 3298 -7717
03/05 3063 5385 -8448
03/05 981 7601 -8582
03/05 484 7882 -8366
03/05 338 7379 -7717
04/05 966 7754 -8720
04/05 995 7614 -8609
04/05 1796 7573 -9369
04/05 2279 6563 -8842
05/05 2243 6141 -8384
05/05 2614 6551 -9165
05/05 2228 7318 -9546
05/05 2965 6671 -9636
05/05 2698 6194 -8892
06/05 3721 5404 -9125
06/05 3560 4620 -8180
06/05 4556 2539 -7095
06/05 3282 4359 -7641
07/05 2755 5276 -8031
07/05 2213 6212 -8425
07/05 2694 3724 -6418
07/05 3390 3120 -6510
08/05 2940 3499 -6439
08/05 1817 5301 -7118
08/05 1159 5534 -6693
08/05 -376 6788 -6412
08/05 -806 7022 -6216
09/05 -1463 8026 -6563
09/05 -1680 9812 -8132
09/05 -1514 9236 -7722
09/05 -1918 9232 -7314
10/05 -2447 9286 -6839
10/05 -2364 9782 -7418
10/05 -874 9131 -8257
10/05 -355 8162 -7807
11/05 -88 7790 -7702
11/05 543 8095 -8638
11/05 -225 9224 -8999
11/05 -55 7968 -7913
11/05 -898 9390 -8492
12/05 -602 10963 -10361
12/05 -514 11382 -10868
12/05 -813 11835 -11022
12/05 -683 11299 -10616
01/06 -914 11408 -10494
01/06 -541 11574 -11033
01/06 -510 10945 -10435
01/06 -416 11259 -10843
01/06 708 9237 -9945
02/06 1730 8146 -9876
02/06 2967 7395 -10362
02/06 2868 7302 -10170
02/06 2969 7453 -10422
03/06 3279 8389 -11668
03/06 4682 6049 -10731
03/06 4268 7878 -12146
03/06 4626 7731 -12357
04/06 4586 5268 -9854
04/06 5229 4377 -9606
04/06 5550 3438 -8988
04/06 5045 4216 -9261
05/06 4319 3956 -8275
05/06 5270 2518 -7788
05/06 4723 3479 -8202
05/06 4603 2804 -7407
05/06 4167 3230 -7397
06/06 2996 4626 -7622
06/06 2550 5222 -7772
06/06 1735 5880 -7615
06/06 1597 6807 -8404
07/06 805 8014 -8819
07/06 1016 7703 -8719
07/06 691 7419 -8110
07/06 -194 8683 -8489
08/06 11 8278 -8289
08/06 399 7596 -7995
08/06 -929 8839 -7910
08/06 -1310 9159 -7849
08/06 -762 8859 -8097
09/06 -511 6648 -6137
09/06 -153 6584 -6431
09/06 1214 4454 -5668
09/06 2215 2963 -5178
10/06 3310 641 -3951
10/06 3625 501 -4126
10/06 4686 179 -4865
10/06 4747 -499 -4248
10/06 5700 -1996 -3704
11/06 6674 -2846 -3828
11/06 7007 -2765 -4242
11/06 6668 -1561 -5107
11/06 6970 -1220 -5750
12/06 6826 -1364 -5462
12/06 6836 -1086 -5750
12/06 6709 -1035 -5674
12/06 6705 -866 -5839
01/07 6674 -906 -5768
01/07 6755 -822 -5933
01/07 7027 -602 -6425
01/07 7196 -201 -6995
01/07 7161 598 -7759
02/07 7412 861 -8273
02/07 5616 2855 -8471
02/07 5203 3098 -8301
02/07 4858 2850 -7708
03/07 4167 3849 -8016
03/07 3543 3487 -7030
03/07 3155 4275 -7430
03/07 3575 3043 -6618
04/07 2381 4263 -6644
04/07 1627 5532 -7159
04/07 1427 5099 -6526
04/07 1436 5059 -6495
05/07 1543 5414 -6957
05/07 1456 4675 -6131
05/07 1435 5695 -7130
05/07 915 6116 -7031
05/07 962 5077 -6039
06/07 2269 4207 -6476
06/07 3384 3028 -6412
06/07 3998 2365 -6363
06/07 4345 2288 -6633
07/07 3644 2499 -6143
07/07 3276 4177 -7453
07/07 2486 6085 -8571
07/07 2687 6403 -9090
07/07 2446 7145 -9591
08/07 2142 7729 -9871
08/07 2876 6633 -9509
08/07 2604 7450 -10054
08/07 2681 8603 -11284
09/07 1706 9555 -11261
09/07 1345 10475 -11820
09/07 1640 9311 -10951
09/07 2373 8311 -10684
10/07 1432 9704 -11136
10/07 1870 9270 -11140
10/07 2417 8568 -10985
10/07 2558 8141 -10699
10/07 2475 7225 -9700
11/07 2026 7400 -9426
11/07 2081 7204 -9285
11/07 676 9091 -9767
11/07 -180 9692 -9512
12/07 127 10150 -10277
12/07 327 9995 -10322
12/07 788 10327 -11115
12/07 599 11064 -11663
12/07 341 11513 -11854
01/08 824 12602 -13426
01/08 2239 11982 -14221
01/08 2384 12492 -14876
01/08 1657 12580 -14237
02/08 307 12957 -13264
02/08 -42 12547 -12505
02/08 -434 12822 -12388
02/08 252 11563 -11815
03/08 423 10265 -10688
03/08 1193 9083 -10276
03/08 1350 9287 -10637
03/08 965 9898 -10863
04/08 845 9739 -10584
04/08 2631 8143 -10774
04/08 2522 8197 -10719
04/08 2357 7499 -9856
04/08 2672 6562 -9234
05/08 4194 3877 -8071
05/08 4946 2506 -7452
05/08 3655 4469 -8124
05/08 2869 5195 -8064
06/08 3424 4470 -7894
06/08 3741 4373 -8114
06/08 5343 2794 -8137
06/08 5025 2653 -7678
07/08 4728 2272 -7000
07/08 4437 1951 -6388
07/08 4755 1932 -6687
07/08 3256 3897 -7153
07/08 1610 5019 -6629
08/08 2143 6240 -8383
08/08 1048 6426 -7474
08/08 1110 5803 -6913
08/08 1812 4053 -5865
09/08 2437 1940 -4377
09/08 3882 471 -4353
09/08 5545 -753 -4792
09/08 6413 -2302 -4111
09/08 6438 -2478 -3960
10/08 6425 -2251 -4174
10/08 6175 -2034 -4141
10/08 5679 -1654 -4025
10/08 5032 -1003 -4029
11/08 4122 303 -4425
11/08 3804 641 -4445
11/08 3867 156 -4023
11/08 5069 -766 -4303
12/08 5064 -930 -4134
12/08 5139 -986 -4153
12/08 5034 -1248 -3786
12/08 4421 -379 -4042
12/08 3832 255 -4087
01/09 3433 83 -3516
01/09 4521 -1187 -3334
01/09 4959 -1318 -3641
01/09 4857 -896 -3961
02/09 4903 -1129 -3774
02/09 3635 1032 -4667
02/09 2075 2480 -4555
02/09 2686 2048 -4734
03/09 3827 1339 -5166
03/09 3408 1225 -4633
03/09 3309 901 -4210
03/09 2744 933 -3677
03/09 3180 -47 -3133
04/09 3484 226 -3710
04/09 2222 2193 -4415
04/09 1250 2546 -3796
04/09 1360 2024 -3384
05/09 1166 1648 -2814
05/09 501 2574 -3075
05/09 -466 3804 -3338
05/09 -1346 5163 -3817
06/09 -1659 5686 -4027
06/09 485 2602 -3087
06/09 1068 1851 -2919
06/09 28 2916 -2944
06/09 -1093 5627 -4534
07/09 -3082 7510 -4428
07/09 -2545 7925 -5380
07/09 -3249 8427 -5178
07/09 -3350 7964 -4614
08/09 -2550 7316 -4766
08/09 -923 5520 -4597
08/09 647 3399 -4046
08/09 1307 2640 -3947
09/09 2229 1401 -3630
09/09 2241 294 -2535
09/09 1778 1794 -3572
09/09 2404 596 -3000
09/09 2448 167 -2615
10/09 3385 -901 -2484
10/09 3329 -1087 -2242
10/09 3145 -716 -2429
10/09 2409 524 -2933
11/09 2491 972 -3463
11/09 2045 1459 -3504
11/09 2219 226 -2445
11/09 2484 -106 -2378
12/09 3509 -540 -2969
12/09 4163 -1028 -3135
12/09 5426 -1982 -3444
12/09 5766 -2045 -3721
12/09 5512 -1201 -4311
01/10 4481 1010 -5491
01/10 3400 3296 -6696
01/10 2335 4296 -6631
01/10 1178 6577 -7755
02/10 973 7338 -8311
02/10 342 7600 -7942
02/10 236 8332 -8568
02/10 -776 9444 -8668
03/10 -1160 10367 -9207
03/10 -1438 12011 -10573
03/10 -2679 13870 -11191
03/10 -2871 14682 -11811
03/10 -2917 14735 -11818
04/10 -2265 15209 -12944
04/10 -2759 16246 -13487
04/10 -2528 16545 -14017
04/10 -2895 17685 -14790
05/10 -2081 17017 -14936
05/10 -598 15322 -14724
05/10 526 13410 -13936
05/10 1458 10325 -11783
06/10 2216 8436 -10652
06/10 3001 7455 -10456
06/10 3395 7565 -10960
06/10 3470 6937 -10407
06/10 3342 7592 -10934
07/10 3177 7632 -10809
07/10 2339 8987 -11326
07/10 1716 8874 -10590
07/10 2844 8427 -11271
08/10 3764 7598 -11362
08/10 4701 5112 -9813
08/10 4365 5100 -9465
08/10 3405 7751 -11156
08/10 2411 8683 -11094
09/10 3015 7782 -10797
09/10 3316 6698 -10014
09/10 4678 5973 -10651
09/10 5131 4493 -9624
10/10 4461 4741 -9202
10/10 5746 1456 -7202
10/10 7003 314 -7317
10/10 7100 175 -7275
11/10 5431 1236 -6667
11/10 5726 1672 -7398
11/10 4969 3475 -8444
11/10 3933 5428 -9361
11/10 2647 8657 -11304
12/10 2382 10039 -12421
12/10 2171 10539 -12710
12/10 2347 11613 -13960
12/10 2534 12462 -14996
01/11 1322 13910 -15232
01/11 356 15019 -15375
01/11 35 15210 -15245
01/11 -1290 15779 -14489
02/11 -831 14755 -13924
02/11 715 14133 -14848
02/11 877 14749 -15626
02/11 1164 15017 -16181
03/11 1334 15075 -16409
03/11 1197 14676 -15873
03/11 88 15462 -15550
03/11 225 13505 -13730
03/11 -291 14880 -14589
04/11 181 16056 -16237
04/11 392 15667 -16059
04/11 205 14572 -14777
04/11 617 14808 -15425
05/11 1550 13776 -15326
05/11 2627 12181 -14808
05/11 2521 12037 -14558
05/11 2743 9359 -12102
05/11 4038 6937 -10975
06/11 4683 6388 -11071
06/11 4770 6562 -11332
06/11 5543 6152 -11695
06/11 4562 7316 -11878
07/11 3169 8944 -12113
07/11 2915 10200 -13115
07/11 2451 9323 -11774
07/11 2434 8060 -10494
08/11 2235 7605 -9840
08/11 2786 5197 -7983
08/11 2595 5274 -7869
08/11 2800 4708 -7508
08/11 3072 3289 -6361
09/11 2958 3290 -6248
09/11 2536 4486 -7022
09/11 1767 6225 -7992
09/11 2257 6281 -8538
10/11 753 8202 -8955
10/11 769 8115 -8884
10/11 -178 9751 -9573
10/11 310 10538 -10848
11/11 597 9871 -10468
11/11 815 9538 -10353
11/11 441 9859 -10300
11/11 387 9587 -9974
11/11 826 9072 -9898
12/11 1192 8463 -9655
12/11 1343 8353 -9696
12/11 1654 8344 -9998
12/11 1400 9465 -10865
01/12 894 10183 -11077
01/12 482 10098 -10580
01/12 -374 11864 -11490
01/12 -952 13431 -12479
01/12 -1545 14195 -12650
02/12 -1889 14893 -13004
02/12 -1821 15117 -13296
02/12 -2456 16309 -13853
02/12 -2841 17134 -14293
03/12 -1809 17397 -15588
03/12 -1495 15181 -13686
03/12 -1300 13967 -12667
03/12 -1791 13823 -12032
04/12 -1051 11063 -10012
04/12 1510 8249 -9759
04/12 2894 7240 -10134
04/12 4093 5666 -9759
05/12 4283 4700 -8983
05/12 4122 5829 -9951
05/12 3305 5721 -9026
05/12 3045 6091 -9136
05/12 2920 5601 -8521
06/12 2875 5633 -8508
06/12 2437 7115 -9552
06/12 2585 4724 -7309
06/12 4479 2213 -6692
07/12 6315 740 -7055
07/12 6311 1113 -7424
07/12 8642 -286 -8356
07/12 9433 -1540 -7893
07/12 8695 -902 -7793
08/12 7735 -1373 -6362
08/12 7745 -1471 -6274
08/12 8194 -2565 -5629
08/12 8121 -3307 -4814
09/12 8059 -2748 -5311
09/12 7274 -2705 -4569
09/12 6977 -3011 -3966
09/12 7014 -2111 -4903
10/12 6360 -1813 -4547
10/12 6752 -2535 -4217
10/12 6555 -2314 -4241
10/12 5004 -236 -4768
10/12 3953 13 -3966
11/12 4475 -599 -3876
11/12 4809 -1583 -3226
11/12 5381 -2235 -3146
11/12 5295 -1828 -3467
12/12 6126 -2525 -3601
12/12 4196 765 -4961
12/12 2945 2784 -5729
12/12 3308 1986 -5294
12/12 3347 1023 -4370
01/13 3132 929 -4061
01/13 4204 -195 -4009
01/13 3683 -1433 -2250
01/13 4211 -1489 -2722
02/13 2829 759 -3588
02/13 4262 -847 -3415
02/13 6291 -2995 -3296
02/13 7331 -4965 -2366
03/13 7560 -5894 -1666
03/13 8706 -6831 -1875
03/13 8690 -5808 -2882
03/13 8832 -6224 -2608
04/13 7543 -3129 -4414
04/13 7893 -2693 -5200
04/13 7358 -3546 -3812
04/13 8405 -6389 -2016
04/13 8260 -4682 -3578
05/13 9154 -6215 -2939
05/13 9445 -7696 -1749
05/13 8921 -7615 -1306
05/13 8128 -6208 -1920
06/13 8205 -6531 -1674
06/13 8134 -6756 -1378
06/13 8368 -7167 -1201
06/13 7402 -6223 -1179
07/13 5943 -2740 -3203
07/13 5995 -2330 -3665
07/13 5133 -782 -4351
07/13 4625 220 -4845
07/13 4019 1074 -5093
08/13 3753 2223 -5976
08/13 3363 1967 -5330
08/13 3682 2485 -6167
08/13 4227 1484 -5711
09/13 3562 2457 -6019
09/13 3182 2827 -6009
09/13 3181 3046 -6227
09/13 2537 5204 -7741
10/13 2099 6952 -9051
10/13 1618 8603 -10221
10/13 838 10044 -10882
10/13 473 10882 -11355
10/13 425 9912 -10337
11/13 1671 7509 -9180
11/13 1154 6629 -7783
11/13 1865 6343 -8208
11/13 1535 5738 -7273
12/13 1573 6765 -8338
12/13 1416 7400 -8816
12/13 1390 8805 -10195
12/13 1285 9043 -10328
12/13 1041 9459 -10500
01/14 1974 8512 -10486
01/14 1843 7942 -9785
01/14 1718 8805 -10523
01/14 2297 9139 -11436
02/14 1923 8959 -10882
02/14 2201 9236 -11437
02/14 1809 10212 -12021
02/14 1628 10764 -12392
03/14 1967 10510 -12477
03/14 1893 10764 -12657
03/14 877 12094 -12971
03/14 462 13031 -13493
04/14 382 13440 -13822
04/14 1380 13399 -14779
04/14 1341 14001 -15342
04/14 1872 12738 -14610
04/14 1742 12821 -14563
05/14 2460 12426 -14886
05/14 1969 12795 -14764
05/14 785 13461 -14246
05/14 1419 12512 -13931
06/14 886 13045 -13931
06/14 2395 10576 -12971
06/14 2898 9026 -11924
06/14 3282 7675 -10957
07/14 3487 7176 -10663
07/14 3757 6086 -9843
07/14 3393 6570 -9963
07/14 3250 6844 -10094
07/14 2790 6873 -9663
08/14 3087 6312 -9399
08/14 2331 6872 -9203
08/14 2794 6186 -8980
08/14 3023 5808 -8831
09/14 4214 4848 -9062
09/14 4595 5099 -9694
09/14 4689 4796 -9485
09/14 4377 5003 -9380
09/14 4593 4870 -9463
10/14 4670 4131 -8801
10/14 4110 4857 -8967
10/14 3972 5528 -9500
10/14 3592 5883 -9475
11/14 3787 4387 -8174
11/14 3101 4857 -7958
11/14 3601 4344 -7945
11/14 2758 4264 -7022
12/14 3000 4488 -7488
12/14 3508 4513 -8021
12/14 2891 4630 -7521
12/14 2117 4631 -6748
12/14 2570 3941 -6511
01/15 4008 2638 -6646
01/15 4651 3644 -8295
01/15 4578 3685 -8263
01/15 4811 3642 -8453
02/15 6320 1667 -7987
02/15 6602 518 -7120
02/15 6379 224 -6603
02/15 5685 1069 -6754
03/15 6007 1541 -7548
03/15 6105 1543 -7648
03/15 6074 2529 -8603
03/15 5918 1892 -7810
03/15 5131 2868 -7999
04/15 4284 3630 -7914
04/15 4013 4475 -8488
04/15 2960 5275 -8235
04/15 2916 4656 -7572
05/15 3178 4153 -7331
05/15 925 5962 -6887
05/15 -70 7144 -7074
05/15 -1095 7985 -6890
06/15 -2224 8917 -6693
06/15 -1504 8118 -6614
06/15 -860 7544 -6684
06/15 -986 8729 -7743
06/15 -587 8248 -7661
07/15 -1023 7767 -6744
07/15 -27 6578 -6551
07/15 -647 7310 -6663
07/15 -1163 7032 -5869
08/15 -1118 6663 -5545
08/15 -585 6158 -5573
08/15 -745 6344 -5599
08/15 2877 3081 -5958
09/15 5134 972 -6106
09/15 4918 1034 -5952
09/15 5339 523 -5862
09/15 5770 -243 -5527
09/15 5716 -919 -4797
10/15 4875 -938 -3937
10/15 5489 -877 -4612
10/15 5192 -465 -4727
10/15 4608 1230 -5838
11/15 4907 1173 -6080
11/15 5314 -630 -4684
11/15 5171 -181 -4990
11/15 4661 42 -4703
12/15 4707 294 -5001
12/15 3520 1817 -5337
12/15 2734 2257 -4991
12/15 4302 2141 -6443
12/15 4564 2206 -6770
01/16 4304 3108 -7412
01/16 3843 3662 -7505
01/16 4096 3720 -7816
01/16 4400 2995 -7395
02/16 4535 2947 -7482
02/16 4992 1748 -6740
02/16 4769 2667 -7436
02/16 5073 2688 -7761
03/16 4913 3813 -8726
03/16 5423 3938 -9361
03/16 4010 5114 -9124
03/16 3799 4758 -8557
03/16 4333 3387 -7720
04/16 4840 2565 -7405
04/16 5382 873 -6255
04/16 5029 801 -5830
04/16 3581 1227 -4808
05/16 4597 262 -4859
05/16 4324 621 -4945
05/16 4031 821 -4852
05/16 4804 -352 -4452
05/16 5130 -331 -4799
06/16 5725 -465 -5260
06/16 5515 -788 -4727
06/16 5650 -955 -4695
06/16 6001 -226 -5775
07/16 5727 245 -5972
07/16 5923 485 -6408
07/16 5935 439 -6374
07/16 5351 531 -5882
08/16 4483 1590 -6073
08/16 4015 3584 -7599
08/16 3357 4050 -7407
08/16 1498 5476 -6974
08/16 2876 2851 -5727
09/16 2571 1649 -4220
09/16 3169 1028 -4197
09/16 3070 1017 -4087
09/16 3469 -121 -3348
10/16 3509 325 -3834
10/16 3610 -42 -3568
10/16 3055 529 -3584
10/16 3565 749 -4314
11/16 3246 676 -3922
11/16 4032 -125 -3907
11/16 3003 1688 -4691
11/16 2739 3244 -5983
11/16 3143 3448 -6591
12/16 3378 3899 -7277
12/16 2365 5728 -8093
12/16 2020 6465 -8485
12/16 1868 6931 -8799
01/17 1548 7536 -9084
01/17 862 7973 -8835
01/17 -739 9746 -9007
01/17 -1441 10981 -9540
01/17 -1268 10428 -9160
02/17 -99 8910 -8811
02/17 1831 7198 -9029
02/17 1497 7376 -8873
02/17 2570 6755 -9325
03/17 3155 5841 -8996
03/17 1911 8552 -10463
03/17 668 12325 -12993
03/17 -1723 15372 -13649
04/17 -3009 16884 -13875
04/17 -3051 16864 -13813
04/17 -3638 17134 -13496
04/17 -3443 16464 -13021
05/17 -2675 15409 -12734
05/17 -1942 14148 -12206
05/17 -2940 14301 -11361
05/17 -2639 14088 -11449
05/17 -3014 14025 -11011
06/17 -2602 14568 -11966
06/17 -2467 14350 -11883
06/17 -3298 14868 -11570
06/17 -4034 15589 -11555
07/17 -3881 15220 -11339
07/17 -3073 14596 -11523
07/17 -4394 16239 -11845
07/17 -3080 14916 -11836
08/17 -2194 14057 -11863
08/17 -2340 13955 -11615
08/17 -2402 12924 -10522
08/17 -2084 11999 -9915
08/17 -2397 12851 -10454
09/17 -2644 12968 -10324
09/17 -3281 13650 -10369
09/17 -3598 14472 -10874
09/17 -3663 14934 -11271
10/17 -4149 15112 -10963
10/17 -4610 16078 -11468
10/17 -4437 16720 -12283
10/17 -4859 17018 -12159
10/17 -3666 15648 -11982
11/17 -3987 16439 -12452
11/17 -4476 17037 -12561
11/17 -3927 14589 -10662
11/17 -4041 15033 -10992
12/17 -3071 13983 -10912
12/17 -2220 11567 -9347
12/17 -1597 9934 -8337
12/17 -500 8475 -7975
01/18 -197 8859 -8662
01/18 -144 9200 -9056
01/18 -657 9181 -8524
01/18 -185 9615 -9430
01/18 -1111 10828 -9717
02/18 -1752 12639 -10887
02/18 -1330 11478 -10148
02/18 -919 11464 -10545
02/18 50 9470 -9520
03/18 1325 7722 -9047
03/18 1989 5728 -7717
03/18 2713 4075 -6788
03/18 2532 2959 -5491
04/18 2875 1907 -4782
04/18 2590 1581 -4171
04/18 2841 413 -3254
04/18 4068 -360 -3708
05/18 4937 -1780 -3157
05/18 4188 -1084 -3104
05/18 3782 -1139 -2643
05/18 4346 -2097 -2249
05/18 5063 -1229 -3834
06/18 4703 -34 -4669
06/18 5395 144 -5539
06/18 5274 535 -5809
06/18 5222 518 -5740
07/18 6442 -85 -6357
07/18 5822 703 -6525
07/18 6909 -773 -6136
07/18 6275 1214 -7489
07/18 5771 1184 -6955
08/18 5947 1079 -7026
08/18 5979 659 -6638
08/18 6071 946 -7017
08/18 5708 142 -5850
09/18 5891 -648 -5243
09/18 5791 170 -5961
09/18 5487 2727 -8214
09/18 5089 2919 -8008
10/18 5183 3049 -8232
10/18 5115 3636 -8751
10/18 5169 1366 -6535
10/18 5461 -79 -5382
10/18 4689 -345 -4344
11/18 5840 -1799 -4041
11/18 6176 -2864 -3312
11/18 6652 -2671 -3981
11/18 6245 -2099 -4146
12/18 6510 -3282 -3228
12/18 5400 -2413 -2987
12/18 4693 212 -4905
12/18 4688 567 -5255
12/18 3851 1975 -5826
01/19 4842 271 -5113
01/19 5028 207 -5235
01/19 5919 -999 -4920
01/19 6006 -295 -5711
02/19 7268 -995 -6273
02/19 7180 -426 -6754
02/19 6365 -460 -5905
02/19 5925 -133 -5792
03/19 5125 870 -5995
03/19 4631 1418 -6049
03/19 3232 4334 -7566
03/19 1440 7373 -8813
04/19 3383 6092 -9475
04/19 3285 6552 -9837
04/19 3692 7203 -10895
04/19 3355 7896 -11251
04/19 3235 4885 -8120
05/19 3067 2480 -5547
05/19 3396 635 -4031
05/19 4425 -1574 -2851
05/19 5588 -2246 -3342
06/19 3217 -1496 -1721
06/19 2904 -1144 -1760
06/19 3842 -1708 -2134
06/19 3173 -2619 -554
07/19 4066 -2591 -1475
07/19 4689 -2456 -2233
07/19 4510 -2094 -2416
07/19 4299 -1940 -2359
07/19 3865 -576 -3289
08/19 4778 -2581 -2197
08/19 3510 -3252 -258
08/19 2398 -2316 -82
08/19 2129 -2617 488
09/19 2171 -2289 118
09/19 2091 -3029 938
09/19 1857 -1423 -434
09/19 1570 312 -1882
10/19 1342 923 -2265
10/19 2140 208 -2348
10/19 1575 1996 -3571
10/19 1498 1650 -3148
10/19 1546 2502 -4048
11/19 2246 2625 -4871
11/19 1052 3775 -4827
11/19 119 5124 -5243
11/19 -248 4538 -4290
12/19 351 3981 -4332
12/19 23 3986 -4009
12/19 -94 5704 -5610
12/19 1168 4327 -5495
12/19 1240 4414 -5654
01/20 87 6082 -6169
01/20 117 7181 -7298
01/20 -169 7312 -7143
01/20 2031 2801 -4832
02/20 4129 -1222 -2907
02/20 3982 -1532 -2450
02/20 4563 -712 -3851
02/20 3256 722 -3978
03/20 4266 -718 -3548
03/20 3809 -794 -3015
03/20 3980 -927 -3053
03/20 3246 500 -3746
03/20 2124 2213 -4337
04/20 1995 898 -2893
04/20 2295 1325 -3620
04/20 2701 913 -3614
04/20 2666 674 -3340
05/20 2367 230 -2597
05/20 2344 1212 -3556
05/20 2396 889 -3285
05/20 2388 339 -2727
06/20 1991 1506 -3497
06/20 3005 832 -3837
06/20 3878 200 -4078
06/20 3024 1226 -4250
06/20 1593 2626 -4219
07/20 2510 2179 -4689
07/20 2165 2508 -4673
07/20 333 4937 -5270
07/20 131 5558 -5689
08/20 379 7241 -7620
08/20 -6 7079 -7073
08/20 -1208 7999 -6791
08/20 -565 7083 -6518
09/20 -797 6676 -5879
09/20 -582 4684 -4102
09/20 1111 3143 -4254
09/20 1679 2140 -3819
09/20 837 2386 -3223
10/20 2465 -728 -1737
10/20 2508 -2011 -497
10/20 6600 -7649 1049
10/20 5741 -7065 1324
11/20 6330 -5692 -638
11/20 5025 -1516 -3509
11/20 4903 -695 -4208
11/20 4614 -328 -4286
12/20 4525 1268 -5793
12/20 3602 2206 -5808
12/20 3687 2849 -6536
12/20 4037 3263 -7300
12/20 4596 3146 -7742
01/21 5894 898 -6792
01/21 5911 93 -6004
01/21 5988 374 -6362
01/21 5285 3050 -8335
02/21 6198 1332 -7530
02/21 5970 1922 -7892
02/21 6018 2180 -8198
02/21 5978 1868 -7846
03/21 5786 1740 -7526
03/21 4944 2163 -7107
03/21 4164 4386 -8550
03/21 4489 3653 -8142
03/21 3995 6850 -10845
04/21 4287 7553 -11840
04/21 4367 6853 -11220
04/21 4777 4212 -8989
04/21 5010 2953 -7963
05/21 5416 1548 -6964
05/21 5488 1794 -7282
05/21 5094 2785 -7879
05/21 4692 4358 -9050
06/21 4239 4733 -8972
06/21 5037 3389 -8426
06/21 5466 4567 -10033
06/21 4708 6711 -11419
06/21 4710 6690 -11400
07/21 4671 6925 -11596
07/21 4959 5805 -10764
07/21 5364 4340 -9704
07/21 5900 5967 -11867
08/21 5792 5272 -11064
08/21 4573 6760 -11333
08/21 3788 6782 -10570
08/21 2378 8735 -11113
08/21 1752 8254 -10006
09/21 2350 5252 -7602
09/21 3762 887 -4649
09/21 4440 -716 -3724
09/21 4617 -1774 -2843
10/21 5528 -3120 -2408
10/21 4612 -245 -4367
10/21 3545 474 -4019
10/21 3440 -706 -2734
11/21 5216 -4457 -759
11/21 5619 -3449 -2170
11/21 6063 -4370 -1693
11/21 4327 -136 -4191
11/21 2604 3761 -6365
12/21 2917 3223 -6140
12/21 3249 3094 -6343
12/21 4962 -421 -4541
12/21 4470 957 -5427
01/22 1924 6209 -8133
01/22 1518 5803 -7321
01/22 2312 4978 -7290
01/22 4772 597 -5369
02/22 5808 134 -5942
02/22 4678 2880 -7558
02/22 4174 4208 -8382
02/22 5661 3136 -8797
03/22 8519 -2359 -6160
03/22 8215 -2180 -6035
03/22 8013 -1272 -6741
03/22 6424 35 -6459
03/22 5769 1524 -7293
04/22 6159 -1156 -5003
04/22 6966 -3010 -3956
04/22 6078 -2629 -3449
04/22 6141 -1261 -4880
05/22 6513 -1971 -4542
05/22 6561 -1515 -5046
05/22 7710 -5669 -2041
05/22 8577 -6917 -1660
05/22 9039 -6730 -2309
06/22 7450 -2553 -4897
06/22 5885 -1260 -4625
06/22 6033 -1386 -4647
06/22 7025 -2737 -4288
07/22 7783 -4135 -3648
07/22 7656 -4002 -3654
07/22 6908 -2070 -4838
07/22 5973 -535 -5438
08/22 6020 -69 -5951
08/22 5936 184 -6120
08/22 4645 2032 -6677
08/22 4971 576 -5547
08/22 5272 -1607 -3665
09/22 4525 900 -5425
09/22 5110 -1027 -4083
09/22 4534 -1814 -2720
09/22 6084 -5300 -784
10/22 7116 -8108 992
10/22 7395 -8209 814
10/22 7522 -7998 476
10/22 5875 -4528 -1347
11/22 5595 -4596 -999
11/22 5592 -4524 -1068
11/22 5337 -5655 318
11/22 5766 -3679 -2087
11/22 7905 -7989 84
12/22 6419 -3110 -3309
12/22 5526 -1910 -3616
12/22 5141 -2209 -2932
12/22 4948 -1503 -3445
01/23 4443 -700 -3743
01/23 4054 -231 -3823
01/23 7418 -5862 -1556
01/23 7079 -5838 -1241
01/23 5834 -2440 -3394
02/23 5654 -427 -5227
02/23 5854 -231 -5623
02/23 4698 1351 -6049
02/23 2553 5803 -8356
03/23 1121 8052 -9173
03/23 -723 9470 -8747
03/23 630 6750 -7380
03/23 20 6862 -6882
04/23 127 7305 -7432
04/23 268 7803 -8071
04/23 -777 9070 -8293
04/23 -2399 11713 -9314
05/23 -3333 12875 -9542
05/23 -2143 9901 -7758
05/23 -1961 11187 -9226
05/23 -3046 13463 -10417
05/23 -4795 15011 -10216
06/23 -5222 14738 -9516
06/23 -5594 15625 -10031
06/23 -4695 13495 -8800
06/23 -2708 11558 -8850
07/23 -2445 12203 -9758
07/23 -2350 11353 -9003
07/23 -1528 11059 -9531
07/23 -1886 9758 -7872
08/23 -953 9381 -8428
08/23 -978 9340 -8362
08/23 -917 9814 -8897
08/23 -185 8828 -8643
08/23 -1143 11321 -10178
09/23 -883 9546 -8663
09/23 -1428 11919 -10491
09/23 -2264 12262 -9998
09/23 -1950 9194 -7244
10/23 -90 6069 -5979
10/23 -1052 5569 -4517
10/23 -1024 5192 -4168
10/23 979 1597 -2576
10/23 3396 -1477 -1919
11/23 4547 -2635 -1912
11/23 3563 -2543 -1020
11/23 5445 -4236 -1209
11/23 4012 -5015 1003
12/23 3553 -4841 1288
12/23 3179 -3743 564
12/23 3838 -3902 64
12/23 4271 -4226 -45
01/24 4359 -4507 148
01/24 5041 -4507 -534
01/24 4562 -3418 -1144
01/24 2774 -640 -2134
01/24 2808 1259 -4067
02/24 3148 2367 -5515
02/24 2836 3333 -6169
02/24 3180 3736 -6916
02/24 2715 4664 -7379
03/24 1293 5238 -6531
03/24 1987 3881 -5868
03/24 1435 5150 -6585
03/24 3979 1674 -5653
04/24 4089 2505 -6594
04/24 4885 -229 -4656
04/24 5786 -1420 -4366
04/24 5476 -80 -5396
04/24 5051 -305 -4746
05/24 6019 -1377 -4642
05/24 5791 -443 -5348
05/24 6778 -1188 -5590
05/24 5352 1139 -6491
06/24 5931 -1925 -4006
06/24 6125 -2026 -4099
06/24 6651 -2454 -4197
06/24 8767 -4779 -3988
07/24 7426 -3326 -4100
07/24 8287 -4772 -3515
07/24 8304 -3847 -4457
07/24 8105 -3492 -4613
07/24 7987 -5038 -2949
08/24 7649 -5813 -1836
08/24 7823 -6910 -913
08/24 8390 -8048 -342
08/24 7946 -6676 -1270
09/24 7220 -4965 -2255
09/24 7895 -6394 -1501
09/24 8133 -5576 -2557
09/24 6882 -3645 -3237
10/24 4980 -172 -4808
10/24 4325 1181 -5506
10/24 3323 2440 -5763
