02/06 -3633 3000 633
02/06 -3437 3280 157
02/06 -3328 3530 -202
03/06 -3401 3644 -243
03/06 -5116 4921 195
03/06 -5717 5060 657
03/06 -5654 4940 714
04/06 -7059 10126 -3067
04/06 -6124 5985 139
04/06 -6563 6551 12
04/06 -6764 6810 -46
05/06 -6278 6892 -614
05/06 -6796 7100 -304
05/06 -6787 7144 -357
05/06 -7657 7826 -169
05/06 -7457 6936 521
06/06 -7565 7431 134
06/06 -8997 8772 225
06/06 -8030 8643 -613
06/06 -8144 9139 -995
07/06 -7178 7868 -690
07/06 -8056 7854 202
07/06 -7350 6902 448
07/06 -7207 7099 108
08/06 -7623 8799 -1176
08/06 -10758 10836 -78
08/06 -11833 11814 19
08/06 -11375 11126 249
08/06 -11629 9591 2038
09/06 -12796 10949 1847
09/06 -13847 11309 2538
09/06 -12561 10359 2202
09/06 -9115 7214 1901
10/06 -7432 6935 497
10/06 -8214 6728 1486
10/06 -8572 7188 1384
10/06 -7600 6058 1542
10/06 -3292 4078 -786
11/06 -3599 3100 499
11/06 -7047 7199 -152
11/06 -10205 10297 -92
11/06 -10648 8907 1741
12/06 -14751 12295 2456
12/06 -16594 13397 3197
12/06 -22653 16400 6253
12/06 -16254 11438 4816
01/07 -14240 11129 3111
01/07 -9166 9608 -442
01/07 -7366 9140 -1774
01/07 -6395 7484 -1089
01/07 -15257 15577 -320
02/07 -17195 17020 175
02/07 -18088 17830 258
02/07 -18827 18376 451
02/07 -26658 21865 4793
03/07 -30878 27160 3718
03/07 -31254 27496 3758
03/07 -32881 28769 4112
03/07 -37316 33671 3645
04/07 -39319 34806 4513
04/07 -36530 33534 2996
04/07 -33392 30570 2822
04/07 -28146 27086 1060
05/07 -38073 33998 4075
05/07 -32223 27728 4495
05/07 -31737 29589 2148
05/07 -30347 27415 2932
05/07 -30613 28618 1995
06/07 -34683 32356 2327
06/07 -35467 32708 2759
06/07 -43582 41201 2381
06/07 -43799 40029 3770
07/07 -43272 38622 4650
07/07 -49148 45029 4119
07/07 -39991 35764 4227
07/07 -38867 34907 3960
07/07 -38845 37126 1719
08/07 -33357 32156 1201
08/07 -25568 25543 25
08/07 -23803 22822 981
08/07 -25887 24251 1636
09/07 -33171 30025 3146
09/07 -38189 35419 2770
09/07 -47624 45010 2614
09/07 -49788 47182 2606
10/07 -47463 44382 3081
10/07 -51246 47145 4101
10/07 -52666 49483 3183
10/07 -58191 53554 4637
10/07 -58519 51361 7158
11/07 -54058 47790 6268
11/07 -55642 48682 6960
11/07 -59107 53593 5514
11/07 -58439 50593 7846
12/07 -47416 41662 5754
12/07 -44078 38061 6017
12/07 -46282 43010 3272
12/07 -49985 44700 5285
12/07 -60081 52724 7357
01/08 -58355 49520 8835
01/08 -35228 26973 8255
01/08 -35772 28860 6912
01/08 -33755 26963 6792
02/08 -29575 21483 8092
02/08 -40387 30669 9718
02/08 -52076 39592 12484
02/08 -58196 42630 15566
03/08 -57293 45450 11843
03/08 -59932 51175 8757
03/08 -56409 46994 9415
03/08 -49677 41430 8247
04/08 -52846 43961 8885
04/08 -57290 46163 11127
04/08 -65607 54245 11362
04/08 -75391 61954 13437
04/08 -72676 59603 13073
05/08 -72360 59742 12618
05/08 -77190 66920 10270
05/08 -79061 69455 9606
05/08 -71296 61657 9639
06/08 -73688 63637 10051
06/08 -64093 52122 11971
06/08 -65616 52709 12907
06/08 -64469 53260 11209
07/08 -70265 59724 10541
07/08 -59078 47531 11547
07/08 -56527 45363 11164
07/08 -50560 40678 9882
07/08 -47937 41793 6144
08/08 -51036 45368 5668
08/08 -49247 44561 4686
08/08 -48153 45489 2664
08/08 -47938 44760 3178
09/08 -51496 46518 4978
09/08 -45656 40445 5211
09/08 -42945 37650 5295
09/08 -27726 26636 1090
09/08 -24502 21079 3423
10/08 -24855 21177 3678
10/08 -24194 21483 2711
10/08 -29168 26212 2956
10/08 -34257 30893 3364
11/08 -38209 35813 2396
11/08 -36923 35795 1128
11/08 -41945 40090 1855
11/08 -42277 42074 203
12/08 -46003 44789 1214
12/08 -53546 50869 2677
12/08 -55624 51505 4119
12/08 -54216 50785 3431
12/08 -55857 52334 3523
01/09 -58398 53432 4966
01/09 -55955 51691 4264
01/09 -53957 49368 4589
01/09 -51616 47161 4455
02/09 -48273 45116 3157
02/09 -50651 47464 3187
02/09 -46179 43203 2976
02/09 -45177 41902 3275
03/09 -53493 50466 3027
03/09 -53457 51128 2329
03/09 -58183 52820 5363
03/09 -63231 57874 5357
03/09 -55538 50248 5290
04/09 -57748 51593 6155
04/09 -53844 49051 4793
04/09 -50287 48197 2090
04/09 -45043 42911 2132
05/09 -57095 52252 4843
05/09 -59394 56077 3317
05/09 -60584 56074 4510
05/09 -65811 61257 4554
06/09 -64130 60988 3142
06/09 -67193 62976 4217
06/09 -68615 62391 6224
06/09 -59417 55247 4170
06/09 -55127 51566 3561
07/09 -43875 43483 392
07/09 -35259 37942 -2683
07/09 -41781 41922 -141
07/09 -54386 54169 217
08/09 -61154 56559 4595
08/09 -65880 59281 6599
08/09 -56316 51355 4961
08/09 -51546 47131 4415
09/09 -45929 42449 3480
09/09 -46653 42775 3878
09/09 -36311 34311 2000
09/09 -39100 38008 1092
09/09 -26770 28213 -1443
10/09 -34578 35314 -736
10/09 -42292 39705 2587
10/09 -65114 61053 4061
10/09 -82087 65461 16626
11/09 -74964 69521 5443
11/09 -69042 62833 6209
11/09 -66441 60788 5653
11/09 -63496 58324 5172
12/09 -65496 59673 5823
12/09 -51320 48499 2821
12/09 -46292 44568 1724
12/09 -45699 43616 2083
12/09 -62066 58684 3382
01/10 -79726 73642 6084
01/10 -84568 76356 8212
01/10 -81356 73389 7967
01/10 -67689 62682 5007
02/10 -64017 59925 4092
02/10 -56671 53436 3235
02/10 -62050 58036 4014
02/10 -80869 74503 6366
03/10 -79149 70327 8822
03/10 -81969 70855 11114
03/10 -89093 77871 11222
03/10 -85851 75571 10280
03/10 -82995 73307 9688
04/10 -90464 78541 11923
04/10 -89212 76625 12587
04/10 -81013 70259 10754
04/10 -83629 74493 9136
05/10 -91597 80529 11068
05/10 -60638 53230 7408
05/10 -54064 49375 4689
05/10 -31209 29408 1801
06/10 -26743 25973 770
06/10 -28087 27100 987
06/10 -36825 32051 4774
06/10 -48426 42877 5549
06/10 -47352 42636 4716
07/10 -38949 36077 2872
07/10 -42850 39342 3508
07/10 -42759 41221 1538
07/10 -50210 48252 1958
08/10 -57171 51244 5927
08/10 -53256 48145 5111
08/10 -24859 23914 945
08/10 -14355 16342 -1987
08/10 -10453 14593 -4140
09/10 -16007 21470 -5463
09/10 -28237 30865 -2628
09/10 -31329 35232 -3903
09/10 -34452 36341 -1889
10/10 -63489 59183 4306
10/10 -70057 64883 5174
10/10 -68842 62087 6755
10/10 -65713 57683 8030
11/10 -62801 56842 5959
11/10 -67398 59503 7895
11/10 -74594 66883 7711
11/10 -75183 67493 7690
11/10 -80757 71429 9328
12/10 -84480 73587 10893
12/10 -81722 72292 9430
12/10 -83590 73820 9770
12/10 -80805 71685 9120
01/11 -85987 74730 11257
01/11 -84647 74401 10246
01/11 -82011 72524 9487
01/11 -79332 70203 9129
02/11 -84937 73304 11633
02/11 -79817 69321 10496
02/11 -74135 63736 10399
02/11 -76151 62069 14082
03/11 -74294 60092 14202
03/11 -76691 63306 13385
03/11 -73485 62726 10759
03/11 -75006 63624 11382
03/11 -76932 64794 12138
04/11 -77973 66202 11771
04/11 -73603 62378 11225
04/11 -74882 62302 12580
04/11 -73620 60962 12658
05/11 -72331 61084 11247
05/11 -66747 59961 6786
05/11 -57408 52217 5191
05/11 -52727 48843 3884
05/11 -57944 51596 6348
06/11 -62224 55929 6295
06/11 -68730 61279 7451
06/11 -59008 54479 4529
06/11 -56344 55480 864
07/11 -66725 62385 4340
07/11 -72976 66058 6918
07/11 -77336 67966 9370
07/11 -79234 67997 11237
08/11 -73551 64152 9399
08/11 -54158 49895 4263
08/11 -47872 44928 2944
08/11 -47218 44134 3084
08/11 -56450 50630 5820
09/11 -62050 53774 8276
09/11 -53653 43842 9811
09/11 -46958 40499 6459
09/11 -38417 35475 2942
10/11 -41411 38702 2709
10/11 -50259 44957 5302
10/11 -61051 52000 9051
10/11 -67695 60650 7045
11/11 -64794 57837 6957
11/11 -67105 58664 8441
11/11 -63015 56146 6869
11/11 -54967 52005 2962
11/11 -52116 49513 2603
12/11 -60835 54214 6621
12/11 -61556 56080 5476
12/11 -51555 48336 3219
12/11 -61791 54886 6905
01/12 -71286 62044 9242
01/12 -79799 68983 10816
01/12 -82453 71810 10643
01/12 -89715 77683 12032
01/12 -96348 83872 12476
02/12 -101596 88783 12813
02/12 -101926 87696 14230
02/12 -105309 90298 15011
02/12 -108457 93766 14691
03/12 -112386 97579 14807
03/12 -107648 94537 13111
03/12 -103540 90469 13071
03/12 -106705 91914 14791
04/12 -111191 97904 13287
04/12 -102418 91622 10796
04/12 -103451 90920 12531
04/12 -92220 83177 9043
05/12 -97415 86747 10668
05/12 -82226 74392 7834
05/12 -78556 71811 6745
05/12 -78610 73161 5449
05/12 -75945 72143 3802
06/12 -67528 66219 1309
06/12 -60843 59147 1696
06/12 -61251 60869 382
06/12 -58920 60578 -1658
07/12 -66078 64124 1954
07/12 -67742 64629 3113
07/12 -65965 60215 5750
07/12 -78624 69437 9187
07/12 -73243 63902 9341
08/12 -79921 67959 11962
08/12 -84756 71011 13745
08/12 -83946 70120 13826
08/12 -81911 69445 12466
09/12 -82144 67165 14979
09/12 -83452 68708 14744
09/12 -82685 70453 12232
09/12 -84760 74297 10463
10/12 -88555 75828 12727
10/12 -86756 73189 13567
10/12 -86765 74053 12712
10/12 -77877 69761 8116
10/12 -71213 63825 7388
11/12 -72115 62735 9380
11/12 -68854 60287 8567
11/12 -78988 68381 10607
11/12 -83773 73801 9972
12/12 -84452 73625 10827
12/12 -69550 61377 8173
12/12 -72585 62846 9739
12/12 -79707 68253 11454
12/12 -85398 70312 15086
01/13 -92181 77638 14543
01/13 -92974 78194 14780
01/13 -95506 79019 16487
01/13 -101372 84911 16461
02/13 -112407 94513 17894
02/13 -111335 94413 16922
02/13 -110101 94377 15724
02/13 -107570 92709 14861
03/13 -102374 88215 14159
03/13 -95654 82295 13359
03/13 -94967 84588 10379
03/13 -95261 85008 10253
04/13 -94461 83810 10651
04/13 -76462 68742 7720
04/13 -67835 61485 6350
04/13 -55200 51331 3869
04/13 -44485 43210 1275
05/13 -46116 43070 3046
05/13 -49954 46565 3389
05/13 -52584 48059 4525
05/13 -49043 43889 5154
06/13 -47806 43652 4154
06/13 -49202 45442 3760
06/13 -55725 50908 4817
06/13 -36002 35458 544
07/13 -33946 35560 -1614
07/13 -46291 41200 5091
07/13 -60553 50525 10028
07/13 -69285 59339 9946
07/13 -71541 61052 10489
08/13 -66783 59212 7571
08/13 -55631 49156 6475
08/13 -57364 50302 7062
08/13 -63931 54329 9602
09/13 -67814 57814 10000
09/13 -61819 56613 5206
09/13 -48627 46563 2064
09/13 -43293 43428 -135
10/13 -40432 41091 -659
10/13 -41067 43168 -2101
10/13 -39480 39286 194
10/13 -41040 39615 1425
10/13 -40587 40923 -336
11/13 -37715 37768 -53
11/13 -39406 39346 60
11/13 -45127 43258 1869
11/13 -52088 46765 5323
12/13 -55226 47834 7392
12/13 -58345 49345 9000
12/13 -54959 47712 7247
12/13 -65653 55397 10256
12/13 -73983 61945 12038
01/14 -68571 59422 9149
01/14 -55031 50410 4621
01/14 -48867 45559 3308
01/14 -45189 43089 2100
02/14 -41558 40358 1200
02/14 -49190 40449 8741
02/14 -64781 55095 9686
02/14 -80929 69019 11910
03/14 -84511 71572 12939
03/14 -85082 72343 12739
03/14 -82896 74592 8304
03/14 -81061 71303 9758
04/14 -78491 70160 8331
04/14 -79588 66805 12783
04/14 -94559 81406 13153
04/14 -97853 82661 15192
04/14 -103386 90586 12800
05/14 -88248 76923 11325
05/14 -79228 70418 8810
05/14 -77866 68968 8898
05/14 -70534 61877 8657
06/14 -70630 62218 8412
06/14 -65382 58311 7071
06/14 -70433 61448 8985
06/14 -72912 63138 9774
07/14 -74403 62370 12033
07/14 -76283 64617 11666
07/14 -57567 49746 7821
07/14 -53948 49419 4529
07/14 -50354 47678 2676
08/14 -50696 49030 1666
08/14 -53414 53809 -395
08/14 -49727 50171 -444
08/14 -40810 41668 -858
09/14 -39587 41377 -1790
09/14 -40575 40453 122
09/14 -35363 35048 315
09/14 -37719 37456 263
09/14 -34662 34686 -24
10/14 -41370 43322 -1952
10/14 -45267 48042 -2775
10/14 -51517 54789 -3272
10/14 -55618 57927 -2309
11/14 -56671 58210 -1539
11/14 -61229 62103 -874
11/14 -66703 68247 -1544
11/14 -68860 70021 -1161
12/14 -68812 68060 752
12/14 -77213 76971 242
12/14 -75959 78248 -2289
12/14 -79677 82672 -2995
12/14 -75852 77522 -1670
01/15 -76659 78352 -1693
01/15 -69984 72965 -2981
01/15 -73649 77596 -3947
01/15 -83254 84548 -1294
02/15 -83630 83352 278
02/15 -79675 79897 -222
02/15 -74415 73992 423
02/15 -69366 68169 1197
03/15 -75335 71744 3591
03/15 -69953 67794 2159
03/15 -66717 67047 -330
03/15 -61148 61105 43
03/15 -62887 62823 64
04/15 -65202 63753 1449
04/15 -57801 57540 261
04/15 -62177 58295 3882
04/15 -64474 58779 5695
05/15 -64448 59252 5196
05/15 -61768 56723 5045
05/15 -59085 55369 3716
05/15 -54875 50098 4777
06/15 -64287 57866 6421
06/15 -58582 50627 7955
06/15 -66192 57739 8453
06/15 -60588 51893 8695
06/15 -52340 43923 8417
07/15 -43818 39012 4806
07/15 -45705 44578 1127
07/15 -50985 50580 405
07/15 -48679 48833 -154
08/15 -48795 50154 -1359
08/15 -49371 52147 -2776
08/15 -52472 54221 -1749
08/15 -54523 57192 -2669
09/15 -57645 60319 -2674
09/15 -60763 62244 -1481
09/15 -60909 64866 -3957
09/15 -62615 64760 -2145
09/15 -60540 64674 -4134
10/15 -66595 67296 -701
10/15 -56628 60636 -4008
10/15 -50602 55164 -4562
10/15 -47929 53468 -5539
11/15 -58220 56166 2054
11/15 -59521 58467 1054
11/15 -49489 48720 769
11/15 -69078 65440 3638
12/15 -75661 71232 4429
12/15 -65606 63442 2164
12/15 -69625 68878 747
12/15 -66476 67551 -1075
12/15 -78171 75632 2539
01/16 -78678 76868 1810
01/16 -72280 71060 1220
01/16 -76856 75786 1070
01/16 -75233 75129 104
02/16 -76570 76367 203
02/16 -79386 79242 144
02/16 -83552 87491 -3939
02/16 -89550 90561 -1011
03/16 -96220 93815 2405
03/16 -98416 95262 3154
03/16 -98887 94255 4632
03/16 -96857 89788 7069
03/16 -92085 84346 7739
04/16 -81736 78507 3229
04/16 -81708 76998 4710
04/16 -81997 75613 6384
04/16 -83327 75028 8299
05/16 -79580 72916 6664
05/16 -74938 71537 3401
05/16 -77842 69930 7912
05/16 -73211 64488 8723
05/16 -68477 59574 8903
06/16 -65583 57437 8146
06/16 -54629 52455 2174
06/16 -64643 60314 4329
06/16 -64078 63169 909
07/16 -51010 53108 -2098
07/16 -48749 51060 -2311
07/16 -43403 48210 -4807
07/16 -41889 44214 -2325
08/16 -43417 46973 -3556
08/16 -43764 49963 -6199
08/16 -44089 49090 -5001
08/16 -60205 57829 2376
08/16 -57009 56208 801
09/16 -51177 50193 984
09/16 -57347 56169 1178
09/16 -59827 59950 -123
09/16 -65027 63592 1435
10/16 -70123 62585 7538
10/16 -71808 63551 8257
10/16 -71525 64054 7471
10/16 -67782 60153 7629
11/16 -67404 58200 9204
11/16 -65946 61660 4286
11/16 -58654 58862 -208
11/16 -54209 51858 2351
11/16 -58760 55418 3342
12/16 -75006 67046 7960
12/16 -69918 61729 8189
12/16 -71536 60597 10939
12/16 -79061 65412 13649
01/17 -90070 76151 13919
01/17 -96112 83585 12527
01/17 -100433 88669 11764
01/17 -96123 85459 10664
01/17 -93470 81573 11897
02/17 -79870 70741 9129
02/17 -78653 69714 8939
02/17 -67468 58535 8933
02/17 -60723 55589 5134
03/17 -60603 58335 2268
03/17 -57816 54483 3333
03/17 -53720 52083 1637
03/17 -49335 49267 68
04/17 -60164 55206 4958
04/17 -60586 54001 6585
04/17 -63411 54863 8548
04/17 -55708 51140 4568
05/17 -41427 41168 259
05/17 -23835 29806 -5971
05/17 -28266 32319 -4053
05/17 -34283 35085 -802
05/17 -42465 41388 1077
06/17 -50009 49821 188
06/17 -37453 41330 -3877
06/17 -30020 34287 -4267
06/17 -32751 39212 -6461
07/17 -36620 42342 -5722
07/17 -47078 49607 -2529
07/17 -49221 49480 -259
07/17 -57782 57222 560
08/17 -69941 63258 6683
08/17 -75598 65920 9678
08/17 -70550 62386 8164
08/17 -70406 63947 6459
08/17 -77225 68199 9026
09/17 -87200 78446 8754
09/17 -88603 79467 9136
09/17 -88250 80273 7977
09/17 -91333 81276 10057
10/17 -85572 75437 10135
10/17 -77379 69113 8266
10/17 -75107 68090 7017
10/17 -81065 72003 9062
10/17 -86056 77094 8962
11/17 -91124 83415 7709
11/17 -95782 87145 8637
11/17 -94914 84833 10081
11/17 -90652 83162 7490
12/17 -85586 76808 8778
12/17 -83471 75423 8048
12/17 -86682 79423 7259
12/17 -90712 82904 7808
01/18 -91596 84341 7255
01/18 -98407 87759 10648
01/18 -96737 87542 9195
01/18 -101913 91499 10414
01/18 -99665 88081 11584
02/18 -100535 88328 12207
02/18 -93517 86435 7082
02/18 -85197 79232 5965
02/18 -92252 81800 10452
03/18 -87353 79603 7750
03/18 -85012 78826 6186
03/18 -88449 78213 10236
03/18 -87656 79902 7754
04/18 -85833 78475 7358
04/18 -80366 70909 9457
04/18 -84367 75154 9213
04/18 -96457 84967 11490
05/18 -93578 83027 10551
05/18 -94505 84753 9752
05/18 -108452 95919 12533
05/18 -120084 108346 11738
05/18 -115549 103729 11820
06/18 -104813 93833 10980
06/18 -96648 85868 10780
06/18 -106989 97536 9453
06/18 -104629 95471 9158
07/18 -106276 96616 9660
07/18 -111054 100881 10173
07/18 -104108 96782 7326
07/18 -108785 99642 9143
07/18 -119039 110958 8081
08/18 -118137 109406 8731
08/18 -113471 104187 9284
08/18 -108768 100959 7809
08/18 -116784 107130 9654
09/18 -113040 102544 10496
09/18 -108177 96928 11249
09/18 -114997 103660 11337
09/18 -122725 112160 10565
10/18 -123792 112641 11151
10/18 -120916 108965 11951
10/18 -106717 99792 6925
10/18 -97644 92205 5439
10/18 -90730 88074 2656
11/18 -87644 86310 1334
11/18 -79734 79564 170
11/18 -76256 77361 -1105
11/18 -77622 76252 1370
12/18 -73817 73019 798
12/18 -75837 77138 -1301
12/18 -79538 79366 172
12/18 -81686 81510 176
12/18 -81899 82131 -232
01/19 -83772 82897 875
01/19 -87479 88111 -632
01/19 -82162 82330 -168
01/19 -80617 79722 895
02/19 -85670 82953 2717
02/19 -91109 86764 4345
02/19 -94941 89822 5119
02/19 -100367 93564 6803
03/19 -91262 83866 7396
03/19 -92062 84291 7771
03/19 -95097 83428 11669
03/19 -97251 87399 9852
04/19 -98278 85430 12848
04/19 -101494 88501 12993
04/19 -110858 96798 14060
04/19 -109759 96277 13482
04/19 -112512 97718 14794
05/19 -98407 86900 11507
05/19 -101986 90423 11563
05/19 -97608 86970 10638
05/19 -87116 79064 8052
06/19 -85514 76904 8610
06/19 -76805 72294 4511
06/19 -76714 73124 3590
06/19 -86554 82272 4282
07/19 -85200 78552 6648
07/19 -82492 76342 6150
07/19 -88519 79975 8544
07/19 -81731 73872 7859
07/19 -82313 75232 7081
08/19 -73749 70485 3264
08/19 -64878 61965 2913
08/19 -61655 59667 1988
08/19 -61410 60531 879
09/19 -46051 46760 -709
09/19 -50590 49246 1344
09/19 -57923 51181 6742
09/19 -59328 56466 2862
10/19 -56817 52410 4407
10/19 -53336 52223 1113
10/19 -60889 58789 2100
10/19 -65127 61928 3199
10/19 -88686 81042 7644
11/19 -88354 80002 8352
11/19 -79856 74188 5668
11/19 -81040 76941 4099
11/19 -95646 86604 9042
12/19 -92795 87354 5441
12/19 -104969 96787 8182
12/19 -106637 98342 8295
12/19 -117547 108731 8816
12/19 -117002 107813 9189
01/20 -123675 113572 10103
01/20 -131522 124738 6784
01/20 -136890 127733 9157
01/20 -109189 104648 4541
02/20 -115052 113188 1864
02/20 -116355 113763 2592
02/20 -121501 117083 4418
02/20 -116685 111711 4974
03/20 -96368 92939 3429
03/20 -89629 87265 2364
03/20 -87908 83223 4685
03/20 -94673 89740 4933
03/20 -90245 88099 2146
04/20 -91604 91180 424
04/20 -95230 92170 3060
04/20 -94101 92545 1556
04/20 -93951 90063 3888
05/20 -80315 75462 4853
05/20 -71119 66010 5109
05/20 -69000 62862 6138
05/20 -65525 60912 4613
06/20 -59940 53080 6860
06/20 -56389 47032 9357
06/20 -56193 49563 6630
06/20 -57337 50297 7040
06/20 -54104 47274 6830
07/20 -47683 41383 6300
07/20 -51373 45585 5788
07/20 -56675 52039 4636
07/20 -55596 50411 5185
08/20 -59809 57940 1869
08/20 -63166 62962 204
08/20 -70810 68073 2737
08/20 -75129 71074 4055
09/20 -78284 72423 5861
09/20 -63455 61476 1979
09/20 -60633 59558 1075
09/20 -56642 55712 930
09/20 -59102 56858 2244
10/20 -61382 56654 4728
10/20 -58203 54022 4181
10/20 -57882 53764 4118
10/20 -51909 49636 2273
11/20 -39234 41153 -1919
11/20 -56282 53253 3029
11/20 -63465 60390 3075
11/20 -69124 64884 4240
12/20 -68257 60363 7894
12/20 -72479 64393 8086
12/20 -75102 64185 10917
12/20 -83961 72679 11282
12/20 -89971 78871 11100
01/21 -93858 83759 10099
01/21 -97760 85269 12491
01/21 -94293 82928 11365
01/21 -100397 88566 11831
02/21 -80936 69813 11123
02/21 -81741 69668 12073
02/21 -71691 61483 10208
02/21 -60794 47901 12893
03/21 -54321 42888 11433
03/21 -59713 47337 12376
03/21 -61800 48695 13105
03/21 -59639 48073 11566
03/21 -58716 47929 10787
04/21 -60575 49320 11255
04/21 -52413 42034 10379
04/21 -58855 48021 10834
04/21 -61214 51905 9309
05/21 -69798 59995 9803
05/21 -69040 56481 12559
05/21 -69219 57393 11826
05/21 -62503 53368 9135
06/21 -65203 55675 9528
06/21 -66099 53752 12347
06/21 -58304 48643 9661
06/21 -66819 56558 10261
06/21 -74145 63859 10286
07/21 -58710 50417 8293
07/21 -59550 48570 10980
07/21 -37040 29337 7703
07/21 -44496 36351 8145
08/21 -49669 40005 9664
08/21 -50826 39838 10988
08/21 -45046 35747 9299
08/21 -42699 36884 5815
08/21 -51407 42221 9186
09/21 -49034 39858 9176
09/21 -52143 41972 10171
09/21 -44943 36673 8270
09/21 -50677 43177 7500
10/21 -58840 51052 7788
10/21 -57753 47193 10560
10/21 -58021 48642 9379
10/21 -61168 51045 10123
11/21 -58294 49697 8597
11/21 -53896 45069 8827
11/21 -62114 54214 7900
11/21 -61376 55994 5382
11/21 -50163 45614 4549
12/21 -54093 49883 4210
12/21 -61932 56434 5498
12/21 -63913 60153 3760
12/21 -63345 57245 6100
01/22 -70453 64317 6136
01/22 -65555 59502 6053
01/22 -67265 60789 6476
01/22 -67195 59605 7590
02/22 -76584 65352 11232
