01/86 -9028 10883 -1855
01/86 -2988 6061 -3073
02/86 18095 -6772 -11323
02/86 17926 -4231 -13695
03/86 7272 1622 -8894
03/86 21726 -1589 -20137
04/86 31643 -13611 -18032
04/86 15959 -2360 -13599
05/86 23284 -5726 -17558
05/86 21760 -8701 -13059
06/86 2616 818 -3434
06/86 26010 -8270 -17740
07/86 18403 -5248 -13155
07/86 -2043 9077 -7034
08/86 -15120 12645 2475
08/86 -14969 12938 2031
09/86 -26409 14384 12025
09/86 -27726 14581 13145
10/86 -18928 11035 7893
10/86 -11235 3300 7935
11/86 -7996 3911 4085
11/86 -2135 1299 836
12/86 -3250 2062 1188
12/86 -4699 1058 3641
01/87 -19558 5916 13642
01/87 -15202 4431 10771
02/87 4494 -6319 1825
02/87 -3765 -4924 8689
03/87 -8049 389 7660
03/87 -29207 8388 20819
04/87 -44082 18254 25828
04/87 -39705 11751 27954
05/87 -70342 26703 43639
05/87 -30398 15562 14836
06/87 -25730 8481 17249
06/87 -14303 3855 10448
07/87 -24967 8618 16349
07/87 -42660 17088 25572
08/87 -31407 8210 23197
08/87 -16518 524 15994
09/87 -23095 3947 19148
09/87 -22116 7102 15014
10/87 -29874 12747 17127
10/87 -14442 5827 8615
11/87 1433 1440 -2873
11/87 -19898 15817 4081
12/87 -14661 11621 3040
12/87 -3639 5169 -1530
01/88 1728 3481 -5209
01/88 24328 -9234 -15094
02/88 37038 -22871 -14167
02/88 15718 -25740 10022
03/88 9258 -17447 8189
03/88 4187 -18622 14435
04/88 5046 -18950 13904
04/88 33107 -17099 -16008
05/88 26893 -8567 -18326
05/88 7050 -2747 -4303
06/88 7024 -3270 -3754
06/88 30527 -18368 -12159
07/88 24912 -14092 -10820
07/88 30559 -14919 -15640
08/88 24059 -13787 -10272
08/88 24559 -13510 -11049
09/88 42979 -23935 -19044
09/88 40012 -28637 -11375
10/88 37114 -29270 -7844
10/88 38213 -26977 -11236
11/88 16958 -7771 -9187
11/88 23638 -11746 -11892
12/88 28696 -12203 -16493
12/88 33809 -14963 -18846
01/89 44739 -24161 -20578
01/89 57851 -32902 -24949
02/89 44998 -27002 -17996
02/89 44222 -28038 -16184
03/89 27073 -19328 -7745
03/89 49040 -30525 -18515
04/89 37709 -22922 -14787
04/89 51545 -30472 -21073
05/89 49403 -24235 -25168
05/89 52297 -25471 -26826
06/89 35948 -18132 -17816
06/89 25238 -13081 -12157
07/89 23680 -11791 -11889
07/89 36157 -14891 -21266
08/89 29262 -14197 -15065
08/89 45469 -25374 -20095
09/89 31653 -13811 -17842
09/89 15100 -11668 -3432
10/89 28065 -16561 -11504
10/89 -5456 2799 2657
11/89 -24321 13236 11085
11/89 -30706 17936 12770
12/89 -35350 21925 13425
12/89 -16708 14401 2307
01/90 -28156 16544 11612
01/90 -18120 6373 11747
02/90 -22412 14750 7662
02/90 -6211 2976 3235
03/90 -821 -4336 5157
03/90 15981 -12049 -3932
04/90 17322 -14071 -3251
04/90 21843 -14268 -7575
05/90 22934 -14106 -8828
05/90 19018 -13477 -5541
06/90 33925 -22342 -11583
06/90 22603 -15874 -6729
07/90 11683 -9336 -2347
07/90 -6494 2141 4353
08/90 -32490 16308 16182
08/90 -24045 10295 13750
09/90 -11381 6057 5324
09/90 -38508 21497 17011
10/90 -6558 8731 -2173
10/90 405 1582 -1987
11/90 5002 -2311 -2691
11/90 -1266 1129 137
12/90 15475 -5751 -9724
12/90 -10181 4802 5379
01/91 -24703 11526 13177
01/91 18276 -12258 -6018
02/91 24123 -14365 -9758
02/91 25298 -14835 -10463
03/91 15243 -11757 -3486
03/91 32408 -19484 -12924
04/91 21696 -14161 -7535
04/91 31892 -21410 -10482
05/91 14680 -10501 -4179
05/91 10394 -9315 -1079
06/91 -18153 7867 10286
06/91 -13419 9293 4126
07/91 -18137 10568 7569
07/91 6038 -2805 -3233
08/91 28166 -14900 -13266
08/91 39703 -24627 -15076
09/91 34329 -22133 -12196
09/91 15122 -11352 -3770
10/91 -4129 1630 2499
10/91 -7020 3563 3457
11/91 5364 -2940 -2424
11/91 -40730 28240 12490
12/91 -15050 10479 4571
12/91 13180 -4602 -8578
01/92 11772 -4495 -7277
01/92 1271 913 -2184
02/92 1968 488 -2456
02/92 8329 -6227 -2102
03/92 13803 -14555 752
03/92 18127 -12612 -5515
04/92 30572 -25112 -5460
04/92 22002 -17979 -4023
05/92 9307 -8315 -992
05/92 16015 -15869 -146
06/92 -15811 6388 9423
06/92 -14723 3661 11062
07/92 -42480 24150 18330
07/92 -44018 25413 18605
08/92 16349 -13219 -3130
08/92 16459 -13651 -2808
09/92 6667 -8425 1758
09/92 416 -2500 2084
10/92 -4041 -1977 6018
10/92 6804 -4698 -2106
10/92 11977 -8436 -3541
10/92 23185 -15305 -7880
11/92 23155 -17428 -5727
11/92 25925 -22040 -3885
11/92 25810 -21220 -4590
11/92 23542 -20429 -3113
12/92 25588 -22163 -3425
12/92 19200 -18698 -502
12/92 20273 -18879 -1394
12/92 17085 -14903 -2182
12/92 22500 -18845 -3655
01/93 27337 -21721 -5616
01/93 34536 -27867 -6669
01/93 33551 -28045 -5506
01/93 24361 -21268 -3093
02/93 23654 -18545 -5109
02/93 25456 -18586 -6870
02/93 3936 -10652 6716
02/93 7583 -8802 1219
03/93 12941 -13382 441
03/93 30584 -24263 -6321
03/93 19752 -15140 -4612
03/93 -11767 2461 9306
03/93 -41270 22718 18552
04/93 -59801 40108 19693
04/93 -61004 41010 19994
04/93 -57351 36493 20858
04/93 -72069 50165 21904
05/93 -80148 56598 23550
05/93 -81601 54568 27033
05/93 -98442 67273 31169
05/93 -87575 53165 34410
06/93 -80385 51017 29368
06/93 -74571 46979 27592
06/93 -57371 38569 18802
06/93 -61776 43309 18467
06/93 -76470 48929 27541
07/93 -89576 56637 32939
07/93 -93390 63201 30189
07/93 -95498 64482 31016
07/93 -91638 58849 32789
08/93 -113071 69597 43474
08/93 -64385 42366 22019
08/93 -52663 28996 23667
08/93 -56166 32666 23500
08/93 -56464 36089 20375
09/93 -35878 26752 9126
09/93 -27034 20520 6514
09/93 -27719 16570 11149
09/93 -28063 16135 11928
10/93 -22167 13227 8940
10/93 -43835 25891 17944
10/93 -49343 28138 21205
10/93 -51854 31044 20810
11/93 -41148 25134 16014
11/93 -56797 31416 25381
11/93 -63951 34752 29199
11/93 -63066 35913 27153
11/93 -42809 24551 18258
12/93 -57671 32153 25518
12/93 -73643 44884 28759
12/93 -74408 45594 28814
12/93 -73471 45785 27686
01/94 -83485 49762 33723
01/94 -63226 41333 21893
01/94 -76460 44728 31732
01/94 -51813 28503 23310
02/94 -39845 20778 19067
02/94 -36859 20471 16388
02/94 -37907 20610 17297
02/94 -29851 12180 17671
03/94 -22080 7476 14604
03/94 -13992 1064 12928
03/94 -41472 20738 20734
03/94 -48303 22240 26063
03/94 -53193 23715 29478
04/94 -46375 17405 28970
04/94 -22186 3038 19148
04/94 4640 -16821 12181
04/94 12318 -26715 14397
05/94 13400 -25375 11975
05/94 -7478 -8341 15819
05/94 -16807 -2182 18989
05/94 -28212 8291 19921
05/94 -38468 21514 16954
06/94 -20139 5433 14706
06/94 -25825 10225 15600
06/94 -61377 33546 27831
06/94 -37840 15934 21906
07/94 -35976 13028 22948
07/94 -31331 9655 21676
07/94 -26287 10011 16276
07/94 -30011 11391 18620
08/94 -1400 -4901 6301
08/94 7440 -13550 6110
08/94 14907 -17728 2821
08/94 1801 -7901 6100
08/94 -29691 15044 14647
09/94 -37112 18840 18272
09/94 -52408 31808 20600
09/94 -76264 47045 29219
09/94 -84894 58198 26696
10/94 -84664 57440 27224
10/94 -46359 27284 19075
10/94 -35804 16986 18818
10/94 -40185 21671 18514
11/94 -2631 -7664 10295
11/94 -1768 -10416 12184
11/94 3055 -14600 11545
11/94 7053 -14099 7046
11/94 15250 -20400 5150
12/94 48754 -45078 -3676
12/94 47976 -46879 -1097
12/94 38137 -40107 1970
12/94 38637 -40228 1591
01/95 31768 -34066 2298
01/95 56546 -49579 -6967
01/95 40948 -37834 -3114
01/95 24387 -21914 -2473
01/95 33225 -30580 -2645
02/95 36209 -31103 -5106
02/95 33652 -29254 -4398
02/95 20967 -23766 2799
02/95 29426 -29233 -193
03/95 -1329 -9534 10863
03/95 -18210 6951 11259
03/95 -14637 3633 11004
03/95 -15416 841 14575
04/95 -55256 33691 21565
04/95 -60838 36445 24393
04/95 -66611 38686 27925
04/95 -62588 35873 26715
05/95 -37149 18691 18458
05/95 -7484 -1135 8619
05/95 1564 -6041 4477
05/95 7016 -10517 3501
05/95 946 -6054 5108
06/95 -1209 -4280 5489
06/95 -13320 4428 8892
06/95 -38185 26167 12018
06/95 -31775 21441 10334
07/95 2116 -3573 1457
07/95 11334 -12107 773
07/95 -14040 7880 6160
07/95 -4311 2003 2308
08/95 29919 -27149 -2770
08/95 31362 -30990 -372
08/95 12842 -17215 4373
08/95 31023 -33118 2095
08/95 34774 -36327 1553
09/95 42665 -41350 -1315
09/95 26282 -29034 2752
09/95 15981 -21757 5776
09/95 23033 -26847 3814
10/95 31087 -31589 502
10/95 20451 -25188 4737
10/95 24814 -28422 3608
10/95 40820 -41419 599
10/95 38409 -38626 217
11/95 19861 -26204 6343
11/95 -21238 8237 13001
11/95 -13662 2900 10762
11/95 -4871 -2422 7293
12/95 -10005 -292 10297
12/95 -26042 11085 14957
12/95 -16781 3027 13754
12/95 -16670 2260 14410
01/96 -26283 10394 15889
01/96 -71987 49651 22336
01/96 -85489 58136 27353
01/96 -98449 69342 29107
01/96 -94207 67694 26513
02/96 -94308 63845 30463
02/96 -79046 48593 30453
02/96 -71786 41110 30676
02/96 -72747 38276 34471
03/96 -51941 22290 29651
03/96 -58432 24809 33623
03/96 -50205 17064 33141
03/96 -70124 31701 38423
04/96 -51568 24805 26763
04/96 -57657 29963 27694
04/96 -28945 6590 22355
04/96 -22779 547 22232
04/96 -23781 -1038 24819
05/96 -33380 4824 28556
05/96 -22968 -5036 28004
05/96 -11952 -10903 22855
05/96 -16263 -7966 24229
06/96 -5905 -12767 18672
06/96 21728 -36559 14831
06/96 19628 -31956 12328
06/96 19749 -30030 10281
07/96 31539 -38811 7272
07/96 27290 -35774 8484
07/96 20417 -32006 11589
07/96 17853 -28147 10294
07/96 13698 -23604 9906
08/96 -12234 -3809 16043
08/96 -13959 -3430 17389
08/96 -9599 -6404 16003
08/96 -14961 -2528 17489
09/96 2264 -16603 14339
09/96 36737 -47032 10295
09/96 44013 -52246 8233
09/96 49539 -55814 6275
10/96 56435 -58264 1829
10/96 51359 -54245 2886
10/96 44452 -50773 6321
10/96 26678 -36015 9337
10/96 36786 -44374 7588
11/96 50315 -53706 3391
11/96 33997 -40180 6183
11/96 32022 -40059 8037
11/96 51990 -54593 2603
12/96 51081 -53975 2894
12/96 34985 -37492 2507
12/96 34372 -37027 2655
12/96 36619 -37541 922
12/96 43433 -41925 -1508
01/97 50349 -48156 -2193
01/97 56598 -52969 -3629
01/97 53874 -50270 -3604
01/97 41891 -38956 -2935
02/97 46046 -47783 1737
02/97 44754 -46650 1896
02/97 31067 -33861 2794
02/97 18039 -21241 3202
03/97 -11636 2573 9063
03/97 -10837 -1213 12050
03/97 1892 -10871 8979
03/97 -1278 -6715 7993
04/97 2875 -9462 6587
04/97 2811 -8863 6052
04/97 27006 -28353 1347
04/97 34062 -37500 3438
04/97 36688 -39932 3244
05/97 37069 -40249 3180
05/97 12339 -17683 5344
05/97 25038 -30237 5199
05/97 24042 -29548 5506
06/97 28104 -30798 2694
06/97 33232 -36192 2960
06/97 36168 -37579 1411
06/97 55432 -54593 -839
07/97 70665 -67011 -3654
07/97 79071 -72440 -6631
07/97 82151 -74588 -7563
07/97 67975 -61486 -6489
07/97 60319 -56626 -3693
08/97 76614 -70906 -5708
08/97 50748 -49704 -1044
08/97 55661 -56409 748
08/97 47944 -51542 3598
09/97 56650 -59794 3144
09/97 59406 -59414 8
09/97 63358 -62430 -928
09/97 62082 -62897 815
09/97 -1400 -19832 21232
10/97 -27190 3450 23740
10/97 -9837 -7739 17576
10/97 14767 -29797 15030
10/97 58365 -64506 6141
11/97 59772 -63574 3802
11/97 57008 -59910 2902
11/97 48045 -50649 2604
11/97 59515 -59762 247
12/97 61913 -60488 -1425
12/97 60757 -62620 1863
12/97 58360 -58769 409
12/97 45572 -51784 6212
12/97 44444 -51044 6600
01/98 56491 -58584 2093
01/98 55356 -58528 3172
01/98 45250 -51674 6424
01/98 15266 -24132 8866
02/98 14711 -23998 9287
02/98 9290 -21269 11979
02/98 15807 -24047 8240
02/98 31273 -33446 2173
03/98 21018 -27892 6874
03/98 30508 -34653 4145
03/98 51280 -51298 18
03/98 36696 -42151 5455
03/98 11757 -21627 9870
04/98 -24516 5247 19269
04/98 -28572 8196 20376
04/98 -36214 12591 23623
04/98 -37104 17885 19219
05/98 -17711 5231 12480
05/98 10449 -18715 8266
05/98 8707 -17247 8540
05/98 15320 -22206 6886
06/98 56546 -53056 -3490
06/98 52785 -51174 -1611
06/98 63704 -60827 -2877
06/98 37799 -37515 -284
06/98 33929 -35917 1988
07/98 31901 -34015 2114
07/98 35124 -37659 2535
07/98 30209 -33652 3443
07/98 40337 -39767 -570
08/98 62369 -58795 -3574
08/98 64062 -59710 -4352
08/98 65101 -59610 -5491
08/98 67167 -61510 -5657
09/98 76329 -69789 -6540
09/98 51654 -51325 -329
09/98 15991 -20115 4124
09/98 10317 -19013 8696
09/98 -6738 -5911 12649
10/98 -41938 23669 18269
10/98 -36847 20132 16715
10/98 -28916 15791 13125
10/98 -16752 7206 9546
11/98 12833 -17695 4862
11/98 -2710 -7111 9821
11/98 -14673 3187 11486
11/98 -17660 6915 10745
12/98 1105 -3918 2813
12/98 -624 -5150 5774
12/98 14227 -14666 439
12/98 28988 -26792 -2196
12/98 37206 -34586 -2620
01/99 46620 -44024 -2596
01/99 40600 -41726 1126
01/99 55319 -55282 -37
01/99 64786 -60992 -3794
02/99 62837 -59918 -2919
02/99 62018 -61049 -969
02/99 70806 -68406 -2400
02/99 71812 -70065 -1747
03/99 56914 -58147 1233
03/99 -5687 -2205 7892
03/99 28963 -28450 -513
03/99 55893 -54023 -1870
03/99 82154 -80240 -1914
04/99 91690 -88363 -3327
04/99 82612 -81091 -1521
04/99 75041 -73690 -1351
04/99 83976 -80092 -3884
05/99 42298 -49852 7554
05/99 60060 -63350 3290
05/99 78632 -80546 1914
05/99 88075 -85438 -2637
06/99 82390 -78771 -3619
06/99 88207 -85235 -2972
06/99 86416 -84986 -1430
06/99 86904 -86859 -45
06/99 81076 -83611 2535
07/99 81997 -86563 4566
07/99 81234 -78860 -2374
07/99 81487 -79215 -2272
07/99 70824 -67894 -2930
08/99 56046 -56440 394
08/99 49398 -55064 5666
08/99 21892 -35242 13350
08/99 55419 -59087 3668
08/99 59241 -61491 2250
09/99 60408 -62910 2502
09/99 51528 -54132 2604
09/99 29491 -37842 8351
09/99 -2750 -14315 17065
10/99 12398 -21857 9459
10/99 1958 -17001 15043
10/99 2514 -17296 14782
10/99 2415 -13615 11200
11/99 4146 -15283 11137
11/99 10117 -19119 9002
11/99 -16552 2771 13781
11/99 -23103 9354 13749
11/99 -16800 6129 10671
12/99 -886 -2972 3858
12/99 16418 -20553 4135
12/99 18429 -27969 9540
12/99 18122 -28953 10831
01/00 22650 -28708 6058
01/00 18394 -24218 5824
01/00 -1018 -7103 8121
01/00 -4749 -5534 10283
02/00 4840 -8833 3993
02/00 -24470 9014 15456
02/00 -36395 20697 15698
02/00 -46482 31008 15474
02/00 -31083 18787 12296
03/00 -27119 18671 8448
03/00 -24434 17295 7139
03/00 -19718 14933 4785
03/00 13036 -14285 1249
04/00 21959 -23311 1352
04/00 21245 -22185 940
04/00 18633 -20353 1720
04/00 28293 -27542 -751
05/00 34341 -32595 -1746
05/00 24288 -25722 1434
05/00 25684 -29530 3846
05/00 33124 -35842 2718
05/00 42590 -40624 -1966
06/00 -1980 -4017 5997
06/00 -25062 14660 10402
06/00 -30922 19058 11864
06/00 -25173 16219 8954
07/00 -26785 15828 10957
07/00 -18857 12398 6459
07/00 -15846 9015 6831
07/00 -7491 3543 3948
08/00 4967 -5597 630
08/00 27151 -25023 -2128
08/00 35100 -32886 -2214
08/00 28868 -26221 -2647
08/00 29846 -28638 -1208
09/00 18468 -18882 414
09/00 26684 -26998 314
09/00 31285 -30561 -724
09/00 25602 -25951 349
10/00 16968 -20111 3143
10/00 22415 -25526 3111
10/00 13717 -16737 3020
10/00 17150 -18571 1421
10/00 31846 -31722 -124
11/00 33445 -34120 675
11/00 42839 -44976 2137
11/00 44851 -46456 1605
11/00 32501 -36201 3700
12/00 21442 -26921 5479
12/00 11103 -17942 6839
12/00 16835 -22168 5333
12/00 6285 -14259 7974
01/01 20510 -23735 3225
01/01 38501 -38226 -275
01/01 59488 -57160 -2328
01/01 56663 -57698 1035
01/01 55625 -53815 -1810
02/01 54303 -52706 -1597
02/01 62175 -58972 -3203
02/01 67526 -66731 -795
02/01 47859 -50795 2936
03/01 40207 -41982 1775
03/01 13665 -24244 10579
03/01 32228 -37969 5741
03/01 29647 -33304 3657
04/01 50983 -51354 371
04/01 57990 -58133 143
04/01 42641 -45569 2928
04/01 27922 -35011 7089
05/01 19819 -27970 8151
05/01 17247 -25788 8541
05/01 -13915 1531 12384
05/01 -65250 38936 26314
05/01 -68443 43236 25207
06/01 -42314 25011 17303
06/01 -36544 18555 17989
06/01 -40227 19002 21225
06/01 -44693 22073 22620
07/01 -32592 16170 16422
07/01 -24532 10602 13930
07/01 -25507 10766 14741
07/01 -28911 13374 15537
07/01 -6146 -2706 8852
08/01 -7138 -1690 8828
08/01 -55227 32869 22358
08/01 -64412 39534 24878
08/01 -50852 27822 23030
09/01 -49839 25917 23922
09/01 -43243 20824 22419
09/01 -49456 29148 20308
09/01 -58342 36638 21704
10/01 -67122 35255 31867
10/01 -64729 32778 31951
10/01 -51816 24088 27728
10/01 -25191 14679 10512
10/01 -33199 12160 21039
11/01 -35435 13530 21905
11/01 -23637 5427 18210
11/01 -2489 -9173 11662
11/01 1738 -12140 10402
12/01 -2534 -10029 12563
12/01 13626 -21717 8091
12/01 -15198 -861 16059
12/01 -11976 -2903 14879
12/01 -14555 -645 15200
01/02 -24042 5356 18686
01/02 -53938 29441 24497
01/02 -50959 25929 25030
01/02 -31515 12434 19081
02/02 -58180 34088 24092
02/02 -62223 36333 25890
02/02 -60054 34364 25690
02/02 -56409 29079 27330
03/02 -58666 30462 28204
03/02 -58507 30486 28021
03/02 -56119 27987 28132
03/02 -65888 34394 31494
04/02 -71913 37661 34252
04/02 -67531 36507 31024
04/02 -63166 32082 31084
04/02 -72703 39665 33038
04/02 -82381 46067 36314
05/02 -82705 44435 38270
05/02 -76952 37839 39113
05/02 -88643 46914 41729
05/02 -87432 41323 46109
06/02 -85220 41943 43277
06/02 -77183 46456 30727
06/02 -72783 41241 31542
06/02 -74197 37967 36230
07/02 -65875 30073 35802
07/02 -61726 22628 39098
07/02 -64364 23911 40453
07/02 -66953 26238 40715
07/02 -32233 385 31848
08/02 -31379 977 30402
08/02 -29432 -476 29908
08/02 -34289 4708 29581
08/02 -34069 2382 31687
09/02 -40667 6115 34552
09/02 -60480 19821 40659
09/02 -66504 25186 41318
09/02 -88391 42181 46210
10/02 -83697 42702 40995
10/02 -76627 37672 38955
10/02 -48852 15914 32938
10/02 -41597 9462 32135
10/02 -48856 15331 33525
11/02 -56703 19985 36718
11/02 -78424 36907 41517
11/02 -75782 37856 37926
11/02 -71565 37554 34011
12/02 -68158 32961 35197
12/02 -90824 51359 39465
12/02 -101486 55200 46286
12/02 -103453 57105 46348
12/02 -104416 59505 44911
01/03 -109386 63563 45823
01/03 -104977 60662 44315
01/03 -108272 61682 46590
01/03 -112850 56867 55983
02/03 -126507 66814 59693
02/03 -94360 50109 44251
02/03 -77799 35807 41992
02/03 -68660 26965 41695
03/03 -71163 30976 40187
03/03 -74590 33549 41041
03/03 -56842 21421 35421
03/03 -56945 29530 27415
04/03 -49971 24367 25604
04/03 -52607 25697 26910
04/03 -48622 21305 27317
04/03 -52618 25077 27541
04/03 -52834 24767 28067
05/03 -69809 39291 30518
05/03 -73714 42420 31294
05/03 -98066 65741 32325
05/03 -97631 68749 28882
06/03 -113612 85047 28565
06/03 -93380 65599 27781
06/03 -94206 64175 30031
06/03 -77019 48884 28135
07/03 -72003 45214 26789
07/03 -68835 41328 27507
07/03 -53672 27515 26157
07/03 -68425 39409 29016
07/03 -110332 75447 34885
08/03 -93186 57811 35375
08/03 -101762 66513 35249
08/03 -125730 89998 35732
08/03 -137088 100227 36861
09/03 -163846 122847 40999
09/03 -157940 115092 42848
09/03 -148003 105816 42187
09/03 -150497 107668 42829
09/03 -137017 95188 41829
10/03 -116040 80765 35275
10/03 -113205 76892 36313
10/03 -118831 80864 37967
10/03 -127859 90613 37246
11/03 -123995 84610 39385
11/03 -123203 82578 40625
11/03 -134603 93160 41443
11/03 -150553 108028 42525
12/03 -158956 112855 46101
12/03 -153520 107028 46492
12/03 -162193 116108 46085
12/03 -154137 108272 45865
12/03 -159914 112600 47314
01/04 -160441 115985 44456
01/04 -157310 107232 50078
01/04 -128159 85035 43124
01/04 -132970 86056 46914
02/04 -109445 67564 41881
02/04 -106391 60286 46105
02/04 -119597 70305 49292
02/04 -104499 63058 41441
03/04 -90391 43879 46512
03/04 -106422 60539 45883
03/04 -110504 62479 48025
03/04 -154855 102511 52344
03/04 -178345 125138 53207
04/04 -196307 144253 52054
04/04 -190874 138696 52178
04/04 -122430 73276 49154
04/04 -101621 57804 43817
05/04 -89398 54663 34735
05/04 -69442 38016 31426
05/04 -57579 27513 30066
05/04 -49239 22209 27030
06/04 -60359 31983 28376
06/04 -60476 30331 30145
06/04 -56808 29116 27692
06/04 -70580 39898 30682
06/04 -72183 40167 32016
07/04 -63241 31403 31838
07/04 -106317 70434 35883
07/04 -105911 70458 35453
07/04 -66505 33315 33190
08/04 -63711 34454 29257
08/04 -78343 46107 32236
08/04 -86750 53790 32960
08/04 -119948 84761 35187
08/04 -118075 80497 37578
09/04 -99329 62143 37186
09/04 -93950 54856 39094
09/04 -102962 64327 38635
09/04 -122162 82118 40044
10/04 -154266 114092 40174
10/04 -157496 115137 42359
10/04 -159594 120914 38680
10/04 -163638 127895 35743
11/04 -150057 111437 38620
11/04 -162268 117853 44415
11/04 -166227 123001 43226
11/04 -176830 138632 38198
11/04 -168330 128453 39877
12/04 -169257 132347 36910
12/04 -122798 87794 35004
12/04 -126318 90253 36065
12/04 -137495 98753 38742
01/05 -105742 73243 32499
01/05 -70347 36787 33560
01/05 -62940 29566 33374
01/05 -59584 28345 31239
02/05 -57572 28118 29454
02/05 -38182 11175 27007
02/05 -51477 21707 29770
02/05 -73599 38905 34694
03/05 -91256 56681 34575
03/05 -109074 70477 38597
03/05 -147491 111122 36369
03/05 -125978 91761 34217
03/05 -133855 101521 32334
04/05 -134940 106264 28676
04/05 -142029 113344 28685
04/05 -143587 114392 29195
04/05 -169289 137777 31512
05/05 -137695 107728 29967
05/05 -108549 80378 28171
05/05 -79861 55944 23917
05/05 -60463 39509 20954
05/05 -52996 32965 20031
06/05 -67052 39107 27945
06/05 -88090 56861 31229
06/05 -144062 108510 35552
06/05 -165574 129931 35643
07/05 -140341 104874 35467
07/05 -110908 73722 37186
07/05 -84048 54111 29937
07/05 -82809 49022 33787
08/05 -99807 65569 34238
08/05 -150830 117699 33131
08/05 -193366 157607 35759
08/05 -193874 159687 34187
08/05 -139650 109833 29817
09/05 -148617 115252 33365
09/05 -158789 126798 31991
09/05 -187077 158126 28951
09/05 -194114 166100 28014
10/05 -202724 171498 31226
10/05 -212714 177410 35304
10/05 -199507 170424 29083
10/05 -180791 153352 27439
11/05 -160331 130568 29763
11/05 -150416 123111 27305
11/05 -154279 129686 24593
11/05 -180241 162982 17259
11/05 -180519 158905 21614
12/05 -190292 167413 22879
12/05 -180730 156331 24399
12/05 -189531 156170 33361
12/05 -189234 154522 34712
01/06 -187308 150962 36346
01/06 -180209 145806 34403
01/06 -181991 148479 33512
01/06 -175005 142849 32156
01/06 -167282 139250 28032
02/06 -154438 127349 27089
02/06 -149205 118914 30291
02/06 -149953 118684 31269
02/06 -156861 127370 29491
03/06 -149751 120889 28862
03/06 -130336 95940 34396
03/06 -135802 104264 31538
03/06 -149712 120586 29126
04/06 -170915 132208 38707
04/06 -165949 124332 41617
04/06 -172524 130294 42230
04/06 -166855 129378 37477
05/06 -171720 130288 41432
05/06 -171333 133936 37397
05/06 -163150 126157 36993
05/06 -149003 111098 37905
05/06 -139309 101487 37822
06/06 -129369 95896 33473
06/06 -134401 99287 35114
06/06 -122271 90221 32050
06/06 -116241 85624 30617
07/06 -122167 91920 30247
07/06 -132047 101929 30118
07/06 -140091 107374 32717
07/06 -139489 101555 37934
08/06 -138433 102761 35672
08/06 -141925 106098 35827
08/06 -135129 100544 34585
08/06 -128073 95948 32125
08/06 -117245 87716 29529
09/06 -131265 98334 32931
09/06 -110695 84222 26473
09/06 -101925 77868 24057
09/06 -95365 71244 24121
10/06 -91994 69434 22560
10/06 -82602 62449 20153
10/06 -83138 61259 21879
10/06 -80509 56050 24459
10/06 -91896 64716 27180
11/06 -114456 81166 33290
11/06 -123521 88834 34687
11/06 -118976 84293 34683
11/06 -117724 79866 37858
12/06 -120168 83639 36529
12/06 -116282 81829 34453
12/06 -101732 69893 31839
12/06 -103068 68092 34976
01/07 -112447 77883 34564
01/07 -81674 52868 28806
01/07 -92109 62950 29159
01/07 -118577 84501 34076
01/07 -135611 100345 35266
02/07 -146664 108546 38118
02/07 -165464 124750 40714
02/07 -168150 129933 38217
02/07 -183750 142092 41658
03/07 -137311 101698 35613
03/07 -130916 96342 34574
03/07 -129894 93424 36470
03/07 -138524 95123 43401
04/07 -129498 93945 35553
04/07 -153204 112956 40248
04/07 -174598 135358 39240
04/07 -171773 133842 37931
05/07 -166153 130445 35708
05/07 -172464 136286 36178
05/07 -147293 113898 33395
05/07 -124216 95815 28401
05/07 -118695 94897 23798
06/07 -136396 107617 28779
06/07 -98005 75896 22109
06/07 -109220 81605 27615
06/07 -83584 63077 20507
07/07 -91232 65662 25570
07/07 -103185 72220 30965
07/07 -112508 79719 32789
07/07 -161602 122930 38672
07/07 -112644 80889 31755
08/07 -121246 89371 31875
08/07 -125894 94211 31683
08/07 -91994 68930 23064
08/07 -98864 77211 21653
09/07 -124354 96980 27374
09/07 -160922 126669 34253
09/07 -175264 141650 33614
09/07 -208012 174045 33967
10/07 -212031 175895 36136
10/07 -227021 190696 36325
10/07 -239096 201859 37237
10/07 -222769 186304 36465
10/07 -235133 198606 36527
11/07 -240009 202125 37884
11/07 -226417 190785 35632
11/07 -209625 172390 37235
11/07 -205324 175081 30243
12/07 -204898 167524 37374
12/07 -210743 171774 38969
12/07 -209607 170273 39334
12/07 -221531 184375 37156
12/07 -238412 199438 38974
01/08 -246690 205404 41286
01/08 -251114 212047 39067
01/08 -243027 205075 37952
01/08 -245001 205780 39221
02/08 -241581 203742 37839
02/08 -243600 206596 37004
02/08 -252740 212259 40481
02/08 -252275 209363 42912
03/08 -240109 195780 44329
03/08 -243258 196343 46915
03/08 -239128 192009 47119
03/08 -206125 175742 30383
04/08 -193068 161278 31790
04/08 -194572 165393 29179
04/08 -205112 171977 33135
04/08 -199599 167623 31976
04/08 -185482 160648 24834
05/08 -182728 155967 26761
05/08 -177597 152938 24659
05/08 -215181 182119 33062
05/08 -218285 191512 26773
06/08 -202171 170211 31960
06/08 -183081 151248 31833
06/08 -183440 151190 32250
06/08 -186756 153538 33218
07/08 -227027 187679 39348
07/08 -228660 189602 39058
07/08 -246577 202783 43794
07/08 -237061 194653 42408
07/08 -219671 182319 37352
08/08 -198917 163728 35189
08/08 -155813 130660 25153
08/08 -130154 112366 17788
08/08 -121919 105279 16640
09/08 -108031 93191 14840
09/08 -93984 82655 11329
09/08 -103022 90291 12731
09/08 -141276 121016 20260
09/08 -140838 117786 23052
10/08 -131307 111613 19694
10/08 -125743 106825 18918
10/08 -108793 99202 9591
10/08 -85076 78315 6761
11/08 -76406 68195 8211
11/08 -69496 63959 5537
11/08 -71116 64829 6287
11/08 -93235 81872 11363
12/08 -94288 84369 9919
12/08 -94872 83155 11717
12/08 -123111 108249 14862
12/08 -132797 119788 13009
12/08 -142773 125961 16812
01/09 -149482 133604 15878
01/09 -141563 127618 13945
01/09 -138931 123937 14994
01/09 -158376 141114 17262
02/09 -177589 155306 22283
02/09 -188712 163622 25090
02/09 -196360 165921 30439
02/09 -190936 161865 29071
03/09 -188401 159293 29108
03/09 -172851 144788 28063
03/09 -175684 150395 25289
03/09 -181289 151927 29362
03/09 -181926 154859 27067
04/09 -153223 127812 25411
04/09 -153509 129895 23614
04/09 -149608 128367 21241
04/09 -153419 129100 24319
05/09 -160445 129991 30454
05/09 -171180 138877 32303
05/09 -183065 149584 33481
05/09 -208136 177308 30828
06/09 -226521 187340 39181
06/09 -225047 189674 35373
06/09 -207368 175543 31825
06/09 -194430 166294 28136
06/09 -197818 164186 33632
07/09 -191307 164144 27163
07/09 -182287 158804 23483
07/09 -204226 173302 30924
07/09 -202521 172771 29750
08/09 -228193 193514 34679
08/09 -222905 190086 32819
08/09 -204545 177530 27015
08/09 -211342 182982 28360
09/09 -216708 184501 32207
09/09 -270797 224676 46121
09/09 -284661 235647 49014
09/09 -287610 236749 50861
09/09 -275234 231386 43848
10/09 -281864 239668 42196
10/09 -295926 253955 41971
10/09 -297493 250107 47386
10/09 -283479 241777 41702
11/09 -283852 241319 42533
11/09 -282784 238060 44724
11/09 -281546 235697 45849
11/09 -306104 262331 43773
12/09 -308231 259064 49167
12/09 -299186 254429 44757
12/09 -303791 256108 47683
12/09 -285665 238076 47589
12/09 -278942 230490 48452
01/10 -278551 227767 50784
01/10 -282488 229342 53146
01/10 -273647 221469 52178
01/10 -248618 211924 36694
02/10 -244579 210169 34410
02/10 -213427 181519 31908
02/10 -219878 188858 31020
02/10 -238044 200622 37422
03/10 -251537 207372 44165
03/10 -251787 208194 43593
03/10 -242295 200346 41949
03/10 -223823 183872 39951
03/10 -207691 173766 33925
04/10 -244906 203446 41460
04/10 -263484 220742 42742
04/10 -257396 210651 46745
04/10 -265522 225668 39854
05/10 -271586 230547 41039
05/10 -282644 235825 46819
05/10 -279744 231670 48074
05/10 -268379 227691 40688
06/10 -267623 224546 43077
06/10 -273577 227398 46179
06/10 -278944 230251 48693
06/10 -288916 238634 50282
06/10 -289956 244725 45231
07/10 -249142 209042 40100
07/10 -248348 204921 43427
07/10 -215664 178307 37357
07/10 -227555 188901 38654
08/10 -222029 185515 36514
08/10 -230980 190687 40293
08/10 -249570 204228 45342
08/10 -264300 221191 43109
08/10 -284561 238077 46484
09/10 -287680 239697 47983
09/10 -292939 244261 48678
09/10 -292308 244013 48295
09/10 -302740 257649 45091
10/10 -299498 259620 39878
10/10 -300022 255874 44148
10/10 -293082 249752 43330
10/10 -282435 239086 43349
11/10 -276612 230228 46384
11/10 -290953 246179 44774
11/10 -264908 218479 46429
11/10 -263893 221329 42564
11/10 -270469 227607 42862
12/10 -278673 232751 45922
12/10 -268135 220195 47940
12/10 -251808 206424 45384
12/10 -259770 215788 43982
01/11 -254582 202318 52264
01/11 -225064 177372 47692
01/11 -206471 164993 41478
01/11 -197483 160589 36894
02/11 -193197 151194 42003
02/11 -209911 167093 42818
02/11 -218626 172844 45782
02/11 -231806 180424 51382
03/11 -250596 197253 53343
03/11 -247464 190940 56524
03/11 -220154 174571 45583
03/11 -224799 174837 49962
03/11 -240769 193121 47648
04/11 -258665 204706 53959
04/11 -253688 201745 51943
04/11 -266548 214926 51622
04/11 -248994 201266 47728
05/11 -240102 192656 47446
05/11 -221581 176339 45242
05/11 -206949 164603 42346
05/11 -217237 172394 44843
05/11 -240508 191774 48734
06/11 -247684 198708 48976
06/11 -237429 191695 45734
06/11 -251247 203227 48020
06/11 -208755 165902 42853
07/11 -202002 157775 44227
07/11 -244249 197597 46652
07/11 -263814 219297 44517
07/11 -282973 235617 47356
08/11 -287634 247175 40459
08/11 -249206 203573 45633
08/11 -248847 200086 48761
08/11 -230436 187681 42755
08/11 -217355 176947 40408
09/11 -227714 184371 43343
09/11 -210468 168847 41621
09/11 -197628 150529 47099
09/11 -166683 127801 38882
10/11 -164751 133156 31595
10/11 -168478 134502 33976
10/11 -159153 126978 32175
10/11 -168114 129721 38393
11/11 -182400 139945 42455
11/11 -196935 155707 41228
11/11 -204163 159214 44949
11/11 -192413 160970 31443
11/11 -193545 154793 38752
12/11 -201500 159711 41789
12/11 -186217 150503 35714
12/11 -164554 133936 30618
12/11 -163932 130788 33144
01/12 -161843 130971 30872
01/12 -166574 132760 33814
01/12 -172976 136029 36947
01/12 -179768 142223 37545
01/12 -209862 171359 38503
02/12 -221072 177507 43565
02/12 -209408 167420 41988
02/12 -229302 180961 48341
02/12 -245351 193220 52131
03/12 -200208 163265 36943
03/12 -191688 150906 40782
03/12 -166138 131463 34675
03/12 -185076 147821 37255
04/12 -177464 141765 35699
04/12 -171049 136653 34396
04/12 -176091 142005 34086
04/12 -167237 134994 32243
05/12 -178003 140393 37610
05/12 -151455 123303 28152
05/12 -138917 114142 24775
05/12 -135598 115151 20447
05/12 -130709 110712 19997
06/12 -156122 128864 27258
06/12 -158790 132315 26475
06/12 -163691 136404 27287
06/12 -144160 122619 21541
07/12 -166637 137215 29422
07/12 -152766 126235 26531
07/12 -158819 128959 29860
07/12 -136245 112977 23268
07/12 -156012 126064 29948
08/12 -146418 115500 30918
08/12 -143940 114304 29636
08/12 -171222 130684 40538
08/12 -203624 158491 45133
09/12 -219386 170464 48922
09/12 -237091 182016 55075
09/12 -249633 191115 58518
09/12 -262355 203896 58459
10/12 -269270 208326 60944
10/12 -266988 211949 55039
10/12 -247383 194020 53363
10/12 -232665 182043 50622
10/12 -222764 170222 52542
11/12 -207742 160173 47569
11/12 -224795 171594 53201
11/12 -236064 180815 55249
11/12 -258712 200407 58305
12/12 -217596 165736 51860
12/12 -214880 163699 51181
12/12 -202134 157781 44353
12/12 -187664 150096 37568
12/12 -188659 148519 40140
01/13 -178472 142808 35664
01/13 -185113 145116 39997
01/13 -195950 151897 44053
01/13 -167097 126948 40149
02/13 -174607 137465 37142
02/13 -160653 126835 33818
02/13 -132082 103651 28431
02/13 -137620 116599 21021
03/13 -133798 107587 26211
03/13 -142121 114507 27614
03/13 -162364 135610 26754
03/13 -158473 132446 26027
04/13 -142522 120206 22316
04/13 -143802 119359 24443
04/13 -141929 128882 13047
04/13 -104388 104255 133
04/13 -95563 97052 -1489
05/13 -87719 89423 -1704
05/13 -84146 83726 420
05/13 -84122 80259 3863
05/13 -59221 56879 2342
06/13 -61652 61200 452
06/13 -58322 59005 -683
06/13 -44115 43692 423
06/13 -35208 34152 1056
07/13 -22776 20751 2025
07/13 -19041 16557 2484
07/13 -24607 23462 1145
07/13 -34696 34191 505
07/13 -25774 28366 -2592
08/13 -54159 51635 2524
08/13 -60874 53926 6948
08/13 -67665 60396 7269
08/13 -87638 78289 9349
09/13 -92461 78191 14270
09/13 -80224 68724 11500
09/13 -65337 58796 6541
09/13 -71527 67139 4388
10/13 -78128 73047 5081
10/13 -90416 82317 8099
10/13 -64824 61933 2891
10/13 -82148 76665 5483
10/13 -106787 100236 6551
11/13 -93900 91136 2764
11/13 -65785 61352 4433
11/13 -51515 48120 3395
11/13 -28236 26555 1681
12/13 -22299 22691 -392
12/13 -28962 26380 2582
12/13 -27099 25904 1195
12/13 -26518 27339 -821
12/13 -33021 32223 798
01/14 -41884 38887 2997
01/14 -45255 44013 1242
01/14 -46091 46583 -492
01/14 -64979 66341 -1362
02/14 -65782 64939 843
02/14 -72654 71201 1453
02/14 -91751 84631 7120
02/14 -116663 109464 7199
03/14 -121149 115166 5983
03/14 -125367 118890 6477
03/14 -145934 136814 9120
03/14 -127621 117317 10304
04/14 -114029 100145 13884
04/14 -101743 88599 13144
04/14 -87605 79292 8313
04/14 -90526 81833 8693
04/14 -97171 85227 11944
05/14 -110471 97956 12515
05/14 -102321 91634 10687
05/14 -106010 96491 9519
05/14 -78638 73391 5247
06/14 -63444 59151 4293
06/14 -63150 61127 2023
06/14 -78325 78295 30
06/14 -131607 120859 10748
07/14 -160455 146025 14430
07/14 -166003 150021 15982
07/14 -156906 142458 14448
07/14 -160191 146146 14045
07/14 -148932 139153 9779
08/14 -131642 121463 10179
08/14 -160687 147681 13006
08/14 -147662 137976 9686
08/14 -123548 113169 10379
09/14 -103707 96879 6828
09/14 -97955 95141 2814
09/14 -76243 72187 4056
09/14 -64319 63884 435
09/14 -60729 64870 -4141
10/14 -63407 66447 -3040
10/14 -78823 85415 -6592
10/14 -104898 107984 -3086
10/14 -98864 100739 -1875
11/14 -55307 63225 -7918
11/14 -50024 56043 -6019
11/14 -70997 81422 -10425
11/14 -68485 76207 -7722
12/14 -89408 89330 78
12/14 -116601 114862 1739
12/14 -115091 118408 -3317
12/14 -105225 110910 -5685
12/14 -113134 115837 -2703
01/15 -122672 122178 494
01/15 -137676 130226 7450
01/15 -177810 162455 15355
01/15 -206160 188925 17235
02/15 -203273 185015 18258
02/15 -170591 155274 15317
02/15 -143635 131734 11901
02/15 -135694 126171 9523
03/15 -123387 115820 7567
03/15 -89342 81892 7450
03/15 -56490 53093 3397
03/15 -52925 54281 -1356
03/15 -81115 80019 1096
04/15 -108289 100757 7532
04/15 -103593 98397 5196
04/15 -105006 101245 3761
04/15 -106872 101257 5615
05/15 -74162 72440 1722
05/15 -77502 77440 62
05/15 -132334 122621 9713
05/15 -109720 104694 5026
06/15 -108150 104410 3740
06/15 -78589 75090 3499
06/15 -76637 75723 914
06/15 -100888 95114 5774
06/15 -74769 67155 7614
07/15 -52589 50448 2141
07/15 -48469 47824 645
07/15 -21584 28279 -6695
07/15 -15266 24465 -9199
08/15 -14820 29900 -15080
08/15 -24458 32442 -7984
08/15 -29948 41659 -11711
08/15 -62636 70733 -8097
09/15 -69088 72685 -3597
09/15 -55979 59293 -3314
09/15 -32979 39547 -6568
09/15 -57228 61125 -3897
09/15 -73143 76645 -3502
10/15 -88469 86819 1650
10/15 -118494 117159 1335
10/15 -163300 151301 11999
10/15 -165848 157434 8414
11/15 -124988 116342 8646
11/15 -71894 68389 3505
11/15 -28473 34399 -5926
11/15 -11983 16302 -4319
12/15 -2911 9750 -6839
12/15 -13997 19623 -5626
12/15 -8266 13656 -5390
12/15 -22251 26427 -4176
12/15 -15335 19102 -3767
01/16 -19275 26560 -7285
01/16 -43585 44718 -1133
01/16 -40143 43694 -3551
01/16 -59833 59040 793
02/16 -77355 72822 4533
02/16 -104923 98428 6495
02/16 -131984 117360 14624
02/16 -163149 144978 18171
03/16 -171431 152413 19018
03/16 -195372 174810 20562
03/16 -185531 169512 16019
03/16 -199994 178831 21163
03/16 -207964 189806 18158
04/16 -207245 190400 16845
04/16 -231787 213807 17980
04/16 -240121 216837 23284
04/16 -240108 220857 19251
05/16 -294901 271648 23253
05/16 -284996 264898 20098
05/16 -290243 266288 23955
05/16 -225213 206632 18581
05/16 -214038 197135 16903
06/16 -243692 228619 15073
06/16 -298077 279862 18215
06/16 -312137 292729 19408
06/16 -326321 301920 24401
07/16 -340207 315963 24244
07/16 -325452 297463 27989
07/16 -315477 285911 29566
07/16 -309023 278955 30068
08/16 -324027 294183 29844
08/16 -312941 286447 26494
08/16 -310993 283851 27142
08/16 -317475 294609 22866
08/16 -301213 276341 24872
09/16 -329973 307860 22113
09/16 -311371 285413 25958
09/16 -290615 256179 34436
09/16 -314594 291904 22690
10/16 -271242 245508 25734
10/16 -221199 195219 25980
10/16 -202671 179618 23053
10/16 -217599 196980 20619
11/16 -239251 215131 24120
11/16 -245586 217238 28348
11/16 -199966 177660 22306
11/16 -192172 167085 25087
11/16 -167823 151570 16253
12/16 -154944 136380 18564
12/16 -149886 129311 20575
12/16 -134022 114834 19188
12/16 -120967 98343 22624
01/17 -117612 96550 21062
01/17 -125816 109482 16334
01/17 -123111 107041 16070
01/17 -126374 109407 16967
01/17 -131803 119155 12648
02/17 -134146 117149 16997
02/17 -127788 109752 18036
02/17 -139564 123763 15801
02/17 -179907 163798 16109
03/17 -152648 133685 18963
03/17 -123287 106038 17249
03/17 -128997 116252 12745
03/17 -152114 137820 14294
04/17 -171016 155436 15580
04/17 -187364 172666 14698
04/17 -211064 195768 15296
04/17 -214580 200677 13903
05/17 -203986 189634 14352
05/17 -164422 150006 14416
05/17 -142859 126724 16135
05/17 -174291 159767 14524
05/17 -183219 167090 16129
06/17 -216354 204465 11889
06/17 -203611 190274 13337
06/17 -165016 150675 14341
06/17 -149863 131672 18191
07/17 -107226 93799 13427
07/17 -73916 60260 13656
07/17 -73635 60138 13497
07/17 -103343 90831 12512
08/17 -143385 129672 13713
08/17 -159511 148837 10674
08/17 -196631 187734 8897
08/17 -219918 208438 11480
08/17 -248029 231047 16982
09/17 -261807 245298 16509
09/17 -272098 254760 17338
09/17 -253041 236089 16952
09/17 -233471 212594 20877
10/17 -224423 203855 20568
10/17 -222997 200112 22885
10/17 -221624 200724 20900
10/17 -210653 191385 19268
10/17 -210648 193095 17553
11/17 -215287 195790 19497
11/17 -215791 195084 20707
11/17 -225056 201827 23229
11/17 -246541 224417 22124
12/17 -189890 173329 16561
12/17 -119463 107068 12395
12/17 -128217 113795 14422
12/17 -149469 135948 13521
01/18 -177600 163268 14332
01/18 -220271 203288 16983
01/18 -232507 211711 20796
01/18 -234552 214684 19868
01/18 -225076 207262 17814
02/18 -205451 190877 14574
02/18 -194536 175606 18930
02/18 -214878 190922 23956
02/18 -199796 178718 21078
03/18 -204903 183823 21080
03/18 -188810 167948 20862
03/18 -167270 148731 18539
03/18 -226360 203354 23006
04/18 -188865 166589 22276
04/18 -175652 155372 20280
04/18 -185262 163069 22193
04/18 -161800 136646 25154
05/18 -131872 106779 25093
05/18 -134984 107440 27544
05/18 -118089 92443 25646
05/18 -115575 90957 24618
05/18 -136689 115130 21559
06/18 -134347 111416 22931
06/18 -140587 120240 20347
06/18 -114124 96512 17612
06/18 -94963 76672 18291
07/18 -93150 78327 14823
07/18 -100394 81434 18960
07/18 -73635 57841 15794
07/18 -65668 48597 17071
07/18 -47918 35337 12581
08/18 -25609 12688 12921
08/18 -7350 -3688 11038
08/18 -1685 -8710 10395
08/18 -8262 -3063 11325
09/18 6525 -13497 6972
09/18 13 -7590 7577
09/18 1691 -10844 9153
09/18 7080 -17648 10568
10/18 8875 -21822 12947
10/18 25866 -38175 12309
10/18 -31996 17667 14329
10/18 -46520 29388 17132
10/18 -31205 13194 18011
11/18 -38136 19026 19110
11/18 -1823 -9247 11070
11/18 -23140 8896 14244
11/18 -16100 1871 14229
12/18 -58249 49001 9248
12/18 -77368 60499 16869
12/18 -92675 75960 16715
12/18 -128219 110985 17234
12/18 -144614 123772 20842
01/19 -121187 99216 21971
01/19 -108113 87913 20200
01/19 -92077 74504 17573
01/19 -118609 99593 19016
02/19 -131242 109095 22147
02/19 -126111 104874 21237
02/19 -166477 145647 20830
02/19 -159845 135696 24149
03/19 -113997 88018 25979
03/19 -108474 78819 29655
03/19 -115659 88396 27263
03/19 -151434 119938 31496
04/19 -118230 94556 23674
04/19 -132809 105364 27445
04/19 -78430 56273 22157
04/19 -57396 37395 20001
04/19 -88312 66219 22093
05/19 -96359 75411 20948
05/19 -137183 124536 12647
05/19 -107938 88805 19133
05/19 -109954 86688 23266
06/19 -172576 156115 16461
06/19 -202027 184238 17789
06/19 -223855 204323 19532
06/19 -260150 236554 23596
07/19 -286822 258946 27876
07/19 -278416 244763 33653
07/19 -277408 245501 31907
07/19 -287839 251250 36589
07/19 -287967 254388 33579
08/19 -324325 292545 31780
08/19 -323727 290090 33637
08/19 -336250 299993 36257
08/19 -333806 296838 36968
09/19 -337741 300547 37194
09/19 -305611 269725 35886
09/19 -318399 282599 35800
09/19 -345145 312444 32701
10/19 -303688 268993 34695
10/19 -310942 275563 35379
10/19 -288275 253027 35248
10/19 -295357 259132 36225
10/19 -301216 276515 24701
11/19 -317138 279828 37310
11/19 -301468 267066 34402
11/19 -319095 285859 33236
11/19 -305467 271634 33833
12/19 -322787 290705 32082
12/19 -302283 270920 31363
12/19 -318619 286275 32344
12/19 -340396 305652 34744
12/19 -366491 327925 38566
12/20 0 1117 -1117
12/20 0 -6586 6586
01/20 -356081 322291 33790
01/20 -349819 319235 30584
01/20 -351903 317695 34208
01/20 -360814 330092 30722
02/20 -331687 299806 31881
02/20 -337791 307974 29817
02/20 -385612 353649 31963
02/20 -375621 335865 39756
03/20 -351011 319733 31278
03/20 -328304 299531 28773
03/20 -301709 281916 19793
03/20 -311823 288366 23457
03/20 -283959 258849 25110
04/20 -275611 248942 26669
04/20 -280408 252501 27907
04/20 -280073 249571 30502
04/20 -293629 262729 30900
05/20 -281636 250004 31632
05/20 -278533 242828 35705
05/20 -290174 251788 38386
05/20 -274322 237914 36408
06/20 -256623 219034 37589
06/20 -243457 208613 34844
06/20 -258020 224348 33672
06/20 -287292 251957 35335
06/20 -301463 266670 34793
07/20 -302592 267358 35234
07/20 -302018 262428 39590
07/20 -303859 266436 37423
07/20 -278377 236801 41576
08/20 -276345 238746 37599
08/20 -268331 224053 44278
08/20 -267771 223518 44253
08/20 -266445 221038 45407
09/20 -277406 230796 46610
09/20 -281040 236473 44567
09/20 -285186 240977 44209
09/20 -266408 219060 47348
09/20 -286178 243659 42519
10/20 -288468 248587 39881
10/20 -284655 240671 43984
10/20 -294124 249604 44520
10/20 -296462 248634 47828
11/20 -289338 242909 46429
11/20 -283423 239736 43687
11/20 -294572 251270 43302
11/20 -284829 243902 40927
12/20 -293263 260314 32949
12/20 -300723 269220 31503
12/20 -306342 271584 34758
12/20 -315099 278196 36903
12/20 -307254 268872 38382
05/21 0 -2884 2884
08/21 0 5579 -5579
09/21 0 -1265 1265
11/21 0 -4908 4908
11/21 0 -10696 10696
01/21 -320923 279318 41605
01/21 -290301 246227 44074
01/21 -287467 246638 40829
01/21 -298948 257546 41402
02/21 -297957 257126 40831
02/21 -292195 251407 40788
02/21 -275078 234969 40109
02/21 -251729 215733 35996
03/21 -222203 189638 32565
03/21 -207880 175163 32717
03/21 -209475 180196 29279
03/21 -201803 174067 27736
03/21 -193726 167528 26198
04/21 -214799 189509 25290
04/21 -208788 180874 27914
04/21 -213193 181498 31695
04/21 -207177 170619 36558
05/21 -201923 170741 31182
05/21 -227084 192255 34829
05/21 -232901 198889 34012
05/21 -250869 214642 36227
06/21 -248175 213701 34474
06/21 -244806 209387 35419
06/21 -231226 192036 39190
06/21 -202382 166214 36168
06/21 -195120 162226 32894
07/21 -214726 182821 31905
07/21 -221028 190836 30192
07/21 -228548 195972 32576
07/21 -228814 199388 29426
08/21 -231284 196335 34949
08/21 -195641 168406 27235
08/21 -214000 191542 22458
08/21 -234678 210653 24025
08/21 -240512 216550 23962
09/21 -235808 206039 29769
09/21 -234251 207760 26491
09/21 -212644 187647 24997
09/21 -190151 168399 21752
10/21 -203702 182582 21120
10/21 -207614 185539 22075
10/21 -219190 193349 25841
10/21 -239654 214560 25094
11/21 -239877 215129 24748
11/21 -275489 250181 25308
11/21 -287539 259780 27759
11/21 -267834 234411 33423
11/21 -258603 225860 32743
12/21 -245623 217185 28438
12/21 -231411 202401 29010
12/21 -236029 205811 30218
12/21 -245664 213156 32508
03/22 0 -6166 6166
03/22 0 -5792 5792
04/22 0 -1790 1790
04/22 0 -8152 8152
05/22 0 -10631 10631
05/22 0 -11933 11933
05/22 0 -11925 11925
09/22 0 3181 -3181
11/22 0 2400 -2400
01/22 -237458 211355 26103
01/22 -225073 199737 25336
01/22 -221068 194207 26861
01/22 -249746 220151 29595
02/22 -201342 172142 29200
02/22 -211434 186706 24728
02/22 -238875 213613 25262
02/22 -269722 243148 26574
03/22 -285809 257622 28187
03/22 -306946 274388 32558
03/22 -297441 261788 35653
03/22 -281595 248032 33563
03/22 -285937 257596 28341
04/22 -278758 245541 33217
04/22 -288093 254287 33806
04/22 -275525 239757 35768
04/22 -249294 218024 31270
05/22 -231852 199168 32684
05/22 -227756 193315 34441
05/22 -206879 175360 31519
05/22 -211947 183813 28134
05/22 -200056 172589 27467
06/22 -199886 175268 24618
06/22 -178569 154598 23971
06/22 -186929 163287 23642
06/22 -182007 157693 24314
07/22 -165585 145660 19925
07/22 -137788 118121 19667
07/22 -112262 94955 17307
07/22 -108422 92690 15732
08/22 -135565 124326 11239
08/22 -154554 142851 11703
08/22 -153709 141164 12545
08/22 -138072 125847 12225
08/22 -129679 117734 11945
09/22 -114064 103857 10207
09/22 -110938 97344 13594
09/22 -75428 65722 9706
09/22 -62138 52081 10057
10/22 -96548 88385 8163
10/22 -103728 94420 9308
10/22 -90030 76956 13074
10/22 -80213 68032 12181
11/22 -74782 64623 10159
11/22 -91144 82338 8806
11/22 -134308 126269 8039
11/22 -130064 116113 13951
11/22 -119233 110003 9230
12/22 -130079 115125 14954
12/22 -138529 125649 12880
12/22 -142514 128848 13666
12/22 -153776 136880 16896
01/23 0 7876 -7876
03/23 -285 -204 489
04/23 -353 759 -406
05/23 -398 2580 -2182
08/23 0 -2356 2356
09/23 0 -3667 3667
09/23 0 -1728 1728
10/23 0 -9770 9770
10/23 0 -7812 7812
10/23 0 -1008 1008
10/23 0 1963 -1963
10/23 0 364 -364
11/23 0 379 -379
11/23 0 -1626 1626
11/23 0 2383 -2383
11/23 0 12496 -12496
12/23 0 1911 -1911
12/23 0 -756 756
01/23 -159974 141666 18308
01/23 -172478 150535 21943
01/23 -175913 153240 22673
01/23 -180554 157673 22881
01/23 -180520 160281 20239
02/23 -152966 128815 24151
02/23 -129072 105529 23543
02/23 -129355 107101 22254
02/23 -127487 108593 18894
03/23 -118920 98474 20446
03/23 -155440 140331 15109
03/23 -183568 158605 24963
03/23 -201508 181630 19878
04/23 -218250 195216 23034
04/23 -216548 192745 23803
04/23 -216425 189893 26532
04/23 -211928 185264 26664
05/23 -217584 195567 22017
05/23 -222515 195814 26701
05/23 -211557 179814 31743
05/23 -187023 160732 26291
05/23 -190005 169316 20689
06/23 -198187 175641 22546
06/23 -186062 160209 25853
06/23 -186537 162975 23562
06/23 -175335 151910 23425
07/23 -184717 163097 21620
07/23 -187749 165754 21995
07/23 -213715 193348 20367
07/23 -198210 173639 24571
08/23 -186845 164924 21921
08/23 -167554 142985 24569
08/23 -141930 121136 20794
08/23 -121036 101946 19090
08/23 -140594 123272 17322
09/23 -158239 138006 20233
09/23 -144810 123864 20946
09/23 -152932 135163 17769
09/23 -134836 115815 19021
10/23 -111982 91226 20756
10/23 -90428 71433 18995
10/23 -127999 112738 15261
10/23 -165873 149385 16488
10/23 -182707 163425 19282
11/23 -186091 166216 19875
11/23 -177019 155376 21643
11/23 -190235 171705 18530
11/23 -218592 200084 18508
12/23 -226945 203544 23401
12/23 -212808 188233 24575
12/23 -227058 201339 25719
12/23 -232345 207718 24627
01/24 0 -2210 2210
01/24 0 -2860 2860
01/24 0 -1668 1668
02/24 0 -1971 1971
03/24 0 4377 -4377
03/24 0 4612 -4612
03/24 0 4453 -4453
04/24 0 10952 -10952
04/24 0 11469 -11469
04/24 0 9671 -9671
04/24 0 82 -82
05/24 0 4089 -4089
05/24 0 4284 -4284
05/24 0 1248 -1248
06/24 -390 1786 -1396
06/24 0 2859 -2859
06/24 0 -136 136
07/24 0 -418 418
07/24 0 401 -401
07/24 0 6840 -6840
07/24 0 4152 -4152
08/24 0 9576 -9576
08/24 0 9429 -9429
08/24 0 8585 -8585
09/24 0 7353 -7353
09/24 0 9772 -9772
09/24 0 11457 -11457
09/24 0 16282 -16282
10/24 0 7528 -7528
10/24 0 3050 -3050
10/24 0 3203 -3203
01/24 -235478 207649 27829
01/24 -217701 188614 29087
01/24 -207420 179893 27527
01/24 -192093 169474 22619
01/24 -170518 147791 22727
02/24 -180241 161738 18503
02/24 -152980 131168 21812
02/24 -159411 140262 19149
02/24 -158352 141636 16716
03/24 -206792 191293 15499
03/24 -218273 201602 16671
03/24 -217530 201602 15928
03/24 -218340 199294 19046
04/24 -225714 207250 18464
04/24 -224582 202419 22163
04/24 -222758 201923 20835
04/24 -226872 202891 23981
04/24 -227498 204210 23288
05/24 -227266 199567 27699
05/24 -232110 204496 27614
05/24 -258663 229806 28857
05/24 -260950 236585 24365
06/24 -265931 237302 28629
06/24 -260511 233926 26585
06/24 -267730 243084 24646
06/24 -271488 246229 25259
07/24 -264799 241543 23256
07/24 -280629 254775 25854
07/24 -309304 285024 24280
07/24 -300925 273074 27851
07/24 -272857 246601 26256
08/24 -269034 238749 30285
08/24 -292502 267264 25238
08/24 -316506 291253 25253
08/24 -322319 294445 27874
09/24 -311887 287558 24329
09/24 -306899 282501 24398
09/24 -335127 310066 25061
09/24 -339706 315390 24316
10/24 -327524 299931 27593
10/24 -303976 278180 25796
10/24 -312658 286434 26224
01/24 0 -2210 2210
01/24 0 -2860 2860
01/24 0 -1668 1668
02/24 0 -1971 1971
03/24 0 4377 -4377
03/24 0 4612 -4612
03/24 0 4453 -4453
04/24 0 10952 -10952
04/24 0 11469 -11469
04/24 0 9671 -9671
04/24 0 82 -82
05/24 0 4089 -4089
05/24 0 4284 -4284
05/24 0 1248 -1248
06/24 -390 1786 -1396
06/24 0 2859 -2859
06/24 0 -136 136
07/24 0 -418 418
07/24 0 401 -401
07/24 0 6840 -6840
07/24 0 4152 -4152
08/24 0 9576 -9576
08/24 0 9429 -9429
08/24 0 8585 -8585
09/24 0 7353 -7353
09/24 0 9772 -9772
09/24 0 11457 -11457
09/24 0 16282 -16282
10/24 0 7528 -7528
10/24 0 3050 -3050
10/24 0 3203 -3203
10/24 0 8545 -8545
01/24 -235478 207649 27829
01/24 -217701 188614 29087
01/24 -207420 179893 27527
01/24 -192093 169474 22619
01/24 -170518 147791 22727
02/24 -180241 161738 18503
02/24 -152980 131168 21812
02/24 -159411 140262 19149
02/24 -158352 141636 16716
03/24 -206792 191293 15499
03/24 -218273 201602 16671
03/24 -217530 201602 15928
03/24 -218340 199294 19046
04/24 -225714 207250 18464
04/24 -224582 202419 22163
04/24 -222758 201923 20835
04/24 -226872 202891 23981
04/24 -227498 204210 23288
05/24 -227266 199567 27699
05/24 -232110 204496 27614
05/24 -258663 229806 28857
05/24 -260950 236585 24365
06/24 -265931 237302 28629
06/24 -260511 233926 26585
06/24 -267730 243084 24646
06/24 -271488 246229 25259
07/24 -264799 241543 23256
07/24 -280629 254775 25854
07/24 -309304 285024 24280
07/24 -300925 273074 27851
07/24 -272857 246601 26256
08/24 -269034 238749 30285
08/24 -292502 267264 25238
08/24 -316506 291253 25253
08/24 -322319 294445 27874
09/24 -311887 287558 24329
09/24 -306899 282501 24398
09/24 -335127 310066 25061
09/24 -339706 315390 24316
10/24 -327524 299931 27593
10/24 -303976 278180 25796
10/24 -312658 286434 26224
10/24 -324701 296204 28497
