11/13 31853 -35200 3347
11/13 26512 -33816 7304
11/13 9166 -23370 14204
12/13 -6150 -12224 18374
12/13 -7170 -11011 18181
12/13 6020 -18777 12757
12/13 1507 -18928 17421
12/13 -11319 -9897 21216
01/14 6189 -20608 14419
01/14 20658 -30999 10341
01/14 8331 -24115 15784
01/14 -4422 -11878 16300
02/14 -16623 -3736 20359
02/14 -19685 -2304 21989
02/14 -23526 1645 21881
02/14 -36941 15336 21605
03/14 -36322 13573 22749
03/14 -24719 4593 20126
03/14 -8333 -4636 12969
03/14 -10662 -3766 14428
04/14 -4094 -7970 12064
04/14 -1260 -15671 16931
04/14 -670 -22037 22707
04/14 -10425 -12127 22552
04/14 -14299 -6826 21125
05/14 -6671 -11459 18130
05/14 -2149 -15253 17402
05/14 -8172 -10329 18501
05/14 -11819 -5797 17616
06/14 1118 -12118 11000
06/14 6873 -13645 6772
06/14 -9447 -9745 19192
06/14 -26132 4279 21853
07/14 -25607 7814 17793
07/14 -8570 -3404 11974
07/14 -1353 -4632 5985
07/14 8851 -11107 2256
07/14 978 -8644 7666
08/14 3855 -10203 6348
08/14 -6102 -2916 9018
08/14 -4429 2332 2097
08/14 -8555 1545 7010
09/14 -5492 76 5416
09/14 -1855 -2575 4430
09/14 2920 -2674 -246
09/14 9900 -7137 -2763
09/14 10183 -10037 -146
10/14 13332 -13887 555
10/14 16132 -18645 2513
10/14 23086 -22112 -974
10/14 25143 -26509 1366
11/14 23653 -28461 4808
11/14 21372 -27910 6538
11/14 18315 -22681 4366
11/14 21394 -21931 537
12/14 26368 -28569 2201
12/14 27588 -28613 1025
12/14 32090 -32731 641
12/14 27989 -28973 984
12/14 25903 -28451 2548
01/15 23752 -24287 535
01/15 28160 -28723 563
01/15 30626 -31669 1043
01/15 25922 -31390 5468
02/15 29439 -35683 6244
02/15 29048 -37031 7983
02/15 20587 -29800 9213
02/15 12991 -24781 11790
03/15 3844 -15408 11564
03/15 9828 -20750 10922
03/15 17964 -24468 6504
03/15 22867 -30494 7627
03/15 23693 -28922 5229
04/15 26919 -33796 6877
04/15 16659 -23939 7280
04/15 7446 -20616 13170
04/15 -164 -13954 14118
05/15 -3662 -10801 14463
05/15 -4442 -11289 15731
05/15 -12145 -5905 18050
05/15 -10882 -8056 18938
06/15 -13763 -5084 18847
06/15 -13243 -1337 14580
06/15 -13164 5359 7805
06/15 -20621 5419 15202
06/15 -16871 6012 10859
07/15 -2159 -586 2745
07/15 -7525 1848 5677
07/15 -10761 4514 6247
07/15 -15497 12557 2940
08/15 -9112 5549 3563
08/15 -4666 4524 142
08/15 -6453 1932 4521
08/15 1139 -2639 1500
09/15 5464 -5898 434
09/15 1520 -4799 3279
09/15 6203 -6316 113
09/15 9506 -7853 -1653
09/15 9312 -11072 1760
10/15 -80 -5131 5211
10/15 9273 -13275 4002
10/15 6173 -10195 4022
10/15 9861 -14652 4791
11/15 7742 -14711 6969
11/15 12880 -11028 -1852
11/15 20680 -17258 -3422
11/15 24198 -24693 495
12/15 20521 -18436 -2085
12/15 14120 -16212 2092
12/15 10179 -13366 3187
12/15 12232 -13696 1464
12/15 6201 -8576 2375
01/16 -2327 -3039 5366
01/16 -6496 5032 1464
01/16 -1370 -338 1708
01/16 -5992 4635 1357
02/16 -3361 2506 855
02/16 -1730 3486 -1756
02/16 -4925 3967 958
02/16 1151 -1493 342
03/16 3848 -5210 1362
03/16 710 -4079 3369
03/16 -2396 -3076 5472
03/16 -10041 -508 10549
03/16 -8435 1153 7282
04/16 -578 -216 794
04/16 -10445 4559 5886
04/16 -10136 1689 8447
04/16 -15991 4175 11816
05/16 -21114 7110 14004
05/16 -21525 8671 12854
05/16 -20797 8420 12377
05/16 -26837 11534 15303
05/16 -30174 12196 17978
06/16 -30968 9691 21277
06/16 -34555 14436 20119
06/16 -30579 14858 15721
06/16 -28229 14851 13378
07/16 -28365 13781 14584
07/16 -27769 15039 12730
07/16 -16223 10787 5436
07/16 -18666 12813 5853
08/16 -15649 12729 2920
08/16 -15477 8904 6573
08/16 -23121 14764 8357
08/16 -36451 20877 15574
08/16 -37836 21661 16175
09/16 -25318 17379 7939
09/16 -25435 17530 7905
09/16 -24812 16454 8358
09/16 -25401 18654 6747
10/16 -42670 26863 15807
10/16 -50995 28619 22376
10/16 -45421 25655 19766
10/16 -42760 27133 15627
11/16 -46212 33211 13001
11/16 -32258 27444 4814
11/16 -28887 24171 4716
11/16 -33638 25532 8106
11/16 -40536 31369 9167
12/16 -63919 48474 15445
12/16 -66855 49583 17272
12/16 -59667 41935 17732
12/16 -70802 48226 22576
01/17 -78923 54659 24264
01/17 -69158 46868 22290
01/17 -72401 49469 22932
01/17 -71095 47791 23304
01/17 -65819 47884 17935
02/17 -60111 44694 15417
02/17 -57027 37327 19700
02/17 -56128 36541 19587
02/17 -53489 37070 16419
03/17 -49106 37346 11760
03/17 -37300 31331 5969
03/17 -28538 25366 3172
03/17 -30312 25346 4966
04/17 -33617 26103 7514
04/17 -42180 30537 11643
04/17 -49682 32318 17364
04/17 -42077 32768 9309
05/17 -18517 16634 1883
05/17 -9550 12341 -2791
05/17 -12204 14983 -2779
05/17 -17626 16058 1568
05/17 -25032 17188 7844
06/17 -7925 8305 -380
06/17 3054 18 -3072
06/17 5282 653 -5935
06/17 9570 -5412 -4158
07/17 -1483 3775 -2292
07/17 -8057 6950 1107
07/17 -10130 9097 1033
07/17 -14909 9877 5032
08/17 -35018 22433 12585
08/17 -43995 25414 18581
08/17 -49234 33018 16216
08/17 -39473 25214 14259
08/17 -50212 31459 18753
09/17 -66307 41375 24932
09/17 -70917 44067 26850
09/17 -79092 48416 30676
09/17 -87367 59094 28273
10/17 -82500 55296 27204
10/17 -80569 52668 27901
10/17 -76502 51657 24845
10/17 -77001 50804 26197
10/17 -85540 56625 28915
11/17 -87264 59638 27626
11/17 -86936 62751 24185
11/17 -85796 62722 23074
11/17 -86174 62683 23491
12/17 -75678 55533 20145
12/17 -74214 50521 23693
12/17 -74138 51875 22263
12/17 -81437 57623 23814
01/18 -90618 63652 26966
01/18 -88995 64381 24614
01/18 -85561 60792 24769
01/18 -82694 57900 24794
01/18 -79428 55105 24323
02/18 -69765 47784 21981
02/18 -45223 28326 16897
02/18 -36961 21136 15825
02/18 -41435 21919 19516
03/18 -36277 18623 17654
03/18 -23765 7286 16479
03/18 -29832 13039 16793
03/18 -36643 14987 21656
04/18 -35908 14401 21507
04/18 -39233 14731 24502
04/18 -41306 22989 18317
04/18 -42538 22656 19882
05/18 -51862 26997 24865
05/18 -54036 32460 21576
05/18 -61819 42070 19749
05/18 -63355 42582 20773
05/18 -64161 45311 18850
06/18 -57957 38805 19152
06/18 -58177 34597 23580
06/18 -70794 51250 19544
06/18 -64450 47146 17304
07/18 -66547 49443 17104
07/18 -66746 51364 15382
07/18 -52344 40023 12321
07/18 -55986 41712 14274
07/18 -56979 42017 14962
08/18 -55577 38742 16835
08/18 -54025 37368 16657
08/18 -52863 35310 17553
08/18 -59951 39107 20844
09/18 -66106 45101 21005
09/18 -61241 40698 20543
09/18 -58386 42940 15446
09/18 -62810 44363 18447
10/18 -68408 48513 19895
10/18 -71670 47777 23893
10/18 -61173 43385 17788
10/18 -52548 37847 14701
10/18 -49398 34207 15191
11/18 -38985 28966 10019
11/18 -27403 17213 10190
11/18 -15393 7402 7991
11/18 -4848 -2291 7139
12/18 -1419 -5254 6673
12/18 -3452 -3939 7391
12/18 4820 -8087 3267
12/18 2399 -6807 4408
12/18 -1394 -5516 6910
01/19 597 -7768 7171
01/19 -2190 -5440 7630
01/19 -921 -8211 9132
01/19 79 -10176 10097
02/19 5099 -15713 10614
02/19 6086 -18378 12292
02/19 -1694 -12921 14615
02/19 -8529 -8828 17357
03/19 -6809 -12770 19579
03/19 -3869 -13169 17038
03/19 -3801 -12963 16764
03/19 -3750 -10202 13952
04/19 -1386 -12490 13876
04/19 -9178 -9742 18920
04/19 -9240 -11733 20973
04/19 -10498 -10552 21050
04/19 -7015 -12670 19685
05/19 -3192 -13032 16224
05/19 -4506 -14935 19441
05/19 -8335 -12083 20418
05/19 2472 -20387 17915
06/19 10859 -20716 9857
06/19 17001 -24056 7055
06/19 13037 -18302 5265
06/19 2093 -12335 10242
07/19 -1059 -9284 10343
07/19 -4223 -8334 12557
07/19 -5308 -5745 11053
07/19 -3111 -2716 5827
07/19 -12044 5105 6939
08/19 -8240 1874 6366
08/19 -5469 -1601 7070
08/19 -5295 -1131 6426
08/19 -8688 -933 9621
09/19 1446 -6439 4993
09/19 -8450 -2941 11391
09/19 -9129 -1690 10819
09/19 -6291 -5754 12045
10/19 -3592 -6982 10574
10/19 3701 -16105 12404
10/19 -1417 -9516 10933
10/19 -7454 -5103 12557
10/19 -17044 150 16894
11/19 -14402 -257 14659
11/19 -10334 -757 11091
11/19 -7044 -3028 10072
11/19 -15587 3108 12479
12/19 -9841 -2787 12628
12/19 -14340 185 14155
12/19 -18459 -507 18966
12/19 -21306 3046 18260
12/19 -24373 6428 17945
01/20 -18745 1265 17480
01/20 -2325 -12881 15206
01/20 -4724 -8417 13141
01/20 12738 -21159 8421
02/20 23330 -28838 5508
02/20 20163 -24283 4120
02/20 16275 -21010 4735
02/20 26921 -27637 716
03/20 24043 -26304 2261
03/20 20407 -23558 3151
03/20 12391 -13324 933
03/20 8032 -15849 7817
03/20 6808 -9987 3179
04/20 4585 -8639 4054
04/20 -3183 -4269 7452
04/20 1682 -6097 4415
04/20 -2426 -1495 3921
05/20 -7143 -460 7603
05/20 -4068 -1152 5220
05/20 -7607 1147 6460
05/20 -5496 2635 2861
06/20 -10777 2779 7998
06/20 -11315 3419 7896
06/20 -14452 6678 7774
06/20 -10118 4038 6080
06/20 -11381 3174 8207
07/20 -12359 4192 8167
07/20 -14314 5818 8496
07/20 -14671 7737 6934
07/20 -17952 10686 7266
08/20 -26583 15471 11112
08/20 -23163 13475 9688
08/20 -25074 15434 9640
08/20 -25514 15305 10209
09/20 -13727 10540 3187
09/20 -7268 6441 827
09/20 -6730 6248 482
09/20 -9085 4789 4296
09/20 -8839 7245 1594
10/20 -15284 8210 7074
10/20 -12817 4586 8231
10/20 -12931 5009 7922
10/20 -6671 -614 7285
11/20 -6453 3698 2755
11/20 -27216 15866 11350
11/20 -27355 14533 12822
11/20 -27657 13693 13964
12/20 -32912 20441 12471
12/20 -37185 22417 14768
12/20 -34462 19849 14613
12/20 -34237 17455 16782
12/20 -35407 18570 16837
01/21 -32183 15730 16453
01/21 -31281 10593 20688
01/21 -35301 13805 21496
01/21 -38559 18533 20026
02/21 -40806 19712 21094
02/21 -38676 14725 23951
02/21 -39202 15678 23524
02/21 -27849 4729 23120
03/21 -27855 5043 22812
03/21 -26719 6041 20678
03/21 -31801 9136 22665
03/21 -26743 8911 17832
03/21 -25348 7759 17589
04/21 -27007 9292 17715
04/21 -30227 12702 17525
04/21 -31912 11157 20755
04/21 -28658 5828 22830
05/21 -29058 3711 25347
05/21 -31564 6519 25045
05/21 -47170 22426 24744
05/21 -48134 24830 23304
06/21 -46094 22704 23390
06/21 -44687 21087 23600
06/21 -44803 23395 21408
06/21 -45201 24219 20982
06/21 -47067 25697 21370
07/21 -45718 24821 20897
07/21 -47473 22140 25333
07/21 -41789 24249 17540
07/21 -45608 26895 18713
08/21 -49343 28540 20803
08/21 -53298 33915 19383
08/21 -50962 32579 18383
08/21 -52546 34020 18526
08/21 -56707 38583 18124
09/21 -58920 37659 21261
09/21 -52569 29991 22578
09/21 -59051 35890 23161
09/21 -60357 36590 23767
10/21 -66885 37548 29337
10/21 -65644 39137 26507
10/21 -50250 26441 23809
10/21 -49635 25791 23844
11/21 -45844 22384 23460
11/21 -42921 20022 22899
11/21 -37010 17029 19981
11/21 -30997 15631 15366
11/21 -26834 11225 15609
12/21 -21351 8597 12754
12/21 -20481 4723 15758
12/21 -21060 4897 16163
12/21 -22803 3631 19172
01/22 -29819 7492 22327
01/22 -39484 15875 23609
01/22 -39935 14827 25108
01/22 -40959 18000 22959
02/22 -43137 15683 27454
