04/96 69 29 -98
05/96 0 544 -544
05/96 -166 783 -617
05/96 -134 716 -582
06/96 -186 853 -667
06/96 -161 956 -795
06/96 -220 1113 -893
06/96 -290 1397 -1107
07/96 -290 1452 -1162
07/96 -532 1712 -1180
07/96 -532 1887 -1355
07/96 -482 1964 -1482
07/96 -442 1963 -1521
08/96 -382 2169 -1787
08/96 -326 1882 -1556
08/96 -441 2193 -1752
08/96 -807 2355 -1548
09/96 -724 2337 -1613
09/96 -930 2751 -1821
09/96 -1229 3044 -1815
09/96 -1229 3881 -2652
10/96 -1438 4192 -2754
10/96 -2283 5595 -3312
10/96 -2105 5301 -3196
10/96 -1852 5109 -3257
10/96 -1398 3304 -1906
11/96 -1340 3264 -1924
11/96 -1986 4152 -2166
11/96 -1974 3562 -1588
11/96 -974 3417 -2443
12/96 -2423 3256 -833
12/96 -2192 2601 -409
12/96 -628 1809 -1181
12/96 -488 1675 -1187
12/96 -2514 3592 -1078
01/97 -2726 5281 -2555
01/97 -981 3656 -2675
01/97 -232 2660 -2428
01/97 -2094 2396 -302
02/97 -414 2027 -1613
02/97 -299 1810 -1511
02/97 -1034 2293 -1259
02/97 -1610 488 1122
03/97 -1520 654 866
03/97 600 -1113 513
03/97 4276 -2270 -2006
03/97 4083 189 -4272
04/97 3512 -657 -2855
04/97 931 1232 -2163
04/97 198 3324 -3522
04/97 -4033 5400 -1367
04/97 -4683 6271 -1588
05/97 -4280 6511 -2231
05/97 -5521 5975 -454
05/97 -2875 2760 115
05/97 -1505 1914 -409
06/97 444 -507 63
06/97 1811 -948 -863
06/97 3145 -860 -2285
06/97 3136 253 -3389
07/97 2700 178 -2878
07/97 945 2907 -3852
07/97 -21 2170 -2149
07/97 672 541 -1213
07/97 629 1897 -2526
08/97 -1452 3107 -1655
08/97 1553 395 -1948
08/97 1571 -1290 -281
08/97 2642 -946 -1696
09/97 3606 -718 -2888
09/97 2354 -1653 -701
09/97 3492 -1567 -1925
09/97 3056 -982 -2074
09/97 1072 -17 -1055
10/97 3600 -2419 -1181
10/97 6005 -5394 -611
10/97 5972 -7155 1183
10/97 4993 -5461 468
11/97 3583 -5166 1583
11/97 854 -4333 3479
11/97 466 -3135 2669
11/97 -152 -2613 2765
12/97 -126 -2375 2501
12/97 879 -2039 1160
12/97 2897 -2247 -650
12/97 5165 -2802 -2363
12/97 5353 -2809 -2544
12/97 6299 -2931 -3368
01/98 8736 -3811 -4925
01/98 13569 -7626 -5943
01/98 11326 -6749 -4577
01/98 7132 -2310 -4822
02/98 5179 -1103 -4076
02/98 6510 -4704 -1806
02/98 7114 -5149 -1965
02/98 6253 -5265 -988
03/98 6336 -4703 -1633
03/98 5499 -4614 -885
03/98 6306 -4959 -1347
03/98 6554 -3860 -2694
03/98 5456 -1609 -3847
04/98 6576 -3929 -2647
04/98 5499 -3161 -2338
04/98 4406 -1997 -2409
04/98 3320 -200 -3120
05/98 5010 -2977 -2033
05/98 6021 -3936 -2085
05/98 5612 -2318 -3294
05/98 6497 -2512 -3985
06/98 4041 -743 -3298
06/98 3656 -663 -2993
06/98 444 1845 -2289
06/98 -1135 3082 -1947
06/98 570 939 -1509
07/98 2842 -2213 -629
07/98 3371 -4636 1265
07/98 5366 -7158 1792
07/98 8206 -8407 201
08/98 8610 -8399 -211
08/98 8018 -7215 -803
08/98 7571 -7295 -276
08/98 8267 -8076 -191
09/98 8113 -8224 111
09/98 8873 -7857 -1016
09/98 9038 -7025 -2013
09/98 9287 -6625 -2662
09/98 9702 -6289 -3413
10/98 9525 -6003 -3522
10/98 7456 -3835 -3621
10/98 7445 -4206 -3239
10/98 6662 -3224 -3438
11/98 5858 -3840 -2018
11/98 5559 -3900 -1659
11/98 5986 -5245 -741
11/98 7114 -6444 -670
12/98 6027 -5987 -40
12/98 5195 -4858 -337
12/98 4228 -238 -3990
12/98 4615 33 -4648
12/98 3465 -87 -3378
01/99 3913 -552 -3361
01/99 3778 2237 -6015
01/99 3751 1480 -5231
01/99 3580 2834 -6414
02/99 1022 3720 -4742
02/99 32 5000 -5032
02/99 -296 2904 -2608
02/99 -953 4270 -3317
03/99 -1385 4476 -3091
03/99 -305 4514 -4209
03/99 246 4154 -4400
03/99 -334 4247 -3913
03/99 -924 2835 -1911
04/99 -1028 3884 -2856
04/99 -2340 5985 -3645
04/99 -816 5592 -4776
04/99 -3715 7366 -3651
05/99 -7499 9616 -2117
05/99 -9288 11742 -2454
05/99 -9116 11611 -2495
05/99 -6665 7912 -1247
06/99 -4916 4724 192
06/99 -4582 4404 178
06/99 -6048 4918 1130
06/99 -5111 4105 1006
06/99 -2728 2253 475
07/99 -3293 4703 -1410
07/99 -2583 4180 -1597
07/99 -2393 4665 -2272
07/99 -3698 6194 -2496
08/99 -4643 7298 -2655
08/99 -3387 6664 -3277
08/99 -1983 5604 -3621
08/99 -3008 7194 -4186
08/99 -3027 7735 -4708
09/99 -4527 9489 -4962
09/99 -1008 6547 -5539
09/99 -2930 8308 -5378
09/99 -5290 8757 -3467
10/99 -6257 10143 -3886
10/99 -4521 11526 -7005
10/99 -6102 12634 -6532
10/99 -6750 13740 -6990
11/99 -5671 12785 -7114
11/99 -5079 11494 -6415
11/99 -9875 15973 -6098
11/99 -11643 17541 -5898
11/99 -11631 16991 -5360
12/99 -10507 15528 -5021
12/99 -10592 15767 -5175
12/99 -9122 12776 -3654
12/99 -8852 12403 -3551
01/00 -11078 12989 -1911
01/00 -12934 12728 206
01/00 -12892 13926 -1034
01/00 -14852 16247 -1395
02/00 -18391 19545 -1154
02/00 -20191 21349 -1158
02/00 -13980 14057 -77
02/00 -13482 14023 -541
02/00 -12138 11808 330
03/00 -13489 14125 -636
03/00 -16990 18946 -1956
03/00 -17325 20323 -2998
03/00 -18866 20897 -2031
04/00 -21246 22969 -1723
04/00 -20508 24614 -4106
04/00 -17677 22091 -4414
04/00 -20618 22822 -2204
05/00 -20634 21976 -1342
05/00 -19702 21513 -1811
05/00 -18232 19817 -1585
05/00 -14932 14555 377
05/00 -10759 12178 -1419
06/00 -11175 12503 -1328
06/00 -8860 11743 -2883
06/00 -5401 7378 -1977
06/00 -5930 9018 -3088
07/00 -3508 8175 -4667
07/00 -3701 6407 -2706
07/00 -631 3132 -2501
07/00 752 2634 -3386
08/00 2011 1406 -3417
08/00 4143 109 -4252
08/00 5355 -2280 -3075
08/00 5492 -1590 -3902
08/00 5670 -2052 -3618
09/00 5074 -596 -4478
09/00 5760 -1896 -3864
09/00 5008 -1270 -3738
09/00 4181 499 -4680
10/00 4023 2662 -6685
10/00 4178 1541 -5719
10/00 -609 4707 -4098
10/00 1151 4125 -5276
10/00 3329 2473 -5802
11/00 3233 2808 -6041
11/00 1266 3574 -4840
11/00 2000 3056 -5056
11/00 998 4328 -5326
12/00 -2651 8788 -6137
12/00 -6312 11769 -5457
12/00 -5315 10726 -5411
12/00 -4846 9553 -4707
01/01 -3297 8101 -4804
01/01 -2671 7658 -4987
01/01 -2210 7294 -5084
01/01 -2797 7475 -4678
01/01 2085 3695 -5780
02/01 2916 3975 -6891
02/01 4565 2331 -6896
02/01 768 7471 -8239
02/01 -5269 11418 -6149
03/01 -9035 13979 -4944
03/01 -9148 14782 -5634
03/01 -9846 13377 -3531
03/01 -7075 10938 -3863
04/01 -4312 10363 -6051
04/01 -4150 9906 -5756
04/01 -4949 9615 -4666
04/01 -3933 9895 -5962
05/01 -258 6269 -6011
05/01 2237 4407 -6644
05/01 4988 2227 -7215
05/01 4638 2554 -7192
05/01 4905 1010 -5915
06/01 4156 2948 -7104
06/01 -1865 7821 -5956
06/01 -3721 9201 -5480
06/01 -6931 12707 -5776
07/01 -8904 12897 -3993
07/01 -7813 12701 -4888
07/01 -7686 11591 -3905
07/01 -7214 11331 -4117
07/01 -9891 13429 -3538
08/01 -10151 14739 -4588
08/01 -13242 16512 -3270
08/01 -9381 11844 -2463
08/01 -4396 8143 -3747
09/01 -2946 5410 -2464
09/01 -973 6401 -5428
09/01 -7551 9592 -2041
09/01 -8043 9489 -1446
10/01 -8028 8635 -607
10/01 -6155 8547 -2392
10/01 1229 605 -1834
10/01 3410 371 -3781
10/01 5506 -1997 -3509
11/01 4788 -162 -4626
11/01 5527 -1348 -4179
11/01 4252 -389 -3863
11/01 3864 228 -4092
12/01 5149 -970 -4179
12/01 9201 -4970 -4231
12/01 9319 -3103 -6216
12/01 8719 -3072 -5647
12/01 4621 -431 -4190
01/02 2779 134 -2913
01/02 401 2100 -2501
01/02 -7 3196 -3189
01/02 -23 3396 -3373
02/02 -3265 5605 -2340
02/02 -2666 5363 -2697
02/02 -1804 3708 -1904
02/02 111 1791 -1902
03/02 -402 2032 -1630
03/02 1524 -31 -1493
03/02 7226 -6221 -1005
03/02 8830 -7450 -1380
04/02 9402 -8166 -1236
04/02 10858 -7992 -2866
04/02 10005 -6576 -3429
04/02 10968 -6082 -4886
04/02 10204 -7302 -2902
05/02 9732 -6180 -3552
05/02 9518 -6444 -3074
05/02 9170 -5599 -3571
05/02 9659 -5196 -4463
06/02 8979 -5423 -3556
06/02 8271 -5918 -2353
06/02 8486 -5824 -2662
06/02 7352 -4628 -2724
07/02 5704 -3529 -2175
07/02 4594 -2369 -2225
07/02 3575 -1411 -2164
07/02 3152 -1011 -2141
07/02 3160 -637 -2523
08/02 4108 -1139 -2969
08/02 4306 -2294 -2012
08/02 4395 -2782 -1613
08/02 4943 -2426 -2517
09/02 5447 -3664 -1783
09/02 4797 -2713 -2084
09/02 2408 -351 -2057
09/02 2154 800 -2954
10/02 2550 1321 -3871
10/02 -477 2792 -2315
10/02 -972 2570 -1598
10/02 248 3035 -3283
10/02 -536 3876 -3340
11/02 -3563 5430 -1867
11/02 -4703 8408 -3705
11/02 -5872 7364 -1492
11/02 -6323 7997 -1674
12/02 -6918 8032 -1114
12/02 -5009 5466 -457
12/02 -4038 4245 -207
12/02 -3892 5078 -1186
12/02 -4582 6102 -1520
01/03 -4626 5953 -1327
01/03 -7424 6838 586
01/03 -3755 4594 -839
01/03 -2812 3753 -941
02/03 -1539 1743 -204
02/03 1054 -104 -950
02/03 3608 -2470 -1138
02/03 3824 -2969 -855
03/03 4184 -3383 -801
03/03 5558 -5219 -339
03/03 5336 -5404 68
03/03 7071 -6445 -626
04/03 8286 -8536 250
04/03 8994 -8955 -39
04/03 10664 -10054 -610
04/03 11096 -9129 -1967
04/03 7944 -4736 -3208
05/03 1576 1507 -3083
05/03 -1992 5051 -3059
05/03 -4822 7426 -2604
05/03 -5284 6845 -1561
06/03 -7430 9668 -2238
06/03 -8105 11308 -3203
06/03 -5186 7633 -2447
06/03 -4075 6412 -2337
07/03 -1251 3045 -1794
07/03 -2496 4022 -1526
07/03 717 2036 -2753
07/03 2364 262 -2626
07/03 5974 -2562 -3412
08/03 8575 -6469 -2106
08/03 9292 -5900 -3392
08/03 7657 -4116 -3541
08/03 5808 -2196 -3612
09/03 800 1902 -2702
09/03 -9136 10293 -1157
09/03 -12115 13436 -1321
09/03 -15860 19467 -3607
09/03 -9495 12947 -3452
10/03 -6509 12212 -5703
10/03 -9318 13191 -3873
10/03 -5062 10807 -5745
10/03 -94 6018 -5924
11/03 549 4772 -5321
11/03 298 6314 -6612
11/03 2162 3497 -5659
11/03 6667 -1383 -5284
12/03 6399 -1376 -5023
12/03 8245 -4740 -3505
12/03 10171 -6257 -3914
12/03 11012 -7019 -3993
12/03 11744 -7048 -4696
01/04 9872 -4288 -5584
01/04 12084 -6640 -5444
01/04 10703 -5828 -4875
01/04 12655 -7174 -5481
02/04 6094 -522 -5572
02/04 1890 1343 -3233
02/04 2371 -494 -1877
02/04 -2143 3161 -1018
03/04 -7188 7167 21
03/04 -6849 7341 -492
03/04 -9367 10091 -724
03/04 -10642 10933 -291
03/04 -12207 11897 310
04/04 -13413 14334 -921
04/04 -14898 15888 -990
04/04 -12363 11058 1305
04/04 -14689 12178 2511
05/04 -17573 14420 3153
05/04 -19554 15643 3911
05/04 -15980 13007 2973
05/04 -14033 13381 652
06/04 -12985 12022 963
06/04 -12157 12896 -739
06/04 -12169 13534 -1365
06/04 -11703 13410 -1707
06/04 -10148 13579 -3431
07/04 -10887 14459 -3572
07/04 -7889 13033 -5144
07/04 -3673 10327 -6654
07/04 -5316 12123 -6807
08/04 -4988 13445 -8457
08/04 -7458 17345 -9887
08/04 -3983 12475 -8492
08/04 -1995 10963 -8968
08/04 -344 9262 -8918
09/04 -5 8135 -8130
09/04 393 7669 -8062
09/04 -2526 14205 -11679
09/04 -2242 14396 -12154
10/04 -2901 13184 -10283
10/04 -356 11077 -10721
10/04 2252 8453 -10705
10/04 299 8706 -9005
11/04 -2725 13580 -10855
11/04 -1038 14187 -13149
11/04 -2400 13883 -11483
11/04 -4042 17611 -13569
11/04 -5144 18282 -13138
12/04 -3037 17209 -14172
12/04 -5735 17079 -11344
12/04 -4040 17690 -13650
12/04 -3458 17178 -13720
01/05 -4731 20353 -15622
01/05 -9303 24284 -14981
01/05 -11183 25061 -13878
01/05 -6144 20268 -14124
02/05 -3869 17459 -13590
02/05 -1376 12728 -11352
02/05 3947 7655 -11602
02/05 2927 10117 -13044
03/05 -1170 14554 -13384
03/05 -3198 18098 -14900
03/05 2980 10429 -13409
03/05 3297 11300 -14597
03/05 3872 10861 -14733
04/05 3974 9310 -13284
04/05 4910 7963 -12873
04/05 4840 8213 -13053
04/05 5824 5898 -11722
05/05 5274 6604 -11878
05/05 8921 2661 -11582
05/05 11037 840 -11877
05/05 16205 -4328 -11877
05/05 17987 -6798 -11189
06/05 22086 -11118 -10968
06/05 25095 -13620 -11475
06/05 28481 -15483 -12998
06/05 28826 -17225 -11601
07/05 27520 -14973 -12547
07/05 26633 -14014 -12619
07/05 26598 -13421 -13177
07/05 26541 -12217 -14324
08/05 24602 -9296 -15306
08/05 22726 -7422 -15304
08/05 23662 -9567 -14095
08/05 20940 -7360 -13580
08/05 21354 -5278 -16076
09/05 18223 -1502 -16721
09/05 16881 -1400 -15481
09/05 16985 -762 -16223
09/05 17101 279 -17380
10/05 14829 1129 -15958
10/05 15526 2283 -17809
10/05 13231 3151 -16382
10/05 15762 -238 -15524
11/05 15678 -1026 -14652
11/05 13226 1062 -14288
11/05 9643 5463 -15106
11/05 11292 5151 -16443
11/05 9602 5116 -14718
12/05 6061 7182 -13243
12/05 -2434 14089 -11655
12/05 -154 12729 -12575
12/05 1016 12832 -13848
01/06 1323 11477 -12800
01/06 4493 9546 -14039
01/06 15217 -1031 -14186
01/06 16166 -3672 -12494
01/06 22645 -10094 -12551
02/06 26493 -14359 -12134
02/06 21597 -9150 -12447
02/06 20027 -6913 -13114
02/06 21908 -8403 -13505
03/06 23732 -9749 -13983
03/06 27165 -11681 -15484
03/06 27682 -10610 -17072
03/06 26566 -9785 -16781
04/06 27943 -12317 -15626
04/06 32591 -17387 -15204
04/06 34725 -19017 -15708
04/06 32633 -16438 -16195
05/06 29211 -12495 -16716
05/06 26399 -7975 -18424
05/06 24908 -7112 -17796
05/06 25079 -6580 -18499
05/06 25832 -8513 -17319
06/06 19698 -559 -19139
06/06 11475 8675 -20150
06/06 2381 15362 -17743
06/06 -2150 19982 -17832
07/06 -2649 20446 -17797
07/06 1826 17798 -19624
07/06 2000 15656 -17656
07/06 7461 10638 -18099
08/06 7820 11582 -19402
08/06 5374 13442 -18816
08/06 2499 14008 -16507
08/06 -1483 17367 -15884
08/06 -1962 20099 -18137
09/06 -4576 21206 -16630
09/06 -4629 21862 -17233
09/06 -2288 22036 -19748
09/06 2614 16447 -19061
10/06 3672 15877 -19549
10/06 7351 12964 -20315
10/06 5763 12686 -18449
10/06 5838 13856 -19694
10/06 -3022 20126 -17104
11/06 -8906 25574 -16668
11/06 -8136 21655 -13519
11/06 -4384 17047 -12663
11/06 -2678 16464 -13786
12/06 -2341 14903 -12562
12/06 -4732 18107 -13375
12/06 -6953 15904 -8951
12/06 -5194 13210 -8016
01/07 861 7978 -8839
01/07 3739 4500 -8239
01/07 -2511 9722 -7211
01/07 -2606 7494 -4888
01/07 -8046 11897 -3851
02/07 -8370 11457 -3087
02/07 -8966 10441 -1475
02/07 -11824 13811 -1987
02/07 -12834 12853 -19
03/07 -11621 13120 -1499
03/07 -15379 16285 -906
03/07 -11306 11663 -357
03/07 -9748 9432 316
04/07 -8198 10544 -2346
04/07 -9834 10873 -1039
04/07 -9940 11989 -2049
04/07 -10704 13142 -2438
05/07 -7670 8462 -792
05/07 -4503 6959 -2456
05/07 -2491 5062 -2571
05/07 -2104 4265 -2161
05/07 -766 3435 -2669
06/07 1919 796 -2715
06/07 2041 395 -2436
06/07 4639 -1927 -2712
06/07 18694 -10437 -8257
07/07 29597 -17634 -11963
07/07 32673 -20601 -12072
07/07 23331 -8405 -14926
07/07 23326 -6680 -16646
07/07 21434 -2386 -19048
08/07 12350 4111 -16461
08/07 7803 4804 -12607
08/07 8606 4176 -12782
08/07 7387 6125 -13512
09/07 10044 5249 -15293
09/07 9083 5804 -14887
09/07 10655 5410 -16065
09/07 11899 2811 -14710
10/07 11799 3795 -15594
10/07 15732 995 -16727
10/07 18763 -2390 -16373
10/07 18103 -1461 -16642
10/07 18203 -1372 -16831
11/07 18196 -1307 -16889
11/07 13844 3044 -16888
11/07 14517 2130 -16647
11/07 14636 1518 -16154
12/07 15961 306 -16267
12/07 13355 3716 -17071
12/07 18985 -3965 -15020
12/07 20575 -5874 -14701
12/07 24494 -8570 -15924
01/08 23263 -9286 -13977
01/08 30862 -16507 -14355
01/08 26880 -13220 -13660
01/08 22879 -11823 -11056
02/08 20495 -6934 -13561
02/08 12503 -1388 -11115
02/08 13045 -4454 -8591
02/08 16831 -8844 -7987
03/08 17160 -9327 -7833
03/08 8294 1527 -9821
03/08 10685 495 -11180
03/08 8613 2065 -10678
04/08 10564 181 -10745
04/08 9585 -97 -9488
04/08 5714 785 -6499
04/08 3470 3190 -6660
04/08 3265 73 -3338
05/08 2437 497 -2934
05/08 2394 1366 -3760
05/08 3327 -445 -2882
05/08 1205 120 -1325
06/08 6048 -3366 -2682
06/08 4727 -2232 -2495
06/08 7753 -5381 -2372
06/08 5583 -2762 -2821
07/08 7028 -3660 -3368
07/08 5121 -1697 -3424
07/08 -6860 9959 -3099
07/08 -8804 14091 -5287
07/08 -1360 5952 -4592
08/08 -3713 7824 -4111
08/08 -5160 10795 -5635
08/08 -6586 11700 -5114
08/08 -7837 15899 -8062
09/08 -2535 10357 -7822
09/08 1901 8576 -10477
09/08 1453 8034 -9487
09/08 466 5950 -6416
09/08 5037 3334 -8371
10/08 8920 1538 -10458
10/08 3885 5596 -9481
10/08 429 9877 -10306
10/08 2728 8018 -10746
11/08 609 10819 -11428
11/08 2059 10022 -12081
11/08 2262 9106 -11368
11/08 -423 9126 -8703
12/08 -1822 8803 -6981
12/08 -2756 10937 -8181
12/08 4098 3789 -7887
12/08 6002 2651 -8653
12/08 6907 1487 -8394
01/09 1576 3036 -4612
01/09 -7399 11916 -4517
01/09 -3204 7598 -4394
01/09 849 4175 -5024
02/09 1633 976 -2609
02/09 4915 -3290 -1625
02/09 5277 -2526 -2751
02/09 8146 -2550 -5596
03/09 4876 -1790 -3086
03/09 9238 -5008 -4230
03/09 10915 -7037 -3878
03/09 9927 -8190 -1737
03/09 14795 -13640 -1155
04/09 15217 -16213 996
04/09 16078 -16210 132
04/09 17506 -17341 -165
04/09 18594 -17051 -1543
05/09 18277 -16878 -1399
05/09 18363 -18892 529
05/09 18676 -16704 -1972
05/09 20008 -18181 -1827
06/09 23511 -20601 -2910
06/09 23961 -22371 -1590
06/09 28816 -25227 -3589
06/09 29742 -26180 -3562
06/09 34636 -29581 -5055
07/09 33483 -29479 -4004
07/09 25707 -22032 -3675
07/09 22447 -18624 -3823
07/09 26423 -21548 -4875
08/09 26970 -22231 -4739
08/09 24300 -19568 -4732
08/09 25723 -21533 -4190
08/09 29474 -26226 -3248
09/09 34247 -28290 -5957
09/09 35452 -31385 -4067
09/09 31161 -23065 -8096
09/09 30163 -21607 -8556
09/09 28765 -20902 -7863
10/09 33146 -24304 -8842
10/09 21556 -14577 -6979
10/09 17814 -10766 -7048
10/09 13230 -7195 -6035
11/09 2686 3347 -6033
11/09 559 6751 -7310
11/09 -1406 7753 -6347
11/09 -7709 12587 -4878
12/09 -15376 21755 -6379
12/09 -16179 23687 -7508
12/09 -17347 24714 -7367
12/09 -17848 25165 -7317
12/09 -17639 25341 -7702
01/10 -22775 28109 -5334
01/10 -23288 28493 -5205
01/10 -26361 31813 -5452
01/10 -24224 31177 -6953
02/10 -15821 23139 -7318
02/10 -14511 21402 -6891
02/10 -13076 19987 -6911
02/10 -13436 20916 -7480
03/10 -22439 29368 -6929
03/10 -26363 34193 -7830
03/10 -29131 35428 -6297
03/10 -31531 37133 -5602
03/10 -30919 35016 -4097
04/10 -32115 36418 -4303
04/10 -35893 41049 -5156
04/10 -34733 40786 -6053
04/10 -38039 43162 -5123
05/10 -35090 46722 -11632
05/10 -29802 41510 -11708
05/10 -21862 35093 -13231
05/10 -17970 30655 -12685
06/10 -15935 28421 -12486
06/10 -4813 16722 -11909
06/10 -7897 14509 -6612
06/10 -7143 15380 -8237
06/10 -8879 19112 -10233
07/10 -3771 14542 -10771
07/10 -1887 12787 -10900
07/10 -8015 19563 -11548
07/10 -6679 18485 -11806
08/10 -12994 24968 -11974
08/10 -15582 28806 -13224
08/10 -12032 24600 -12568
08/10 -18351 32754 -14403
08/10 -21925 34176 -12251
09/10 -21315 34648 -13333
09/10 -26213 38672 -12459
09/10 -33526 46102 -12576
09/10 -35979 49959 -13980
10/10 -25150 39004 -13854
10/10 -24036 37363 -13327
10/10 -13781 29068 -15287
10/10 -8595 23502 -14907
11/10 -4412 17079 -12667
11/10 -121 11875 -11754
11/10 836 11769 -12605
11/10 -2517 15278 -12761
11/10 -5574 19427 -13853
12/10 -5829 20723 -14894
12/10 -4007 19528 -15521
12/10 487 14122 -14609
12/10 -9201 22891 -13690
01/11 -11171 23142 -11971
01/11 -16885 27929 -11044
01/11 -20922 30551 -9629
01/11 -21232 30437 -9205
02/11 -28419 36447 -8028
02/11 -31866 38163 -6297
02/11 -34636 44142 -9506
02/11 -34777 42948 -8171
03/11 -34851 45387 -10536
03/11 -33979 43062 -9083
03/11 -28014 40280 -12266
03/11 -24881 33954 -9073
03/11 -33088 38663 -5575
04/11 -35864 43612 -7748
04/11 -33527 39936 -6409
04/11 -33819 39301 -5482
04/11 -28206 36370 -8164
05/11 -18710 26412 -7702
05/11 -5461 14421 -8960
05/11 1778 7544 -9322
05/11 11522 -1566 -9956
05/11 18152 -9798 -8354
06/11 19456 -10373 -9083
06/11 21270 -11110 -10160
06/11 13313 -3965 -9348
06/11 7670 3316 -10986
07/11 7002 3582 -10584
07/11 -3182 13962 -10780
07/11 -8140 18655 -10515
07/11 -13774 23678 -9904
08/11 -17565 28952 -11387
08/11 -16414 28817 -12403
08/11 -15612 24704 -9092
08/11 -12416 22532 -10116
08/11 -8628 20549 -11921
09/11 -4906 15551 -10645
09/11 -6094 15316 -9222
09/11 -3480 14598 -11118
09/11 -6456 19388 -12932
10/11 -14279 27041 -12762
10/11 -21955 34824 -12869
10/11 -39051 49488 -10437
10/11 -46545 57860 -11315
11/11 -46574 57017 -10443
11/11 -39609 51181 -11572
11/11 -31727 42385 -10658
11/11 -29892 44151 -14259
11/11 -35594 46487 -10893
12/11 -41930 52811 -10881
12/11 -37391 46277 -8886
12/11 -22204 34077 -11873
12/11 -14554 25024 -10470
01/12 -11144 20183 -9039
01/12 -7541 16178 -8637
01/12 -9044 16718 -7674
01/12 -12200 17692 -5492
01/12 -10784 18227 -7443
02/12 -17884 26287 -8403
02/12 -20423 28854 -8431
02/12 -19776 29616 -9840
02/12 -19754 29390 -9636
03/12 -12421 22833 -10412
03/12 -2465 12391 -9926
03/12 6093 3084 -9177
03/12 11222 -3076 -8146
04/12 17014 -8895 -8119
04/12 14646 -6702 -7944
04/12 17258 -8119 -9139
04/12 21623 -12085 -9538
05/12 26570 -17487 -9083
05/12 32072 -22936 -9136
05/12 32190 -24327 -7863
05/12 23621 -14656 -8965
05/12 21289 -12282 -9007
06/12 13627 -1916 -11711
06/12 157 10191 -10348
06/12 -7780 17987 -10207
06/12 -6738 18508 -11770
07/12 -21112 31504 -10392
07/12 -24138 33804 -9666
07/12 -12879 22667 -9788
07/12 -9555 19794 -10239
07/12 -12644 23464 -10820
08/12 -7866 16293 -8427
08/12 -9961 15819 -5858
08/12 -8347 13778 -5431
08/12 -2695 9893 -7198
09/12 -2210 11144 -8934
09/12 -5532 12678 -7146
09/12 -995 7856 -6861
09/12 5099 3013 -8112
10/12 -107 6877 -6770
10/12 -2061 12373 -10312
10/12 -10639 21287 -10648
10/12 -13553 28966 -15413
10/12 -13444 30058 -16614
11/12 -14703 28830 -14127
11/12 -20317 34979 -14662
11/12 -24905 39939 -15034
11/12 -28095 41639 -13544
12/12 -34910 47566 -12656
12/12 -30811 41511 -10700
12/12 -27918 34872 -6954
12/12 -34575 41519 -6944
12/12 -41619 47499 -5880
01/13 -44907 48592 -3685
01/13 -34418 35858 -1440
01/13 -30929 31999 -1070
01/13 -37374 38832 -1458
02/13 -37303 40485 -3182
02/13 -29382 33773 -4391
02/13 -20055 27233 -7178
02/13 -13922 19606 -5684
03/13 3543 1315 -4858
03/13 7532 -2567 -4965
03/13 13268 -6118 -7150
03/13 17425 -11190 -6235
04/13 17186 -9198 -7988
04/13 11136 -3966 -7170
04/13 11469 -3337 -8132
04/13 8742 -2661 -6081
04/13 2769 3847 -6616
05/13 -2185 10138 -7953
05/13 -9686 18087 -8401
05/13 -13229 22080 -8851
05/13 -16338 24091 -7753
06/13 -15594 23195 -7601
06/13 -26071 32653 -6582
06/13 -35510 42074 -6564
06/13 -37944 45500 -7556
07/13 -41266 52486 -11220
07/13 -40135 52914 -12779
07/13 -41246 53157 -11911
07/13 -47459 58686 -11227
07/13 -48639 63083 -14444
08/13 -55537 68352 -12815
08/13 -56949 69812 -12863
08/13 -65712 77271 -11559
08/13 -61871 74515 -12644
09/13 -64103 76448 -12345
09/13 -76757 89831 -13074
09/13 -79560 95585 -16025
09/13 -83822 98064 -14242
10/13 -79899 96323 -16424
10/13 -77644 93916 -16272
10/13 -71675 87335 -15660
10/13 -73573 88360 -14787
10/13 -75049 91342 -16293
11/13 -73533 89226 -15693
11/13 -69869 88269 -18400
11/13 -58943 78589 -19646
11/13 -52048 69902 -17854
12/13 -47720 67493 -19773
12/13 -49537 64079 -14542
12/13 -44815 59823 -15008
12/13 -40291 53657 -13366
12/13 -38224 51601 -13377
01/14 -39175 53200 -14025
01/14 -41876 53701 -11825
01/14 -50451 59304 -8853
01/14 -59791 65170 -5379
02/14 -61908 66288 -4380
02/14 -66962 70797 -3835
02/14 -72442 74636 -2194
02/14 -80132 81750 -1618
03/14 -84156 89478 -5322
03/14 -82326 86310 -3984
03/14 -81468 83226 -1758
03/14 -83804 89130 -5326
04/14 -83684 85345 -1661
04/14 -80344 84459 -4115
04/14 -79943 82235 -2292
04/14 -77619 81170 -3551
04/14 -77423 80199 -2776
05/14 -73966 76153 -2187
05/14 -64369 68870 -4501
05/14 -62129 65778 -3649
05/14 -58382 63278 -4896
06/14 -52795 56993 -4198
06/14 -53656 56790 -3134
06/14 -59530 63683 -4153
06/14 -60474 63376 -2902
07/14 -58989 62314 -3325
07/14 -54961 57262 -2301
07/14 -56973 59020 -2047
07/14 -56193 58143 -1950
07/14 -51906 55835 -3929
08/14 -50144 54874 -4730
08/14 -47520 54481 -6961
08/14 -42102 49007 -6905
08/14 -40733 48305 -7572
09/14 -45053 50812 -5759
09/14 -52434 57016 -4582
09/14 -56551 62813 -6262
09/14 -56598 62766 -6168
09/14 -58754 64587 -5833
10/14 -57557 62901 -5344
10/14 -57899 65033 -7134
10/14 -49072 55915 -6843
10/14 -48672 54755 -6083
11/14 -44813 50912 -6099
11/14 -48497 51622 -3125
11/14 -52905 58112 -5207
11/14 -54265 63391 -9126
12/14 -53447 62975 -9528
12/14 -46447 54140 -7693
12/14 -39876 47536 -7660
12/14 -29449 37501 -8052
12/14 -26030 33513 -7483
01/15 -22381 31111 -8730
01/15 -18704 27068 -8364
01/15 -18866 28542 -9676
01/15 -14747 23099 -8352
02/15 -12779 22497 -9718
02/15 -13446 23270 -9824
02/15 -9262 16649 -7387
02/15 -5522 15184 -9662
03/15 725 6802 -7527
03/15 -1675 9471 -7796
03/15 2431 5695 -8126
03/15 12709 -3013 -9696
03/15 17854 -9493 -8361
04/15 22987 -15054 -7933
04/15 19924 -12722 -7202
04/15 19558 -12438 -7120
04/15 14347 -9978 -4369
05/15 9164 -3345 -5819
05/15 4013 5109 -9122
05/15 3092 6890 -9982
05/15 6162 4087 -10249
06/15 9789 66 -9855
06/15 11460 439 -11899
06/15 14272 -3715 -10557
06/15 16760 -5113 -11647
06/15 17703 -8727 -8976
07/15 20630 -11911 -8719
07/15 16867 -6683 -10184
07/15 16396 -5377 -11019
07/15 12086 -2182 -9904
08/15 9891 1223 -11114
08/15 13403 -3080 -10323
08/15 12156 -555 -11601
08/15 9290 112 -9402
09/15 8737 295 -9032
09/15 4189 2979 -7168
09/15 1702 6122 -7824
09/15 -766 11087 -10321
09/15 -5775 16625 -10850
10/15 -9828 20094 -10266
10/15 -15588 24085 -8497
10/15 -17804 26018 -8214
10/15 -12977 21923 -8946
11/15 -4634 11587 -6953
11/15 3260 2874 -6134
11/15 8712 -1913 -6799
11/15 11160 -4666 -6494
12/15 12688 -5764 -6924
12/15 15228 -7543 -7685
12/15 14542 -8265 -6277
12/15 17433 -10347 -7086
12/15 16567 -8806 -7761
01/16 13725 -5288 -8437
01/16 11337 -3765 -7572
01/16 9516 -1342 -8174
01/16 4721 4622 -9343
02/16 -704 11294 -10590
02/16 -3697 15952 -12255
02/16 -8885 22401 -13516
02/16 -10112 24518 -14406
03/16 -11467 26945 -15478
03/16 -12217 28728 -16511
03/16 -27204 43183 -15979
03/16 -33141 49133 -15992
03/16 -34134 50605 -16471
04/16 -26844 44117 -17273
04/16 -26030 42322 -16292
04/16 -18964 35456 -16492
04/16 -14830 30798 -15968
05/16 -26252 40006 -13754
05/16 -28298 44093 -15795
05/16 -37126 50480 -13354
05/16 -22091 35236 -13145
05/16 -21702 34135 -12433
06/16 -34186 45652 -11466
06/16 -41444 55492 -14048
06/16 -46910 61502 -14592
06/16 -44714 57882 -13168
07/16 -46268 60892 -14624
07/16 -36426 52362 -15936
07/16 -32729 46447 -13718
07/16 -21578 37413 -15835
08/16 -16194 33304 -17110
08/16 -10451 28530 -18079
08/16 -8068 21030 -12962
08/16 -8493 22745 -14252
08/16 -2772 18768 -15996
09/16 -1267 15667 -14400
09/16 -3205 16359 -13154
09/16 832 12673 -13505
09/16 -129 11144 -11015
10/16 265 10111 -10376
10/16 3241 7820 -11061
10/16 5110 9199 -14309
10/16 9453 1839 -11292
11/16 7796 6757 -14553
11/16 7444 7506 -14950
11/16 7790 8302 -16092
11/16 5673 9899 -15572
11/16 2488 13924 -16412
12/16 3212 10719 -13931
12/16 -4381 23365 -18984
12/16 -17067 33076 -16009
12/16 -16982 34094 -17112
01/17 -13731 31525 -17794
01/17 -17963 33682 -15719
01/17 -21541 37005 -15464
01/17 -19905 34954 -15049
01/17 -31197 41903 -10706
02/17 -29472 40021 -10549
02/17 -32847 41688 -8841
02/17 -30339 41285 -10946
02/17 -24315 37034 -12719
03/17 -17787 30419 -12632
03/17 -18619 30292 -11673
03/17 -21447 34223 -12776
03/17 -13366 28534 -15168
04/17 -8959 23664 -14705
04/17 -5083 17919 -12836
04/17 -3529 17434 -13905
04/17 3800 7922 -11722
05/17 337 11604 -11941
05/17 -10325 23426 -13101
05/17 -18069 30653 -12584
05/17 -31877 44464 -12587
05/17 -38752 50618 -11866
06/17 -41032 53279 -12247
06/17 -42047 54802 -12755
06/17 -36614 51579 -14965
06/17 -35903 50834 -14931
07/17 -43637 58675 -15038
07/17 -46886 64574 -17688
07/17 -44904 63311 -18407
07/17 -42187 60833 -18646
08/17 -35813 55038 -19225
08/17 -36970 55997 -19027
08/17 -40817 59758 -18941
08/17 -34793 53516 -18723
08/17 -24312 43881 -19569
09/17 -21791 39239 -17448
09/17 -7473 28661 -21188
09/17 -4824 26287 -21463
09/17 -4182 25319 -21137
10/17 -16543 38635 -22092
10/17 -20245 41991 -21746
10/17 -21460 44296 -22836
10/17 -23341 46560 -23219
10/17 -29862 52031 -22169
11/17 -34935 59389 -24454
11/17 -32708 57441 -24733
11/17 -28486 52016 -23530
11/17 -27910 51210 -23300
12/17 -30904 54917 -24013
12/17 -27142 50020 -22878
12/17 -20803 44289 -23486
12/17 -22398 45024 -22626
01/18 -27178 48368 -21190
01/18 -33628 54835 -21207
01/18 -33675 55523 -21848
01/18 -33008 53557 -20549
01/18 -30444 49412 -18968
02/18 -15474 34405 -18931
02/18 -2828 20175 -17347
02/18 -254 16727 -16473
02/18 -1457 17783 -16326
03/18 -991 15211 -14220
03/18 6407 9398 -15805
03/18 8741 8355 -17096
03/18 7855 7353 -15208
04/18 11931 3059 -14990
04/18 18035 -3633 -14402
04/18 20304 -4592 -15712
04/18 19320 -4150 -15170
05/18 22326 -10644 -11682
05/18 26206 -14258 -11948
05/18 28025 -14672 -13353
05/18 32429 -18592 -13837
05/18 32833 -21207 -11626
06/18 33366 -21137 -12229
06/18 30470 -16717 -13753
06/18 31219 -17138 -14081
06/18 33557 -20014 -13543
07/18 34882 -21227 -13655
07/18 37836 -24328 -13508
07/18 36869 -23265 -13604
07/18 35333 -23018 -12315
07/18 37302 -26538 -10764
08/18 36494 -27481 -9013
08/18 36446 -24881 -11565
08/18 31999 -17510 -14489
08/18 27340 -12403 -14937
09/18 17583 -5851 -11732
09/18 14035 -3913 -10122
09/18 14431 -3367 -11064
09/18 13465 -1821 -11644
10/18 10084 1769 -11853
10/18 9535 2281 -11816
10/18 6702 6116 -12818
10/18 8037 4247 -12284
10/18 3975 11308 -15283
11/18 6012 9074 -15086
11/18 6960 7668 -14628
11/18 -2890 19311 -16421
11/18 -5135 19785 -14650
12/18 -9521 23078 -13557
12/18 -10768 22121 -11353
12/18 -10509 21723 -11214
12/18 -8317 17613 -9296
12/18 -3718 11586 -7868
01/19 -4253 10190 -5937
01/19 -1972 8533 -6561
01/19 3127 4324 -7451
01/19 6264 139 -6403
02/19 14241 -7209 -7032
02/19 15483 -9760 -5723
02/19 14543 -7725 -6818
02/19 14121 -6018 -8103
03/19 14252 -5667 -8585
03/19 11235 -3447 -7788
03/19 -14845 10104 4741
03/19 -43067 47121 -4054
04/19 -47303 48159 -856
04/19 -57756 62171 -4415
04/19 -69287 70763 -1476
04/19 -72258 71936 322
04/19 -72230 70966 1264
05/19 -69857 69686 171
05/19 -65282 65564 -282
05/19 -64815 64862 -47
05/19 -62411 62872 -461
06/19 -55091 57461 -2370
06/19 -54454 54410 44
06/19 -51840 56477 -4637
06/19 -50314 53611 -3297
07/19 -44693 49148 -4455
07/19 -44714 48110 -3396
07/19 -45352 48796 -3444
07/19 -49822 51271 -1449
07/19 -49712 53085 -3373
08/19 -41531 47890 -6359
08/19 -36545 40429 -3884
08/19 -31779 37259 -5480
08/19 -27144 33754 -6610
09/19 -25448 31036 -5588
09/19 -16431 20319 -3888
09/19 -14760 18762 -4002
09/19 -16812 19339 -2527
10/19 -24420 28470 -4050
10/19 -19220 23451 -4231
10/19 -27667 31362 -3695
10/19 -20017 21371 -1354
10/19 -14582 16401 -1819
11/19 -10925 13726 -2801
11/19 -13392 14453 -1061
11/19 -7326 8142 -816
11/19 1285 120 -1405
12/19 3434 -1567 -1867
12/19 5527 -6186 659
12/19 1979 -2397 418
12/19 -4416 4964 -548
12/19 -7778 9008 -1230
01/20 -4363 6778 -2415
01/20 -4786 6528 -1742
01/20 -4228 7948 -3720
01/20 -2271 5824 -3553
02/20 -4559 9207 -4648
02/20 -6307 8015 -1708
02/20 -8555 10494 -1939
02/20 -12509 16377 -3868
03/20 -15292 20001 -4709
03/20 -16138 19419 -3281
03/20 -9032 17017 -7985
03/20 -13473 21189 -7716
03/20 -13061 20627 -7566
04/20 -18923 25319 -6396
04/20 -20418 24653 -4235
04/20 -16728 20805 -4077
04/20 -14163 17379 -3216
05/20 -14833 17209 -2376
05/20 -13066 16526 -3460
05/20 -10053 14006 -3953
05/20 -9616 12939 -3323
06/20 -4704 9158 -4454
06/20 -2096 7353 -5257
06/20 -6061 10976 -4915
06/20 -6223 9991 -3768
06/20 1866 2839 -4705
07/20 912 3881 -4793
07/20 -3368 6009 -2641
07/20 -7002 9772 -2770
07/20 -7736 12127 -4391
08/20 -4862 9623 -4761
08/20 -13727 17299 -3572
08/20 -14768 19280 -4512
08/20 -21381 26048 -4667
09/20 -22323 26748 -4425
09/20 -27677 32255 -4578
09/20 -38270 45360 -7090
09/20 -40925 47985 -7060
09/20 -37974 44853 -6879
10/20 -34856 40820 -5964
10/20 -33355 39980 -6625
10/20 -34353 42064 -7711
10/20 -31976 40448 -8472
11/20 -29288 37418 -8130
11/20 -26004 34237 -8233
11/20 -27537 36882 -9345
11/20 -27355 37827 -10472
12/20 -29373 38293 -8920
12/20 -24797 34534 -9737
12/20 -20308 31801 -11493
12/20 -18171 31167 -12996
12/20 -19809 32771 -12962
01/21 -27125 37499 -10374
01/21 -26437 36985 -10548
01/21 -23143 35068 -11925
01/21 -31070 40818 -9748
02/21 -36527 46877 -10350
02/21 -42116 51831 -9715
02/21 -54474 65156 -10682
02/21 -59498 70880 -11382
03/21 -64720 74565 -9845
03/21 -69614 78335 -8721
03/21 -73742 81267 -7525
03/21 -72448 80791 -8343
03/21 -76344 83551 -7207
04/21 -75178 82207 -7029
04/21 -79096 85207 -6111
04/21 -72487 79777 -7290
04/21 -70091 78062 -7971
05/21 -71369 77582 -6213
05/21 -67626 74581 -6955
05/21 -69998 77114 -7116
05/21 -73196 79975 -6779
06/21 -73356 80295 -6939
06/21 -74598 81363 -6765
06/21 -75962 84053 -8091
06/21 -67377 76976 -9599
06/21 -62199 71699 -9500
07/21 -58317 70046 -11729
07/21 -58875 69471 -10596
07/21 -60731 73019 -12288
07/21 -69548 83004 -13456
08/21 -71143 85592 -14449
08/21 -63722 78088 -14366
08/21 -59577 73725 -14148
08/21 -58935 74630 -15695
08/21 -59433 74486 -15053
09/21 -60456 76355 -15899
09/21 -52069 67234 -15165
09/21 -46665 60363 -13698
09/21 -50557 64023 -13466
10/21 -57148 73429 -16281
10/21 -54143 71544 -17401
10/21 -49056 65182 -16126
10/21 -38763 54057 -15294
11/21 -31775 45965 -14190
11/21 -28767 44937 -16170
11/21 -31629 46764 -15135
11/21 -37808 55193 -17385
11/21 -41359 59949 -18590
12/21 -35096 52297 -17201
12/21 -37071 54202 -17131
12/21 -39273 55296 -16023
12/21 -42548 57739 -15191
01/22 -41396 56389 -14993
01/22 -34939 50654 -15715
01/22 -32883 48305 -15422
01/22 -44897 58046 -13149
02/22 -47148 59521 -12373
02/22 -54973 66642 -11669
02/22 -56167 67332 -11165
02/22 -55639 66438 -10799
03/22 -52397 61239 -8842
03/22 -43476 51525 -8049
03/22 -40705 48490 -7785
03/22 -37830 45985 -8155
03/22 -45016 53194 -8178
04/22 -38745 45500 -6755
04/22 -35705 40771 -5066
04/22 -38275 43002 -4727
04/22 -26601 32336 -5735
05/22 -17357 22031 -4674
05/22 -10817 16360 -5543
05/22 -2647 7765 -5118
05/22 -1239 7358 -6119
05/22 -2209 9217 -7008
06/22 -3090 10491 -7401
06/22 202 7386 -7588
06/22 -3041 12059 -9018
06/22 -7339 16287 -8948
07/22 -6194 15207 -9013
07/22 -16735 25059 -8324
07/22 -21680 29619 -7939
07/22 -27182 35421 -8239
08/22 -31860 39717 -7857
08/22 -43894 50197 -6303
08/22 -49401 58006 -8605
08/22 -43576 51403 -7827
08/22 -35424 43199 -7775
09/22 -29399 36341 -6942
09/22 -30253 39162 -8909
09/22 -41565 50115 -8550
09/22 -31593 39631 -8038
10/22 -18169 23602 -5433
10/22 -14847 19141 -4294
10/22 -19993 27089 -7096
10/22 -30337 40379 -10042
11/22 -33745 45550 -11805
11/22 -31247 40862 -9615
11/22 -32298 41759 -9461
11/22 -32543 43732 -11189
11/22 -25480 35499 -10019
12/22 -28396 38908 -10512
12/22 -23073 33627 -10554
12/22 -22692 33795 -11103
12/22 -33100 44713 -11613
01/23 -31671 43626 -11955
01/23 -19358 25769 -6411
01/23 -10939 15907 -4968
01/23 -682 3166 -2484
01/23 3412 -3594 182
02/23 7282 -7779 497
02/23 6143 -5880 -263
02/23 2763 1704 -4467
02/23 6193 -3915 -2278
03/23 8050 -7462 -588
03/23 6695 -5717 -978
03/23 17350 -17653 303
03/23 21983 -22003 20
04/23 19479 -19789 310
04/23 21623 -24092 2469
04/23 23443 -27157 3714
04/23 23686 -27022 3336
05/23 18801 -19694 893
05/23 23737 -26075 2338
05/23 26623 -28734 2111
05/23 30405 -33852 3447
05/23 33233 -36114 2881
06/23 31957 -33503 1546
06/23 27346 -26431 -915
06/23 20759 -18727 -2032
06/23 19274 -16580 -2694
07/23 14847 -12574 -2273
07/23 4267 -4689 422
07/23 4462 -4061 -401
07/23 1455 -3013 1558
08/23 5366 -4228 -1138
08/23 8478 -5350 -3128
08/23 14260 -10674 -3586
08/23 13312 -10405 -2907
08/23 11125 -7791 -3334
09/23 9659 -6132 -3527
09/23 4709 -730 -3979
09/23 1304 1582 -2886
09/23 3467 -2093 -1374
10/23 9750 -9091 -659
10/23 6960 -3954 -3006
10/23 16532 -14915 -1617
10/23 20671 -20721 50
10/23 20010 -18189 -1821
11/23 13154 -10585 -2569
11/23 14461 -10448 -4013
11/23 20646 -16941 -3705
11/23 27193 -25276 -1917
12/23 29445 -24690 -4755
12/23 32876 -28455 -4421
12/23 27342 -21574 -5768
12/23 27836 -21166 -6670
01/24 34468 -28446 -6022
01/24 29637 -24496 -5141
01/24 31462 -25483 -5979
01/24 28021 -23862 -4159
01/24 14796 -9794 -5002
02/24 6279 195 -6474
02/24 3243 1579 -4822
02/24 -11597 16496 -4899
02/24 -24985 29286 -4301
03/24 -28636 33828 -5192
03/24 -27582 32016 -4434
03/24 -29122 33622 -4500
03/24 -28932 34727 -5795
04/24 -36362 43135 -6773
04/24 -43955 52215 -8260
04/24 -49252 56491 -7239
04/24 -47302 56616 -9314
04/24 -43257 51938 -8681
05/24 -31763 38356 -6593
05/24 -26444 32041 -5597
05/24 -17130 22862 -5732
05/24 -9301 13662 -4361
06/24 -2865 5546 -2681
06/24 6007 -4134 -1873
06/24 15350 -14905 -445
06/24 27687 -26470 -1217
07/24 30804 -28980 -1824
07/24 31597 -29348 -2249
07/24 27877 -26393 -1484
07/24 27357 -25820 -1537
07/24 26423 -22195 -4228
08/24 25276 -21490 -3786
08/24 29684 -26488 -3196
08/24 26506 -21796 -4710
08/24 15619 -11785 -3834
09/24 12341 -7742 -4599
09/24 12577 -7481 -5096
09/24 6745 -3310 -3435
09/24 -4952 8460 -3508
10/24 -14630 19149 -4519
10/24 -28030 33305 -5275
10/24 -33303 40642 -7339
01/24 34468 -28446 -6022
01/24 29637 -24496 -5141
01/24 31462 -25483 -5979
01/24 28021 -23862 -4159
01/24 14796 -9794 -5002
02/24 6279 195 -6474
02/24 3243 1579 -4822
02/24 -11597 16496 -4899
02/24 -24985 29286 -4301
03/24 -28636 33828 -5192
03/24 -27582 32016 -4434
03/24 -29122 33622 -4500
03/24 -28932 34727 -5795
04/24 -36362 43135 -6773
04/24 -43955 52215 -8260
04/24 -49252 56491 -7239
04/24 -47302 56616 -9314
04/24 -43257 51938 -8681
05/24 -31763 38356 -6593
05/24 -26444 32041 -5597
05/24 -17130 22862 -5732
05/24 -9301 13662 -4361
06/24 -2865 5546 -2681
06/24 6007 -4134 -1873
06/24 15350 -14905 -445
06/24 27687 -26470 -1217
07/24 30804 -28980 -1824
07/24 31597 -29348 -2249
07/24 27877 -26393 -1484
07/24 27357 -25820 -1537
07/24 26423 -22195 -4228
08/24 25276 -21490 -3786
08/24 29684 -26488 -3196
08/24 26506 -21796 -4710
08/24 15619 -11785 -3834
09/24 12341 -7742 -4599
09/24 12577 -7481 -5096
09/24 6745 -3310 -3435
09/24 -4952 8460 -3508
10/24 -14630 19149 -4519
10/24 -28030 33305 -5275
10/24 -33303 40642 -7339
10/24 -43228 49494 -6266
