01/86 -4898 -1440 6338
01/86 -10115 3885 6230
02/86 -11011 2706 8305
02/86 -10140 2771 7369
03/86 -11985 1873 10112
03/86 -11775 1898 9877
04/86 -10425 -704 11129
04/86 -10730 -157 10887
05/86 -12274 1321 10953
05/86 -9512 -3349 12861
06/86 -8139 -2281 10420
06/86 -12407 2104 10303
07/86 -18024 5629 12395
07/86 -22371 8605 13766
08/86 -18702 6827 11875
08/86 -21007 9268 11739
09/86 -20272 6830 13442
09/86 -15455 676 14779
10/86 -9962 2890 7072
10/86 -11572 4160 7412
11/86 -11587 4554 7033
11/86 -12504 4639 7865
12/86 -12517 -6 12523
12/86 -12604 -459 13063
01/87 -12373 3087 9286
01/87 -16347 7088 9259
02/87 -22851 7810 15041
02/87 -24070 9256 14814
03/87 -24381 10976 13405
03/87 -26660 11353 15307
04/87 -30633 8346 22287
04/87 -34316 10694 23622
05/87 -41763 9129 32634
05/87 -35358 6848 28510
06/87 -31632 7307 24325
06/87 -31201 6883 24318
07/87 -27008 3293 23715
07/87 -23400 4448 18952
08/87 -23000 7806 15194
08/87 -21225 9282 11943
09/87 -18788 9755 9033
09/87 -18130 8957 9173
10/87 -15353 6443 8910
10/87 -10032 -4141 14173
11/87 -11276 -1760 13036
11/87 -10225 -1658 11883
12/87 -7511 -1142 8653
12/87 -5923 2016 3907
01/88 -2341 5202 -2861
01/88 -5311 6983 -1672
02/88 -16178 11025 5153
02/88 -14916 9638 5278
03/88 -16912 11085 5827
03/88 -23349 13824 9525
04/88 -24267 14011 10256
04/88 -17870 10494 7376
05/88 -13907 7398 6509
05/88 -18946 7013 11933
06/88 -12561 2603 9958
06/88 -12996 5061 7935
07/88 -14719 7289 7430
07/88 -11457 8993 2464
08/88 -13719 9969 3750
08/88 -13980 8503 5477
09/88 -16481 9257 7224
09/88 -15876 9899 5977
10/88 -19217 12915 6302
10/88 -18211 9161 9050
11/88 -19399 7875 11524
11/88 -18662 6186 12476
12/88 -12976 3299 9677
12/88 -17545 9012 8533
01/89 -18174 8118 10056
01/89 -15911 10197 5714
02/89 -15879 9383 6496
02/89 -16506 11415 5091
03/89 -19019 11047 7972
03/89 -13242 3977 9265
04/89 -11335 -4473 15808
04/89 -10692 -4541 15233
05/89 -10115 -3242 13357
05/89 -5730 -8001 13731
06/89 -5090 -3852 8942
06/89 -5026 -1281 6307
07/89 -4899 2114 2785
07/89 -5418 2306 3112
08/89 -3407 2027 1380
08/89 -3313 -2879 6192
09/89 -6773 -4003 10776
09/89 -12467 6686 5781
10/89 -15200 7869 7331
10/89 -15622 4704 10918
11/89 -14942 5437 9505
11/89 -18699 7457 11242
12/89 -17312 11416 5896
12/89 -17701 12616 5085
01/90 -22662 14911 7751
01/90 -19099 14953 4146
02/90 -21502 14681 6821
02/90 -17626 6724 10902
03/90 -18454 15555 2899
03/90 -20205 16548 3657
04/90 -19170 14207 4963
04/90 -15656 3191 12465
05/90 -15526 7098 8428
05/90 -18584 10408 8176
06/90 -8437 7797 640
06/90 -5065 1204 3861
07/90 -6438 6794 -356
07/90 -7718 9940 -2222
08/90 -7783 5491 2292
08/90 -2398 -2377 4775
09/90 -3030 2045 985
09/90 -6143 4698 1445
10/90 -5199 -723 5922
10/90 -4875 -1052 5927
11/90 -6880 2216 4664
11/90 -9145 1959 7186
12/90 -6814 3335 3479
12/90 -6151 1078 5073
01/91 -2513 -2563 5076
01/91 -3877 4497 -620
02/91 -9426 7179 2247
02/91 -13113 10574 2539
03/91 -19023 10920 8103
03/91 -19825 12126 7699
04/91 -16945 4494 12451
04/91 -14731 1241 13490
05/91 -13628 -1191 14819
05/91 -11168 -974 12142
06/91 -10845 2062 8783
06/91 -3821 -10058 13879
07/91 -6401 61 6340
07/91 -1508 -7837 9345
08/91 626 -3789 3163
08/91 1602 -10886 9284
09/91 2324 -5499 3175
09/91 -1263 1600 -337
10/91 -753 2279 -1526
10/91 -5634 -2162 7796
11/91 -6898 3266 3632
11/91 -11287 3211 8076
12/91 -8497 -1114 9611
12/91 -4248 -1533 5781
01/92 -7 924 -917
01/92 -5930 13297 -7367
02/92 -10574 15575 -5001
02/92 -8834 13779 -4945
03/92 -12814 18253 -5439
03/92 -15727 19996 -4269
04/92 -15811 18841 -3030
04/92 -17058 15207 1851
05/92 -15803 15457 346
05/92 -11608 9001 2607
06/92 -11426 10410 1016
06/92 -7587 12132 -4545
07/92 -6980 11248 -4268
07/92 -10960 10716 244
08/92 -7335 9149 -1814
08/92 -6044 5775 269
09/92 -6041 8945 -2904
09/92 -5369 7639 -2270
10/92 -6830 7157 -327
10/92 -9729 10211 -482
10/92 -11064 10308 756
10/92 -12419 10373 2046
11/92 -11440 7662 3778
11/92 -10567 8645 1922
11/92 -10591 9769 822
11/92 -9514 12175 -2661
12/92 -9590 10707 -1117
12/92 -10627 12209 -1582
12/92 -9694 12364 -2670
12/92 -10181 11454 -1273
12/92 -9066 11267 -2201
01/93 -9377 12034 -2657
01/93 -6896 10784 -3888
01/93 -6948 9781 -2833
01/93 -6780 8082 -1302
02/93 -4402 3390 1012
02/93 -1957 3015 -1058
02/93 -2562 3413 -851
02/93 -5385 3650 1735
03/93 -7616 8797 -1181
03/93 -7607 8974 -1367
03/93 -7617 9262 -1645
03/93 -12424 13399 -975
03/93 -10780 12132 -1352
04/93 -13241 11972 1269
04/93 -11442 11112 330
04/93 -8381 7959 422
04/93 -10716 10354 362
05/93 -13051 12743 308
05/93 -11414 11951 -537
05/93 -10032 11600 -1568
05/93 -9834 9923 -89
06/93 -9282 9655 -373
06/93 -13687 14035 -348
06/93 -12633 13246 -613
06/93 -12294 11426 868
06/93 -12054 11260 794
07/93 -12003 11560 443
07/93 -10781 11433 -652
07/93 -3764 2099 1665
07/93 -4259 2992 1267
08/93 -4899 5453 -554
08/93 -5809 5655 154
08/93 -5143 2090 3053
08/93 -4431 1399 3032
08/93 -5289 2085 3204
09/93 -5422 6827 -1405
09/93 -7040 7951 -911
09/93 -3754 2973 781
09/93 1062 -6296 5234
10/93 657 -5334 4677
10/93 2248 -6183 3935
10/93 3992 -4679 687
10/93 3140 -4179 1039
11/93 3128 -5015 1887
11/93 1967 -6313 4346
11/93 4714 -6148 1434
11/93 4046 -7298 3252
11/93 4015 -8839 4824
12/93 7244 -11615 4371
12/93 10199 -10064 -135
12/93 9659 -9248 -411
12/93 8454 -9464 1010
01/94 8781 -11345 2564
01/94 8218 -6834 -1384
01/94 6360 -6403 43
01/94 852 -3826 2974
02/94 432 -3005 2573
02/94 4734 -9579 4845
02/94 4182 -5827 1645
02/94 3936 -5628 1692
03/94 633 2058 -2691
03/94 -582 4244 -3662
03/94 703 2098 -2801
03/94 1179 433 -1612
03/94 1127 -2286 1159
04/94 -419 300 119
04/94 -1681 -225 1906
04/94 83 -7697 7614
04/94 342 -9177 8835
05/94 541 -9200 8659
05/94 2721 -12466 9745
05/94 3568 -11998 8430
05/94 6149 -12386 6237
05/94 10183 -11391 1208
06/94 4263 -8543 4280
06/94 4577 -7604 3027
06/94 3277 -7122 3845
06/94 3457 -5683 2226
07/94 6780 -5497 -1283
07/94 8676 -3195 -5481
07/94 10075 -3558 -6517
07/94 9809 -2671 -7138
08/94 6849 728 -7577
08/94 3255 5221 -8476
08/94 6821 5165 -11986
08/94 8084 4066 -12150
08/94 3992 5628 -9620
09/94 4571 4238 -8809
09/94 2390 5333 -7723
09/94 3793 2427 -6220
09/94 3765 1236 -5001
10/94 702 1614 -2316
10/94 2224 3279 -5503
10/94 -113 5337 -5224
10/94 -5816 8400 -2584
11/94 -7949 11494 -3545
11/94 -8468 14070 -5602
11/94 -12462 19120 -6658
11/94 -10159 17126 -6967
11/94 -7696 10206 -2510
12/94 -6560 7433 -873
12/94 -8905 12454 -3549
12/94 -9223 17289 -8066
12/94 -11922 21000 -9078
01/95 -12305 22217 -9912
01/95 -10497 20054 -9557
01/95 -10536 19689 -9153
01/95 -12367 20278 -7911
01/95 -12177 21722 -9545
02/95 -11306 19213 -7907
02/95 -10766 18107 -7341
02/95 -11513 14427 -2914
02/95 -9306 13712 -4406
03/95 -5718 10093 -4375
03/95 -5370 6865 -1495
03/95 -2489 607 1882
03/95 -3610 1377 2233
04/95 -1753 -1739 3492
04/95 -2285 -2680 4965
04/95 -373 -3885 4258
04/95 1458 -5555 4097
05/95 -564 -5103 5667
05/95 -97 -7296 7393
05/95 904 -5076 4172
05/95 1927 -833 -1094
05/95 2407 213 -2620
06/95 299 1760 -2059
06/95 -2242 7093 -4851
06/95 -2199 5096 -2897
06/95 -3694 4975 -1281
07/95 -2444 5041 -2597
07/95 -3735 8231 -4496
07/95 -3379 5758 -2379
07/95 -3650 6450 -2800
08/95 -3577 8534 -4957
08/95 -3043 8197 -5154
08/95 -2817 5741 -2924
08/95 -2122 4069 -1947
08/95 3577 -4158 581
09/95 4935 -1121 -3814
09/95 4138 936 -5074
09/95 -111 1671 -1560
09/95 -3028 4345 -1317
10/95 -5288 5346 -58
10/95 -6570 6423 147
10/95 -6902 7238 -336
10/95 -8946 7895 1051
10/95 -9625 8046 1579
11/95 -12655 9609 3046
11/95 -13920 12143 1777
11/95 -12386 10683 1703
11/95 -14925 10571 4354
12/95 -15094 12293 2801
12/95 -14587 8977 5610
12/95 -13413 9050 4363
12/95 -13865 8230 5635
01/96 -8529 5511 3018
01/96 -5529 2560 2969
01/96 -3651 194 3457
01/96 -2828 -3522 6350
01/96 -1899 -5349 7248
02/96 -1289 -6252 7541
02/96 -15 -5695 5710
02/96 -1507 -5157 6664
02/96 -7434 -201 7635
03/96 -7648 -155 7803
03/96 -9513 2920 6593
03/96 -9682 6503 3179
03/96 -8887 -170 9057
04/96 -10880 6362 4518
04/96 -10536 8114 2422
04/96 -6360 6648 -288
04/96 -1953 2198 -245
04/96 3384 -827 -2557
05/96 201 1235 -1436
05/96 -4681 2757 1924
05/96 -2817 870 1947
05/96 -4401 3825 576
06/96 -5870 6682 -812
06/96 -3595 5022 -1427
06/96 -2969 5139 -2170
06/96 -2568 4124 -1556
07/96 -5363 6427 -1064
07/96 -10232 9482 750
07/96 -10714 11336 -622
07/96 -10285 9390 895
07/96 -8970 8172 798
08/96 -14875 12223 2652
08/96 -13469 11907 1562
08/96 -13284 12273 1011
08/96 -13802 11562 2240
09/96 -13772 12474 1298
09/96 -11333 11621 -288
09/96 -9910 12159 -2249
09/96 -11978 10828 1150
10/96 -8689 10139 -1450
10/96 -7787 12371 -4584
10/96 -5388 8297 -2909
10/96 -3133 4921 -1788
10/96 -5855 4778 1077
11/96 -8359 4985 3374
11/96 -11882 8192 3690
11/96 -14367 13642 725
11/96 -13124 11046 2078
12/96 -13077 11637 1440
12/96 -9944 6535 3409
12/96 -9568 7952 1616
12/96 -11762 9126 2636
12/96 -13795 11590 2205
01/97 -16188 13936 2252
01/97 -17663 14116 3547
01/97 -19727 18838 889
01/97 -19330 15010 4320
02/97 -18013 11750 6263
02/97 -17158 10389 6769
02/97 -18314 12370 5944
02/97 -18014 19839 -1825
03/97 -20585 17642 2943
03/97 -24692 14985 9707
03/97 -26182 16729 9453
03/97 -26304 16864 9440
04/97 -24872 17546 7326
04/97 -22840 14637 8203
04/97 -20999 17555 3444
04/97 -18853 14358 4495
04/97 -19233 12733 6500
05/97 -19484 17291 2193
05/97 -18447 19634 -1187
05/97 -15946 19895 -3949
05/97 -14964 20214 -5250
06/97 -12257 15600 -3343
06/97 -10547 9641 906
06/97 -11962 12472 -510
06/97 -11249 10934 315
07/97 -10155 12299 -2144
07/97 -9289 10509 -1220
07/97 -10471 16156 -5685
07/97 -12811 20560 -7749
07/97 -16338 25758 -9420
08/97 -15788 25930 -10142
08/97 -16459 24310 -7851
08/97 -14501 20387 -5886
08/97 -12840 17576 -4736
09/97 -9322 12396 -3074
09/97 -8260 10507 -2247
09/97 -8183 9444 -1261
09/97 -7069 8165 -1096
09/97 -8851 8020 831
10/97 -743 -1756 2499
10/97 -676 -3529 4205
10/97 -1469 -3275 4744
10/97 -4333 -1270 5603
11/97 -7397 714 6683
11/97 -8408 486 7922
11/97 -8562 684 7878
11/97 -10037 4246 5791
12/97 -5183 -3840 9023
12/97 -4369 -5165 9534
12/97 3393 -12519 9126
12/97 6043 -15793 9750
12/97 6711 -15991 9280
12/97 5193 -14597 9404
01/98 8827 -17570 8743
01/98 8561 -16435 7874
01/98 5671 -14619 8948
01/98 2834 -12707 9873
02/98 3470 -15196 11726
02/98 8185 -18380 10195
02/98 10760 -18465 7705
02/98 12645 -19267 6622
03/98 11336 -16737 5401
03/98 11439 -18390 6951
03/98 8782 -16867 8085
03/98 8683 -15747 7064
03/98 6403 -10944 4541
04/98 -1194 -534 1728
04/98 -2682 -306 2988
04/98 -2894 1859 1035
04/98 -5061 4573 488
05/98 -10993 11748 -755
05/98 -11726 6329 5397
05/98 -7051 1670 5381
05/98 -5349 662 4687
06/98 -1068 -4189 5257
06/98 1594 -5928 4334
06/98 998 -5128 4130
06/98 12379 -14347 1968
06/98 11627 -14883 3256
07/98 12457 -13198 741
07/98 9134 -10492 1358
07/98 6279 -7310 1031
07/98 7593 -9295 1702
08/98 8150 -5794 -2356
08/98 9703 -5482 -4221
08/98 4248 -4358 110
08/98 4206 -3186 -1020
09/98 4510 -1806 -2704
09/98 5227 -2299 -2928
09/98 5263 -1 -5262
09/98 5564 169 -5733
09/98 4475 -1109 -3366
10/98 3903 3253 -7156
10/98 -5722 13419 -7697
10/98 -4996 12349 -7353
10/98 -7792 15032 -7240
11/98 -12478 13052 -574
11/98 -6915 9158 -2243
11/98 -728 2287 -1559
11/98 3505 -1818 -1687
12/98 6016 -2587 -3429
12/98 7811 -4191 -3620
12/98 15000 -9158 -5842
12/98 14385 -7732 -6653
12/98 13222 -6054 -7168
01/99 13046 -6276 -6770
01/99 9001 2301 -11302
01/99 6656 4089 -10745
01/99 4633 3107 -7740
02/99 4829 4862 -9691
02/99 7735 8380 -16115
02/99 3343 10996 -14339
02/99 2736 10171 -12907
03/99 -2148 14663 -12515
03/99 -7799 16437 -8638
03/99 -4349 9664 -5315
03/99 -4567 10299 -5732
03/99 -1052 7473 -6421
04/99 -1620 10115 -8495
04/99 -2453 7309 -4856
04/99 1428 1976 -3404
04/99 3385 -1067 -2318
05/99 4728 -3685 -1043
05/99 10145 -10595 450
05/99 11775 -9340 -2435
05/99 11809 -6770 -5039
06/99 11094 -5464 -5630
06/99 7529 8311 -15840
06/99 5478 12110 -17588
06/99 5357 11969 -17326
06/99 6995 6547 -13542
07/99 10028 3796 -13824
07/99 12602 4116 -16718
07/99 13455 1582 -15037
07/99 9093 6663 -15756
08/99 8605 6336 -14941
08/99 1767 14924 -16691
08/99 268 17112 -17380
08/99 425 14071 -14496
08/99 -2525 20285 -17760
09/99 -2659 25485 -22826
09/99 79 23820 -23899
09/99 1812 21305 -23117
09/99 2014 20442 -22456
10/99 -2899 25676 -22777
10/99 -2748 27092 -24344
10/99 -1945 23628 -21683
10/99 -346 16414 -16068
11/99 -665 13623 -12958
11/99 1600 12339 -13939
11/99 -4647 23014 -18367
11/99 -3211 22160 -18949
11/99 -1663 19439 -17776
12/99 -4112 16538 -12426
12/99 1787 9248 -11035
12/99 217 8861 -9078
12/99 1159 9896 -11055
01/00 1843 10359 -12202
01/00 -4240 16649 -12409
01/00 -5052 19270 -14218
01/00 -3234 17519 -14285
02/00 -1522 14410 -12888
02/00 -2299 14782 -12483
02/00 3280 4842 -8122
02/00 8682 -1830 -6852
02/00 9478 -189 -9289
03/00 4518 6012 -10530
03/00 2733 7761 -10494
03/00 1969 7789 -9758
03/00 -5155 17550 -12395
04/00 -1234 11663 -10429
04/00 -4865 17911 -13046
04/00 -4850 15954 -11104
04/00 -8674 18645 -9971
05/00 -8109 14341 -6232
05/00 -6846 13337 -6491
05/00 -544 3463 -2919
05/00 14810 -13158 -1652
05/00 16527 -14730 -1797
06/00 12751 -7384 -5367
06/00 3606 4076 -7682
06/00 6125 2113 -8238
06/00 10637 -2987 -7650
07/00 11421 -3441 -7980
07/00 12225 -3303 -8922
07/00 11039 -2284 -8755
07/00 13170 -4699 -8471
08/00 14464 -5661 -8803
08/00 11245 -1569 -9676
08/00 13495 -2477 -11018
08/00 14536 -3670 -10866
08/00 16990 -5286 -11704
09/00 17688 -5942 -11746
09/00 20135 -6019 -14116
09/00 18615 -1905 -16710
09/00 14492 -32 -14460
10/00 10547 3348 -13895
10/00 9124 5481 -14605
10/00 10359 3195 -13554
10/00 3028 12282 -15310
10/00 1760 15278 -17038
11/00 -836 17323 -16487
11/00 -2598 18611 -16013
11/00 -996 21261 -20265
11/00 -1686 20971 -19285
12/00 1059 20396 -21455
12/00 2397 20142 -22539
12/00 -123 21503 -21380
12/00 -5393 24700 -19307
01/01 -1428 25499 -24071
01/01 -3874 24730 -20856
01/01 -2004 24986 -22982
01/01 -1919 20636 -18717
01/01 -998 18239 -17241
02/01 -1682 21297 -19615
02/01 323 19643 -19966
02/01 -949 19432 -18483
02/01 -1423 19920 -18497
03/01 -1943 21365 -19422
03/01 116 18694 -18810
03/01 -3499 18678 -15179
03/01 -3810 18096 -14286
04/01 -3214 16289 -13075
04/01 -7208 20947 -13739
04/01 -6111 17423 -11312
04/01 -5467 15674 -10207
05/01 -4777 14957 -10180
05/01 -2941 12636 -9695
05/01 2978 6149 -9127
05/01 -6785 12888 -6103
05/01 -5375 13772 -8397
06/01 -6425 17831 -11406
06/01 -8288 18762 -10474
06/01 -10633 20121 -9488
06/01 -12313 21936 -9623
07/01 -9104 20855 -11751
07/01 -6149 16996 -10847
07/01 -6682 16298 -9616
07/01 -6471 18655 -12184
07/01 -868 9530 -8662
08/01 -822 6517 -5695
08/01 1521 3915 -5436
08/01 1359 5915 -7274
08/01 5031 1407 -6438
09/01 6366 -611 -5755
09/01 8523 -3222 -5301
09/01 11285 -6451 -4834
09/01 9410 -6202 -3208
10/01 6382 -2151 -4231
10/01 11870 -6241 -5629
10/01 9120 -3153 -5967
10/01 8459 -3019 -5440
10/01 9041 -4488 -4553
11/01 9299 -6262 -3037
11/01 7037 -5628 -1409
11/01 5917 -2506 -3411
11/01 7504 -1078 -6426
12/01 9576 -198 -9378
12/01 12596 -2758 -9838
12/01 9831 -1740 -8091
12/01 9414 59 -9473
12/01 8657 659 -9316
01/02 6768 629 -7397
01/02 1460 4662 -6122
01/02 -2048 5976 -3928
01/02 -2507 9406 -6899
02/02 -2641 10515 -7874
02/02 -6164 12845 -6681
02/02 -4028 11608 -7580
02/02 -2532 7938 -5406
03/02 -3186 6303 -3117
03/02 -7070 9610 -2540
03/02 -4182 2280 1902
03/02 -6559 991 5568
04/02 -4867 -482 5349
04/02 -3595 35 3560
04/02 -5042 3204 1838
04/02 -4756 3297 1459
04/02 -5253 6279 -1026
05/02 -8667 9359 -692
05/02 -10389 10793 -404
05/02 -11118 11498 -380
05/02 -11636 12521 -885
06/02 -14706 12619 2087
06/02 -13629 11132 2497
06/02 -14936 12719 2217
06/02 -13250 12919 331
07/02 -14229 14012 217
07/02 -14239 14954 -715
07/02 -15902 19203 -3301
07/02 -18668 20958 -2290
07/02 -19445 20694 -1249
08/02 -19192 20027 -835
08/02 -21067 23858 -2791
08/02 -19803 24101 -4298
08/02 -18599 21327 -2728
09/02 -18431 19793 -1362
09/02 -22286 24668 -2382
09/02 -29640 33100 -3460
09/02 -30722 33550 -2828
10/02 -28995 30151 -1156
10/02 -29226 28024 1202
10/02 -31078 31350 -272
10/02 -27620 28971 -1351
10/02 -27288 30834 -3546
11/02 -28498 34920 -6422
11/02 -29129 34952 -5823
11/02 -28976 36545 -7569
11/02 -28308 38370 -10062
12/02 -28463 39318 -10855
12/02 -24537 38552 -14015
12/02 -22811 34231 -11420
12/02 -20684 34326 -13642
12/02 -20884 36472 -15588
01/03 -23041 39069 -16028
01/03 -22691 36994 -14303
01/03 -22701 32226 -9525
01/03 -22926 33274 -10348
02/03 -25439 39345 -13906
02/03 -26383 37564 -11181
02/03 -18083 26680 -8597
02/03 -17205 25354 -8149
03/03 -15502 19534 -4032
03/03 -13109 15906 -2797
03/03 -11451 15244 -3793
03/03 -11327 17125 -5798
04/03 -11832 18454 -6622
04/03 -16290 22784 -6494
04/03 -16459 25294 -8835
04/03 -16344 20831 -4487
04/03 -19745 23591 -3846
05/03 -24974 31245 -6271
05/03 -29943 36801 -6858
05/03 -31409 39015 -7606
05/03 -26757 30579 -3822
06/03 -30321 35419 -5098
06/03 -31520 37592 -6072
06/03 -28758 29590 -832
06/03 -26146 27299 -1153
07/03 -27461 30973 -3512
07/03 -31790 40100 -8310
07/03 -31712 36724 -5012
07/03 -29396 35967 -6571
07/03 -26076 33256 -7180
08/03 -26751 35493 -8742
08/03 -27593 37549 -9956
08/03 -26227 36125 -9898
08/03 -23955 33097 -9142
09/03 -22306 31621 -9315
09/03 -21946 28838 -6892
09/03 -20413 25662 -5249
09/03 -17230 23654 -6424
09/03 -18346 27115 -8769
10/03 -15857 30256 -14399
10/03 -14295 18786 -4491
10/03 -14442 17696 -3254
10/03 -14968 17387 -2419
11/03 -13328 17335 -4007
11/03 -14297 19355 -5058
11/03 -15936 18500 -2564
11/03 -17424 20912 -3488
12/03 -18884 22345 -3461
12/03 -16511 19702 -3191
12/03 -12683 14714 -2031
12/03 -9440 11646 -2206
12/03 -10194 15299 -5105
01/04 -7775 13368 -5593
01/04 -2666 6509 -3843
01/04 4020 -286 -3734
01/04 167 1657 -1824
02/04 435 704 -1139
02/04 2057 753 -2810
02/04 3172 -1737 -1435
02/04 1843 -29 -1814
03/04 -285 3148 -2863
03/04 -2955 6180 -3225
03/04 -9498 12230 -2732
03/04 -11577 13020 -1443
03/04 -10371 10764 -393
04/04 -14650 18421 -3771
04/04 -16438 22713 -6275
04/04 -20011 25250 -5239
04/04 -17328 24905 -7577
05/04 -18659 27449 -8790
05/04 -21850 28084 -6234
05/04 -20441 25376 -4935
05/04 -21550 24164 -2614
06/04 -25435 28438 -3003
06/04 -25704 32377 -6673
06/04 -25903 30436 -4533
06/04 -26661 28983 -2322
06/04 -23312 28617 -5305
07/04 -21456 26921 -5465
07/04 -19494 24964 -5470
07/04 -14931 21425 -6494
07/04 -17606 24758 -7152
08/04 -13388 22380 -8992
08/04 -18914 27362 -8448
08/04 -17654 25391 -7737
08/04 -13116 19873 -6757
08/04 -9244 15686 -6442
09/04 -7473 14656 -7183
09/04 -7890 14100 -6210
09/04 -9255 17494 -8239
09/04 -5310 14196 -8886
10/04 -10547 19482 -8935
10/04 -11114 20722 -9608
10/04 -11967 21452 -9485
10/04 -9986 18193 -8207
11/04 448 5465 -5913
11/04 1265 3132 -4397
11/04 282 4900 -5182
11/04 9034 3300 -12334
11/04 4916 8410 -13326
12/04 2031 10022 -12053
12/04 626 10103 -10729
12/04 -3221 18362 -15141
12/04 -7207 23559 -16352
01/05 -7641 21004 -13363
01/05 -8280 25994 -17714
01/05 -9219 27445 -18226
01/05 -6450 24117 -17667
02/05 -7749 25479 -17730
02/05 -9447 30896 -21449
02/05 -4934 25220 -20286
02/05 711 20386 -21097
03/05 1199 18769 -19968
03/05 -4197 27791 -23594
03/05 -11556 35688 -24132
03/05 -8449 30926 -22477
03/05 -7669 28463 -20794
04/05 -9929 31592 -21663
04/05 -8603 28094 -19491
04/05 -3719 24082 -20363
04/05 -5229 27269 -22040
05/05 -6015 25633 -19618
05/05 -8723 27637 -18914
05/05 -12050 32227 -20177
05/05 -5391 24737 -19346
05/05 -6575 24325 -17750
06/05 -1890 18956 -17066
06/05 6268 9271 -15539
06/05 11834 2074 -13908
06/05 15907 -3471 -12436
07/05 14608 -4490 -10118
07/05 17668 -8496 -9172
07/05 16147 -6319 -9828
07/05 16038 -5486 -10552
08/05 11426 -1068 -10358
08/05 15119 -4093 -11026
08/05 16407 -7483 -8924
08/05 11309 -3470 -7839
08/05 13290 -397 -12893
09/05 11413 2783 -14196
09/05 6597 12962 -19559
09/05 3795 16656 -20451
09/05 1882 19338 -21220
10/05 -3916 28221 -24305
10/05 -6451 33440 -26989
10/05 -7072 34643 -27571
10/05 -8960 36987 -28027
11/05 -6867 34643 -27776
11/05 -6090 35880 -29790
11/05 -7470 36189 -28719
11/05 -7138 37510 -30372
11/05 -8375 42783 -34408
12/05 -15924 51235 -35311
12/05 -14158 50082 -35924
12/05 -13879 49264 -35385
12/05 -11481 47078 -35597
01/06 -17889 52919 -35030
01/06 -13986 51632 -37646
01/06 -4335 43689 -39354
01/06 -528 39952 -39424
01/06 580 36081 -36661
02/06 5158 29659 -34817
02/06 4596 27623 -32219
02/06 6553 24586 -31139
02/06 9204 17162 -26366
03/06 14067 14578 -28645
03/06 22574 4956 -27530
03/06 29300 -3494 -25806
03/06 27910 -3926 -23984
04/06 20175 2765 -22940
04/06 26479 -2176 -24303
04/06 27489 -4482 -23007
04/06 27619 -4960 -22659
05/06 21427 1278 -22705
05/06 21899 3063 -24962
05/06 19765 6277 -26042
05/06 22610 6273 -28883
05/06 20720 9247 -29967
06/06 12524 19815 -32339
06/06 10972 22384 -33356
06/06 6336 25794 -32130
06/06 3214 28778 -31992
07/06 -2497 37402 -34905
07/06 249 34409 -34658
07/06 3272 29802 -33074
07/06 3859 26367 -30226
08/06 5090 26548 -31638
08/06 -589 32055 -31466
08/06 -125 30027 -29902
08/06 1 29222 -29223
08/06 1615 30156 -31771
09/06 455 29623 -30078
09/06 -2628 30560 -27932
09/06 2648 25759 -28407
09/06 4635 21621 -26256
10/06 5166 20136 -25302
10/06 4656 22723 -27379
10/06 5342 19798 -25140
10/06 7954 19393 -27347
10/06 4200 21014 -25214
11/06 3241 25630 -28871
11/06 3876 24010 -27886
11/06 6238 22066 -28304
11/06 7827 20229 -28056
12/06 6002 22878 -28880
12/06 4783 24831 -29614
12/06 2534 28002 -30536
12/06 2420 29029 -31449
01/07 -2251 34282 -32031
01/07 -1598 34404 -32806
01/07 1699 33706 -35405
01/07 -1026 34203 -33177
01/07 1173 32259 -33432
02/07 -1148 35588 -34440
02/07 -3945 37042 -33097
02/07 -4793 38321 -33528
02/07 -8071 39295 -31224
03/07 -4816 37613 -32797
03/07 -3940 36265 -32325
03/07 -2808 32435 -29627
03/07 -2199 31485 -29286
04/07 2249 27216 -29465
04/07 -1298 30721 -29423
04/07 -283 27269 -26986
04/07 2033 23910 -25943
05/07 2246 21879 -24125
05/07 2046 23058 -25104
05/07 1369 24716 -26085
05/07 557 25879 -26436
05/07 860 26545 -27405
06/07 999 26745 -27744
06/07 4090 24522 -28612
06/07 3121 25787 -28908
06/07 10485 17779 -28264
07/07 16500 9973 -26473
07/07 10919 16105 -27024
07/07 4745 21263 -26008
07/07 4238 22782 -27020
07/07 678 28007 -28685
08/07 222 27935 -28157
08/07 5696 18380 -24076
08/07 11788 10735 -22523
08/07 4765 23510 -28275
09/07 -320 28760 -28440
09/07 3789 27010 -30799
09/07 6130 22529 -28659
09/07 4869 25886 -30755
10/07 8150 23119 -31269
10/07 15912 14263 -30175
10/07 15115 13239 -28354
10/07 16196 14187 -30383
10/07 20379 9308 -29687
11/07 24392 3271 -27663
11/07 18606 9979 -28585
11/07 19373 8382 -27755
11/07 18858 9361 -28219
12/07 22080 5455 -27535
12/07 18596 11428 -30024
12/07 24850 5095 -29945
12/07 26614 3879 -30493
12/07 24134 7103 -31237
01/08 25585 2821 -28406
01/08 26390 2175 -28565
01/08 25982 4357 -30339
01/08 26014 4962 -30976
02/08 22343 8425 -30768
02/08 19690 12803 -32493
02/08 19377 13076 -32453
02/08 12498 18308 -30806
03/08 16277 17000 -33277
03/08 13737 20684 -34421
03/08 10091 26467 -36558
03/08 -1451 36584 -35133
04/08 -4192 40190 -35998
04/08 -3703 43577 -39874
04/08 -6144 47383 -41239
04/08 -6653 49260 -42607
04/08 -11281 56245 -44964
05/08 -16584 62286 -45702
05/08 -21080 65052 -43972
05/08 -16273 58589 -42316
05/08 -14952 58081 -43129
06/08 -11860 56454 -44594
06/08 -12922 59126 -46204
06/08 -18017 61843 -43826
06/08 -21243 62525 -41282
07/08 -18552 58244 -39692
07/08 -16139 54971 -38832
07/08 -4970 42713 -37743
07/08 5742 31765 -37507
07/08 15168 19542 -34710
08/08 12912 18928 -31840
08/08 11613 19974 -31587
08/08 16866 16819 -33685
08/08 19493 14182 -33675
09/08 22381 9582 -31963
09/08 28115 4306 -32421
09/08 30473 229 -30702
09/08 30441 -590 -29851
09/08 28016 2181 -30197
10/08 31210 -1029 -30181
10/08 28771 277 -29048
10/08 29364 -2795 -26569
10/08 27343 -3950 -23393
11/08 25344 -535 -24809
11/08 23234 1082 -24316
11/08 24770 -3741 -21029
11/08 23465 -4072 -19393
12/08 24233 -4415 -19818
12/08 30346 -10572 -19774
12/08 30098 -10044 -20054
12/08 30292 -10703 -19589
12/08 28434 -10136 -18298
01/09 23553 -5712 -17841
01/09 17233 -1381 -15852
01/09 19354 -2875 -16479
01/09 21260 -3967 -17293
02/09 21616 -6944 -14672
02/09 12434 4206 -16640
02/09 13701 4434 -18135
02/09 19335 2830 -22165
03/09 21203 -833 -20370
03/09 22283 -3446 -18837
03/09 20855 -3201 -17654
03/09 17133 -3202 -13931
03/09 21748 -9016 -12732
04/09 13164 342 -13506
04/09 10627 2209 -12836
04/09 9551 1574 -11125
04/09 9254 218 -9472
05/09 13542 -4177 -9365
05/09 14151 -3314 -10837
05/09 15584 -4443 -11141
05/09 13862 -1195 -12667
06/09 24734 -10485 -14249
06/09 26033 -10661 -15372
06/09 27918 -12200 -15718
06/09 20026 -2875 -17151
06/09 8530 10099 -18629
07/09 6581 10959 -17540
07/09 -2843 22006 -19163
07/09 -7968 26871 -18903
07/09 -9974 27133 -17159
08/09 -9316 30352 -21036
08/09 2752 21772 -24524
08/09 4905 19017 -23922
08/09 5801 19169 -24970
09/09 15675 8810 -24485
09/09 17337 7976 -25313
09/09 12773 12526 -25299
09/09 23585 -1291 -22294
09/09 18838 3870 -22708
10/09 23656 1081 -24737
10/09 22210 -22 -22188
10/09 14641 5438 -20079
10/09 5014 16278 -21292
11/09 -1128 22926 -21798
11/09 187 27365 -27552
11/09 4448 22921 -27369
11/09 4217 22597 -26814
12/09 3619 22606 -26225
12/09 344 22763 -23107
12/09 -3106 26367 -23261
12/09 -7416 32519 -25103
12/09 -10699 37869 -27170
01/10 -20532 47487 -26955
01/10 -19998 51492 -31494
01/10 -32465 67655 -35190
01/10 -35975 71807 -35832
02/10 -32517 67698 -35181
02/10 -34654 71741 -37087
02/10 -40693 79837 -39144
02/10 -41111 80097 -38986
03/10 -46530 86320 -39790
03/10 -48489 92074 -43585
03/10 -48800 93700 -44900
03/10 -50951 94913 -43962
03/10 -53845 97158 -43313
04/10 -61742 105249 -43507
04/10 -64357 108753 -44396
04/10 -68536 113266 -44730
04/10 -67654 111353 -43699
05/10 -65326 107524 -42198
05/10 -63965 108379 -44414
05/10 -53320 94419 -41099
05/10 -52087 90632 -38545
06/10 -46304 83526 -37222
06/10 -33363 69758 -36395
06/10 -25733 60057 -34324
06/10 -25384 57620 -32236
06/10 -18177 51815 -33638
07/10 -22984 56077 -33093
07/10 -23360 54555 -31195
07/10 -31840 62198 -30358
07/10 -36102 67879 -31777
08/10 -42491 75194 -32703
08/10 -51229 85729 -34500
08/10 -51432 86650 -35218
08/10 -63348 101803 -38455
08/10 -73179 111460 -38281
09/10 -72781 111071 -38290
09/10 -70829 109733 -38904
09/10 -72656 110424 -37768
09/10 -72185 109392 -37207
10/10 -68562 107449 -38887
10/10 -66362 100818 -34456
10/10 -65086 100268 -35182
10/10 -63545 98142 -34597
11/10 -57319 91282 -33963
11/10 -54299 85842 -31543
11/10 -53722 90548 -36826
11/10 -47560 84667 -37107
11/10 -46454 84861 -38407
12/10 -49287 88324 -39037
12/10 -44824 83656 -38832
12/10 -43601 82186 -38585
12/10 -42259 79922 -37663
01/11 -39987 76980 -36993
01/11 -41437 77589 -36152
01/11 -31287 69684 -38397
01/11 -31328 66907 -35579
02/11 -28839 65610 -36771
02/11 -31628 69849 -38221
02/11 -31772 71242 -39470
02/11 -32658 72563 -39905
03/11 -31288 68848 -37560
03/11 -33938 72579 -38641
03/11 -25680 66790 -41110
03/11 -17850 56972 -39122
03/11 -18200 60600 -42400
04/11 -28976 71492 -42516
04/11 -30852 75551 -44699
04/11 -30757 75540 -44783
04/11 -24349 69482 -45133
05/11 -18229 63556 -45327
05/11 -13375 57287 -43912
05/11 -10388 52287 -41899
05/11 -7220 45028 -37808
05/11 -2028 38591 -36563
06/11 2046 34651 -36697
06/11 8298 28486 -36784
06/11 10032 27326 -37358
06/11 10437 28174 -38611
07/11 7666 28618 -36284
07/11 -5172 40642 -35470
07/11 -10621 43448 -32827
07/11 -4413 35820 -31407
08/11 149 30366 -30515
08/11 -351 35161 -34810
08/11 -11544 42466 -30922
08/11 -2628 33101 -30473
08/11 6019 23451 -29470
09/11 5962 24151 -30113
09/11 1192 31274 -32466
09/11 -11794 44793 -32999
09/11 -13516 43018 -29502
10/11 -24069 51644 -27575
10/11 -30487 58821 -28334
10/11 -39563 72181 -32618
10/11 -40877 72868 -31991
11/11 -30337 60816 -30479
11/11 -37878 70677 -32799
11/11 -34607 64071 -29464
11/11 -28841 58152 -29311
11/11 -29801 57670 -27869
12/11 -28655 56695 -28040
12/11 -20470 48595 -28125
12/11 -12648 41941 -29293
12/11 -11500 42416 -30916
01/12 -17545 46941 -29396
01/12 -13384 43017 -29633
01/12 -10977 42676 -31699
01/12 -14687 47034 -32347
01/12 -20581 54847 -34266
02/12 -27358 64974 -37616
02/12 -28467 65475 -37008
02/12 -31409 68950 -37541
02/12 -29207 65933 -36726
03/12 -27754 65302 -37548
03/12 -17140 55950 -38810
03/12 -14984 52606 -37622
03/12 -10226 46085 -35859
04/12 -6525 37024 -30499
04/12 -8424 36504 -28080
04/12 -5517 31114 -25597
04/12 -11638 34731 -23093
05/12 -10176 31767 -21591
05/12 -9208 33615 -24407
05/12 -8771 34009 -25238
05/12 -11011 40624 -29613
05/12 -13601 41668 -28067
06/12 -13706 39456 -25750
06/12 -10969 37270 -26301
06/12 -7718 30008 -22290
06/12 -5749 25219 -19470
07/12 -3166 23063 -19897
07/12 -5680 25128 -19448
07/12 1517 21490 -23007
07/12 9478 13273 -22751
07/12 4049 17170 -21219
08/12 12357 9281 -21638
08/12 6225 13686 -19911
08/12 878 21685 -22563
08/12 2206 18796 -21002
09/12 2113 17121 -19234
09/12 -3131 22859 -19728
09/12 -17028 34328 -17300
09/12 -11502 26326 -14824
10/12 4878 8707 -13585
10/12 7523 7258 -14781
10/12 9297 5085 -14382
10/12 -4004 21956 -17952
10/12 510 16945 -17455
11/12 1081 15518 -16599
11/12 7007 9640 -16647
11/12 8347 7187 -15534
11/12 -10558 31318 -20760
12/12 -9217 30614 -21397
12/12 -9153 27924 -18771
12/12 -16629 37539 -20910
12/12 -24409 46002 -21593
12/12 -27281 47165 -19884
01/13 -32239 49306 -17067
01/13 -21669 36158 -14489
01/13 -7519 16090 -8571
01/13 -78 10171 -10093
02/13 2388 7602 -9990
02/13 11457 859 -12316
02/13 14584 -2587 -11997
02/13 19059 -8665 -10394
03/13 20166 -7438 -12728
03/13 19595 -8172 -11423
03/13 20245 -6057 -14188
03/13 17216 -5008 -12208
04/13 20296 -10639 -9657
04/13 7822 2964 -10786
04/13 5909 7252 -13161
04/13 7572 3236 -10808
04/13 4412 6473 -10885
05/13 -6415 17887 -11472
05/13 -6204 12535 -6331
05/13 -652 5673 -5021
05/13 1535 4041 -5576
06/13 -487 4941 -4454
06/13 -5294 10652 -5358
06/13 -412 4530 -4118
06/13 -7029 13852 -6823
07/13 -9917 19505 -9588
07/13 -12046 22840 -10794
07/13 -10144 19762 -9618
07/13 -6938 15921 -8983
07/13 -7269 13791 -6522
08/13 -5671 10440 -4769
08/13 -18962 25624 -6662
08/13 -31288 40041 -8753
08/13 -32270 39840 -7570
09/13 -31971 40758 -8787
09/13 -14481 23882 -9401
09/13 -8035 14501 -6466
09/13 -11456 17126 -5670
10/13 -26645 35222 -8577
10/13 -41337 54109 -12772
10/13 -48975 61458 -12483
10/13 -51592 61557 -9965
10/13 -53521 64931 -11410
11/13 -57090 67836 -10746
11/13 -56711 67376 -10665
11/13 -52397 65491 -13094
11/13 -46874 59709 -12835
12/13 -54044 69299 -15255
12/13 -63630 80090 -16460
12/13 -63743 78600 -14857
12/13 -62537 77516 -14979
12/13 -68998 83461 -14463
01/14 -77176 94296 -17120
01/14 -83631 104544 -20913
01/14 -87104 110463 -23359
01/14 -92644 112869 -20225
02/14 -97040 118949 -21909
02/14 -100091 123025 -22934
02/14 -96936 118571 -21635
02/14 -91041 112261 -21220
03/14 -89762 109878 -20116
03/14 -89701 109447 -19746
03/14 -89465 110275 -20810
03/14 -90151 112193 -22042
04/14 -91589 112888 -21299
04/14 -102182 122181 -19999
04/14 -100725 120945 -20220
04/14 -99159 117317 -18158
04/14 -96535 114376 -17841
05/14 -90260 110026 -19766
05/14 -85581 104854 -19273
05/14 -87278 106643 -19365
05/14 -76673 95542 -18869
06/14 -72688 89457 -16769
06/14 -84955 101942 -16987
06/14 -79330 94962 -15632
06/14 -80144 95173 -15029
07/14 -78795 92843 -14048
07/14 -83918 97891 -13973
07/14 -84990 97524 -12534
07/14 -82002 93323 -11321
07/14 -82605 92179 -9574
08/14 -90670 101041 -10371
08/14 -85685 97433 -11748
08/14 -76640 86950 -10310
08/14 -66108 77595 -11487
09/14 -64619 76208 -11589
09/14 -76207 91614 -15407
09/14 -76642 95905 -19263
09/14 -72728 91388 -18660
09/14 -68550 84927 -16377
10/14 -76853 94736 -17883
10/14 -74783 94518 -19735
10/14 -72118 90003 -17885
10/14 -73760 91417 -17657
11/14 -71038 89274 -18236
11/14 -71896 87523 -15627
11/14 -78920 94440 -15520
11/14 -87700 105234 -17534
12/14 -86992 103777 -16785
12/14 -81167 96980 -15813
12/14 -67867 86885 -19018
12/14 -49467 63400 -13933
12/14 -53450 65858 -12408
01/15 -50265 61876 -11611
01/15 -50623 62657 -12034
01/15 -43880 53422 -9542
01/15 -37859 48260 -10401
02/15 -31260 42209 -10949
02/15 -28655 39814 -11159
02/15 -25871 36781 -10910
02/15 -26432 38159 -11727
03/15 -24897 35792 -10895
03/15 -29422 39938 -10516
03/15 -30542 41976 -11434
03/15 -41242 53733 -12491
03/15 -45647 56917 -11270
04/15 -54217 66978 -12761
04/15 -58699 72224 -13525
04/15 -53524 67553 -14029
04/15 -56849 70395 -13546
05/15 -61904 75561 -13657
05/15 -66177 79811 -13634
05/15 -71203 85358 -14155
05/15 -70127 84191 -14064
06/15 -68299 81812 -13513
06/15 -71930 86615 -14685
06/15 -66420 80893 -14473
06/15 -60082 74019 -13937
06/15 -51247 66326 -15079
07/15 -45605 60240 -14635
07/15 -33562 44044 -10482
07/15 -21378 30689 -9311
07/15 -12118 19794 -7676
08/15 -4345 9082 -4737
08/15 -9922 13612 -3690
08/15 -8143 14058 -5915
08/15 -499 9820 -9321
09/15 4649 3405 -8054
09/15 9813 -3152 -6661
09/15 15039 -5366 -9673
09/15 23347 -12391 -10956
09/15 22967 -11442 -11525
10/15 18948 -10083 -8865
10/15 30608 -20554 -10054
10/15 31691 -19855 -11836
10/15 26713 -12503 -14210
11/15 23568 -11226 -12342
11/15 22259 -11245 -11014
11/15 24612 -11641 -12971
11/15 23585 -11011 -12574
12/15 26346 -14006 -12340
12/15 25496 -11623 -13873
12/15 21326 -8790 -12536
12/15 23133 -8909 -14224
12/15 28519 -11881 -16638
01/16 25058 -6946 -18112
01/16 19149 -1683 -17466
01/16 19762 -1717 -18045
01/16 17868 -3726 -14142
02/16 20772 -6373 -14399
02/16 13693 1817 -15510
02/16 12439 1716 -14155
02/16 6840 5924 -12764
03/16 2036 13894 -15930
03/16 -4316 18930 -14614
03/16 -18152 32666 -14514
03/16 -22106 38024 -15918
03/16 -15199 27738 -12539
04/16 -10673 23865 -13192
04/16 -10929 21897 -10968
04/16 -10102 20902 -10800
04/16 -7168 17595 -10427
05/16 -7150 15454 -8304
05/16 -6839 14735 -7896
05/16 -21649 33764 -12115
05/16 -17992 29416 -11424
05/16 -19128 29046 -9918
06/16 -14911 26995 -12084
06/16 -15557 25874 -10317
06/16 -10694 17979 -7285
06/16 -7968 15391 -7423
07/16 -7124 16477 -9353
07/16 -2990 12089 -9099
07/16 -8995 17637 -8642
07/16 -11440 21014 -9574
08/16 -19941 31855 -11914
08/16 -22080 36511 -14431
08/16 -20201 33861 -13660
08/16 -23441 32997 -9556
08/16 -12381 20069 -7688
09/16 -9413 15466 -6053
09/16 -5942 12959 -7017
09/16 -6639 14632 -7993
09/16 -7767 18021 -10254
10/16 -10053 17558 -7505
10/16 -8976 16340 -7364
10/16 -6063 13851 -7788
10/16 -7597 19271 -11674
11/16 -13299 26197 -12898
11/16 -11103 23331 -12228
11/16 -14581 28582 -14001
11/16 -28389 46492 -18103
11/16 -38412 57348 -18936
12/16 -47958 67089 -19131
12/16 -51832 72322 -20490
12/16 -58603 81073 -22470
12/16 -63104 86989 -23885
01/17 -65628 88587 -22959
01/17 -68621 92307 -23686
01/17 -69317 94746 -25429
01/17 -69911 96024 -26113
01/17 -70984 96293 -25309
02/17 -72755 96435 -23680
02/17 -68415 91018 -22603
02/17 -64441 88369 -23928
02/17 -69760 90191 -20431
03/17 -70153 90142 -19989
03/17 -73709 93388 -19679
03/17 -80263 103176 -22913
03/17 -88368 112015 -23647
04/17 -88148 113132 -24984
04/17 -96379 122037 -25658
04/17 -103150 129808 -26658
04/17 -104567 130514 -25947
05/17 -103388 127907 -24519
05/17 -102281 123801 -21520
05/17 -106239 126370 -20131
05/17 -109144 131738 -22594
05/17 -110766 130893 -20127
06/17 -113513 134951 -21438
06/17 -112547 135992 -23445
06/17 -108692 132067 -23375
06/17 -105375 127780 -22405
07/17 -97087 120005 -22918
07/17 -94336 114766 -20430
07/17 -90361 111326 -20965
07/17 -89602 109857 -20255
08/17 -89860 107633 -17773
08/17 -86160 105415 -19255
08/17 -76449 93626 -17177
08/17 -74458 92980 -18522
08/17 -66603 86412 -19809
09/17 -62540 83161 -20621
09/17 -64440 87836 -23396
09/17 -69675 93166 -23491
09/17 -75956 98436 -22480
10/17 -84769 107083 -22314
10/17 -87796 112083 -24287
10/17 -87284 113033 -25749
10/17 -93627 119628 -26001
10/17 -100302 127509 -27207
11/17 -110013 138758 -28745
11/17 -109029 138543 -29514
11/17 -104256 129989 -25733
11/17 -104082 128744 -24662
12/17 -100260 124538 -24278
12/17 -90475 110840 -20365
12/17 -84076 103522 -19446
12/17 -75913 94735 -18822
01/18 -75481 93461 -17980
01/18 -69603 88337 -18734
01/18 -66182 82350 -16168
01/18 -69761 91460 -21699
01/18 -72529 94043 -21514
02/18 -79259 101987 -22728
02/18 -78672 100314 -21642
02/18 -84561 107019 -22458
02/18 -83407 104739 -21332
03/18 -76049 96215 -20166
03/18 -68153 88160 -20007
03/18 -55725 73282 -17557
03/18 -40317 56427 -16110
04/18 -32603 45142 -12539
04/18 -25070 34979 -9909
04/18 -20070 29066 -8996
04/18 -15312 22720 -7408
05/18 -11536 17140 -5604
05/18 -11670 18061 -6391
05/18 -6691 11304 -4613
05/18 -9100 12247 -3147
05/18 -8555 13424 -4869
06/18 -7327 12793 -5466
06/18 -9418 18737 -9319
06/18 -11496 20613 -9117
06/18 -10724 19026 -8302
07/18 -15217 23439 -8222
07/18 -32651 41355 -8704
07/18 -34179 42595 -8416
07/18 -40586 52573 -11987
07/18 -43659 55159 -11500
08/18 -50533 62644 -12111
08/18 -50242 60603 -10361
08/18 -55735 67884 -12149
08/18 -53933 65129 -11196
09/18 -53828 65531 -11703
09/18 -48937 61009 -12072
09/18 -65169 80755 -15586
09/18 -68226 84190 -15964
10/18 -69386 86869 -17483
10/18 -69536 86622 -17086
10/18 -69210 85076 -15866
10/18 -68642 84461 -15819
10/18 -64508 79322 -14814
11/18 -63900 75627 -11727
11/18 -56725 67642 -10917
11/18 -59786 70513 -10727
11/18 -65093 77532 -12439
12/18 -65986 80038 -14052
12/18 -70665 85333 -14668
12/18 -76632 95277 -18645
12/18 -77657 94814 -17157
12/18 -84622 104294 -19672
01/19 -82967 102856 -19889
01/19 -87232 107913 -20681
01/19 -86606 107019 -20413
01/19 -87054 108610 -21556
02/19 -93910 117044 -23134
02/19 -96669 122504 -25835
02/19 -97631 124436 -26805
02/19 -101745 130038 -28293
03/19 -105744 135996 -30252
03/19 -103853 136180 -32327
03/19 -114780 150290 -35510
03/19 -120043 155121 -35078
04/19 -121465 155100 -33635
04/19 -125605 158730 -33125
04/19 -128018 163710 -35692
04/19 -130837 165138 -34301
04/19 -119343 145697 -26354
05/19 -106144 126647 -20503
05/19 -98076 114649 -16573
05/19 -87855 104492 -16637
05/19 -83933 98191 -14258
06/19 -71684 81918 -10234
06/19 -58958 68939 -9981
06/19 -59064 66261 -7197
06/19 -53932 58943 -5011
07/19 -52509 54379 -1870
07/19 -48572 52758 -4186
07/19 -49720 55306 -5586
07/19 -48226 53490 -5264
07/19 -49642 56625 -6983
08/19 -43609 49188 -5579
08/19 -43849 44732 -883
08/19 -35125 30775 4350
08/19 -35845 31362 4483
09/19 -34805 29550 5255
09/19 -24248 20054 4194
09/19 -25632 21811 3821
09/19 -25225 21497 3728
10/19 -27932 29288 -1356
10/19 -23454 27690 -4236
10/19 -29024 35280 -6256
10/19 -33887 42224 -8337
10/19 -38118 47308 -9190
11/19 -49097 63029 -13932
11/19 -57455 74636 -17181
11/19 -57209 79237 -22028
11/19 -56969 79452 -22483
12/19 -56198 78327 -22129
12/19 -62455 83604 -21149
12/19 -70338 92822 -22484
12/19 -69421 91221 -21800
12/19 -65472 86486 -21014
01/20 -64246 85000 -20754
01/20 -64342 86689 -22347
01/20 -68036 91639 -23603
01/20 -57932 79251 -21319
02/20 -55771 70545 -14774
02/20 -48452 57217 -8765
02/20 -41083 50927 -9844
02/20 -23032 33078 -10046
03/20 -17149 24523 -7374
03/20 -11720 19610 -7890
03/20 -9746 16444 -6698
03/20 -18495 22000 -3505
03/20 -21361 23866 -2505
04/20 -19865 20109 -244
04/20 -23942 24359 -417
04/20 -25259 27339 -2080
04/20 -30249 30528 -279
05/20 -29606 29341 265
05/20 -31244 34358 -3114
05/20 -32945 34325 -1380
05/20 -32990 34661 -1671
06/20 -32088 33489 -1401
06/20 -24809 27637 -2828
06/20 -19810 24004 -4194
06/20 -20283 24435 -4152
06/20 -17611 23878 -6267
07/20 -19914 28348 -8434
07/20 -20555 27329 -6774
07/20 -26125 33139 -7014
07/20 -31859 37732 -5873
08/20 -33376 40702 -7326
08/20 -42728 49627 -6899
08/20 -51125 60582 -9457
08/20 -54622 65023 -10401
09/20 -52943 62908 -9965
09/20 -53226 64120 -10894
09/20 -54121 66114 -11993
09/20 -52609 62529 -9920
09/20 -54052 65689 -11637
10/20 -51132 62445 -11313
10/20 -49185 57076 -7891
10/20 -36179 41345 -5166
10/20 -24610 25210 -600
11/20 -19671 24464 -4793
11/20 -28738 34398 -5660
11/20 -34913 42887 -7974
11/20 -35675 43637 -7962
12/20 -39729 46907 -7178
12/20 -42135 49179 -7044
12/20 -45116 52564 -7448
12/20 -51007 59633 -8626
12/20 -50894 60306 -9412
01/21 -48283 56725 -8442
01/21 -42118 52037 -9919
01/21 -40825 51355 -10530
01/21 -62109 74430 -12321
02/21 -68115 79195 -11080
02/21 -78678 92095 -13417
02/21 -82011 96201 -14190
02/21 -77143 89507 -12364
03/21 -72809 83632 -10823
03/21 -73407 83876 -10469
03/21 -76008 85285 -9277
03/21 -69516 78630 -9114
03/21 -74627 83856 -9229
04/21 -82699 92683 -9984
04/21 -80252 90303 -10051
04/21 -67019 74205 -7186
04/21 -58995 62254 -3259
05/21 -51517 55429 -3912
05/21 -57849 63154 -5305
05/21 -61528 66955 -5427
05/21 -61294 66591 -5297
06/21 -53868 59486 -5618
06/21 -55935 61488 -5553
06/21 -60492 69321 -8829
06/21 -65988 74914 -8926
06/21 -64011 73073 -9062
07/21 -63972 72126 -8154
07/21 -57076 64657 -7581
07/21 -53028 62386 -9358
07/21 -59612 70938 -11326
08/21 -58048 69651 -11603
08/21 -62884 75076 -12192
08/21 -63483 77785 -14302
08/21 -80141 96218 -16077
08/21 -74129 87565 -13436
09/21 -62073 72499 -10426
09/21 -44025 53155 -9130
09/21 -36903 44556 -7653
09/21 -33747 40163 -6416
10/21 -28700 33852 -5152
10/21 -35822 42789 -6967
10/21 -39825 48491 -8666
10/21 -37895 44978 -7083
11/21 -36717 41894 -5177
11/21 -41274 49203 -7929
11/21 -43034 52226 -9192
11/21 -53384 65461 -12077
11/21 -61828 74654 -12826
12/21 -63995 77523 -13528
12/21 -65710 79514 -13804
12/21 -57712 66356 -8644
12/21 -57693 65603 -7910
01/22 -61531 71879 -10348
01/22 -57315 61820 -4505
01/22 -58078 63562 -5484
01/22 -43410 48641 -5231
02/22 -57535 65508 -7973
02/22 -66920 79809 -12889
02/22 -69675 83567 -13892
02/22 -67284 82243 -14959
03/22 -51142 59039 -7897
03/22 -32718 39567 -6849
03/22 -35043 44256 -9213
03/22 -37444 46739 -9295
03/22 -42343 52745 -10402
04/22 -40653 49067 -8414
04/22 -43300 51842 -8542
04/22 -45886 54525 -8639
04/22 -52127 61349 -9222
05/22 -41382 47036 -5654
05/22 -35783 39803 -4020
05/22 -31417 35030 -3613
05/22 -22153 22747 -594
05/22 -18566 19540 -974
06/22 -24212 25428 -1216
06/22 -30120 32744 -2624
06/22 -38641 40122 -1481
06/22 -27080 27835 -755
07/22 -20591 20029 562
07/22 -22536 21899 637
07/22 -22536 21956 580
07/22 -34885 35927 -1042
08/22 -37027 36889 138
08/22 -47453 48582 -1129
08/22 -58750 61388 -2638
08/22 -59837 62077 -2240
08/22 -57725 59731 -2006
09/22 -59885 62830 -2945
09/22 -62992 68420 -5428
09/22 -65032 70367 -5335
09/22 -58327 60967 -2640
10/22 -43957 43118 839
10/22 -40376 39665 711
10/22 -42115 41656 459
10/22 -61708 64126 -2418
11/22 -60536 63466 -2930
11/22 -57915 57429 486
11/22 -49845 47916 1929
11/22 -52664 55515 -2851
11/22 -52522 54034 -1512
12/22 -52026 55263 -3237
12/22 -55162 58815 -3653
12/22 -53118 56445 -3327
12/22 -62304 67201 -4897
01/23 -63397 70489 -7092
01/23 -72962 79994 -7032
01/23 -67709 74143 -6434
01/23 -62823 66228 -3405
01/23 -72958 77223 -4265
02/23 -88676 95030 -6354
02/23 -92791 100828 -8037
02/23 -95188 104274 -9086
02/23 -98948 107316 -8368
03/23 -99969 108719 -8750
03/23 -88118 95473 -7355
03/23 -67647 69700 -2053
03/23 -63683 64698 -1015
04/23 -78189 86174 -7985
04/23 -87749 94616 -6867
04/23 -92780 102072 -9292
04/23 -92450 102034 -9584
05/23 -93632 104786 -11154
05/23 -89982 97837 -7855
05/23 -92356 102116 -9760
05/23 -89891 101647 -11756
05/23 -90357 101378 -11021
06/23 -97322 105621 -8299
06/23 -100474 112249 -11775
06/23 -94062 105936 -11874
06/23 -92366 103089 -10723
07/23 -92019 105443 -13424
07/23 -94468 108501 -14033
07/23 -89634 104844 -15210
07/23 -82121 95306 -13185
08/23 -79875 90952 -11077
08/23 -79969 91300 -11331
08/23 -78404 90669 -12265
08/23 -70903 81019 -10116
08/23 -76856 87465 -10609
09/23 -76291 86489 -10198
09/23 -77999 92544 -14545
09/23 -83324 99481 -16157
09/23 -78262 95104 -16842
10/23 -72244 86338 -14094
10/23 -72921 84099 -11178
10/23 -68827 78307 -9480
10/23 -49115 56857 -7742
10/23 -43839 50186 -6347
11/23 -45605 51227 -5622
11/23 -39405 42815 -3410
11/23 -35917 38656 -2739
11/23 -36327 39857 -3530
12/23 -32960 37458 -4498
12/23 -34044 38758 -4714
12/23 -30801 34166 -3365
12/23 -30541 32798 -2257
01/24 -28827 30653 -1826
01/24 -23263 23367 -104
01/24 -22619 22808 -189
01/24 -26771 26332 439
01/24 -33950 37214 -3264
02/24 -43980 49154 -5174
02/24 -48988 53594 -4606
02/24 -57126 61880 -4754
02/24 -60465 65999 -5534
03/24 -64091 68913 -4822
03/24 -66632 72845 -6213
03/24 -65773 73770 -7997
03/24 -59051 66910 -7859
04/24 -53210 60056 -6846
04/24 -42479 48971 -6492
04/24 -35975 43011 -7036
04/24 -39851 47553 -7702
04/24 -38088 43803 -5715
05/24 -37324 43475 -6151
05/24 -37742 44659 -6917
05/24 -41761 50656 -8895
05/24 -49742 60855 -11113
06/24 -45886 54133 -8247
06/24 -43828 51158 -7330
06/24 -46012 52447 -6435
06/24 -40548 48715 -8167
07/24 -42671 50612 -7941
07/24 -41067 51277 -10210
07/24 -37003 47212 -10209
07/24 -34654 46763 -12109
07/24 -45493 59974 -14481
08/24 -33544 45272 -11728
08/24 -24267 36237 -11970
08/24 -22612 35622 -13010
08/24 -21555 33769 -12214
09/24 -18370 30329 -11959
09/24 -21140 33049 -11909
09/24 -17976 30498 -12522
09/24 -21714 36107 -14393
10/24 -36186 52851 -16665
10/24 -45798 64760 -18962
10/24 -49211 71418 -22207
01/24 -28827 30653 -1826
01/24 -23263 23367 -104
01/24 -22619 22808 -189
01/24 -26771 26332 439
01/24 -33950 37214 -3264
02/24 -43980 49154 -5174
02/24 -48988 53594 -4606
02/24 -57126 61880 -4754
02/24 -60465 65999 -5534
03/24 -64091 68913 -4822
03/24 -66632 72845 -6213
03/24 -65773 73770 -7997
03/24 -59051 66910 -7859
04/24 -53210 60056 -6846
04/24 -42479 48971 -6492
04/24 -35975 43011 -7036
04/24 -39851 47553 -7702
04/24 -38088 43803 -5715
05/24 -37324 43475 -6151
05/24 -37742 44659 -6917
05/24 -41761 50656 -8895
05/24 -49742 60855 -11113
06/24 -45886 54133 -8247
06/24 -43828 51158 -7330
06/24 -46012 52447 -6435
06/24 -40548 48715 -8167
07/24 -42671 50612 -7941
07/24 -41067 51277 -10210
07/24 -37003 47212 -10209
07/24 -34654 46763 -12109
07/24 -45493 59974 -14481
08/24 -33544 45272 -11728
08/24 -24267 36237 -11970
08/24 -22612 35622 -13010
08/24 -21555 33769 -12214
09/24 -18370 30329 -11959
09/24 -21140 33049 -11909
09/24 -17976 30498 -12522
09/24 -21714 36107 -14393
10/24 -36186 52851 -16665
10/24 -45798 64760 -18962
10/24 -49211 71418 -22207
10/24 -51046 72774 -21728
