01/86 -57 -656 713
01/86 -12 -1048 1060
02/86 -523 -891 1414
02/86 -2490 1128 1362
03/86 -3323 1665 1658
03/86 -3488 1437 2051
04/86 -2491 922 1569
04/86 -2911 817 2094
05/86 -3571 1607 1964
05/86 -1806 257 1549
06/86 -1206 -417 1623
06/86 -1261 68 1193
07/86 -1026 -50 1076
07/86 -237 -624 861
08/86 -408 -89 497
08/86 -1474 906 568
09/86 -1939 1255 684
09/86 -805 315 490
10/86 -1389 879 510
10/86 -2016 1247 769
11/86 -2005 972 1033
11/86 -1398 266 1132
12/86 -1496 285 1211
12/86 -805 -418 1223
01/87 -1175 181 994
01/87 -1602 587 1015
02/87 -1149 849 300
02/87 -821 465 356
03/87 -1385 706 679
03/87 -1945 1005 940
04/87 -1726 740 986
04/87 -1594 697 897
05/87 -1756 913 843
05/87 -1365 212 1153
06/87 -2290 1282 1008
06/87 -2144 1154 990
07/87 -1995 1229 766
07/87 -2319 1416 903
08/87 -2407 1353 1054
08/87 -2218 1587 631
09/87 -1952 1474 478
09/87 -1709 998 711
10/87 -1404 308 1096
10/87 -439 -549 988
11/87 -812 -9 821
11/87 -1401 655 746
12/87 -1883 762 1121
12/87 -2178 552 1626
01/88 -1683 146 1537
01/88 -1989 950 1039
02/88 -2548 1295 1253
02/88 -1457 190 1267
03/88 -1233 -223 1456
03/88 -1373 162 1211
04/88 -1653 699 954
04/88 -1650 471 1179
05/88 -991 -478 1469
05/88 -1877 425 1452
06/88 -2175 530 1645
06/88 -2093 123 1970
07/88 -1628 325 1303
07/88 -970 -104 1074
08/88 179 -782 603
08/88 268 -647 379
09/88 422 -292 -130
09/88 251 -437 186
10/88 -1341 573 768
10/88 -820 490 330
11/88 11 -261 250
11/88 -451 17 434
12/88 -635 64 571
12/88 -1163 1360 -197
01/89 -1306 1379 -73
01/89 -435 858 -423
02/89 -762 819 -57
02/89 108 199 -307
03/89 1026 -868 -158
03/89 1175 -931 -244
04/89 885 -777 -108
04/89 1351 -1517 166
05/89 1087 -741 -346
05/89 1090 -850 -240
06/89 374 422 -796
06/89 156 460 -616
07/89 201 546 -747
07/89 -718 2127 -1409
08/89 -109 1191 -1082
08/89 442 300 -742
09/89 -122 1097 -975
09/89 -103 935 -832
10/89 -271 1468 -1197
10/89 610 -375 -235
11/89 435 58 -493
11/89 305 105 -410
12/89 -829 1451 -622
12/89 -573 1406 -833
01/90 -198 1200 -1002
01/90 -178 1582 -1404
02/90 -775 1642 -867
02/90 178 138 -316
03/90 490 -309 -181
03/90 106 650 -756
04/90 328 360 -688
04/90 453 314 -767
05/90 -825 1760 -935
05/90 -936 1559 -623
06/90 -824 995 -171
06/90 -249 959 -710
07/90 105 477 -582
07/90 878 -110 -768
08/90 1124 -461 -663
08/90 688 21 -709
09/90 864 165 -1029
09/90 1273 -363 -910
10/90 1309 -351 -958
10/90 1044 -525 -519
11/90 724 -564 -160
11/90 586 -705 119
12/90 389 -359 -30
12/90 404 -443 39
01/91 421 -464 43
01/91 264 -426 162
02/91 -290 41 249
02/91 -114 -44 158
03/91 -166 112 54
03/91 -200 65 135
04/91 -190 157 33
04/91 -236 134 102
05/91 70 64 -134
05/91 225 151 -376
06/91 441 -79 -362
06/91 260 158 -418
07/91 -9 568 -559
07/91 547 -184 -363
08/91 711 -6 -705
08/91 623 13 -636
09/91 668 -50 -618
09/91 405 75 -480
10/91 297 126 -423
10/91 107 221 -328
11/91 -192 374 -182
11/91 -50 156 -106
12/91 144 68 -212
12/91 119 -122 3
01/92 -169 370 -201
01/92 -487 481 6
02/92 -184 325 -141
02/92 -213 248 -35
03/92 -145 111 34
03/92 54 71 -125
04/92 166 124 -290
04/92 128 63 -191
05/92 150 -35 -115
05/92 164 -111 -53
06/92 165 -24 -141
06/92 31 -18 -13
07/92 50 -165 115
07/92 -37 -32 69
08/92 -36 144 -108
08/92 -162 44 118
09/92 -243 75 168
09/92 -118 -90 208
10/92 -93 -104 197
10/92 -102 -87 189
10/92 -78 -102 180
10/92 -166 40 126
11/92 -149 161 -12
11/92 -218 245 -27
11/92 -234 290 -56
11/92 -263 191 72
12/92 -295 271 24
12/92 -241 38 203
12/92 -323 73 250
12/92 -158 135 23
12/92 -208 2 206
01/93 -265 21 244
01/93 -235 85 150
01/93 -205 51 154
01/93 -74 25 49
02/93 54 70 -124
02/93 347 25 -372
02/93 465 51 -516
02/93 443 -156 -287
03/93 506 -248 -258
03/93 479 -281 -198
03/93 297 -192 -105
03/93 287 -385 98
03/93 351 -386 35
04/93 312 -268 -44
04/93 98 -117 19
04/93 -54 95 -41
04/93 -104 117 -13
05/93 -16 100 -84
05/93 -58 -53 111
05/93 -86 8 78
05/93 -254 152 102
06/93 -227 142 85
06/93 -356 370 -14
06/93 -508 412 96
06/93 -447 226 221
06/93 -231 160 71
07/93 -274 292 -18
07/93 -324 104 220
07/93 -536 90 446
07/93 -550 356 194
08/93 -790 379 411
08/93 -887 512 375
08/93 -740 541 199
08/93 -865 482 383
08/93 -861 483 378
09/93 -817 529 288
09/93 -752 643 109
09/93 -724 440 284
09/93 -591 502 89
10/93 -645 510 135
10/93 -585 321 264
10/93 -575 393 182
10/93 -398 501 -103
11/93 -432 471 -39
11/93 -373 685 -312
11/93 -335 666 -331
11/93 -196 519 -323
11/93 -293 479 -186
12/93 -412 556 -144
12/93 -320 407 -87
12/93 -341 557 -216
12/93 -375 477 -102
01/94 -340 333 7
01/94 -235 220 15
01/94 -411 151 260
01/94 -498 141 357
02/94 -476 207 269
02/94 -658 623 35
02/94 -637 540 97
02/94 -506 654 -148
03/94 -506 636 -130
03/94 -488 517 -29
03/94 -534 605 -71
03/94 -559 387 172
03/94 -560 351 209
04/94 -536 201 335
04/94 -519 210 309
04/94 -422 -140 562
04/94 -477 -70 547
05/94 -333 -42 375
05/94 -295 -84 379
05/94 -217 -57 274
05/94 -164 -67 231
05/94 -138 -21 159
06/94 -72 30 42
06/94 -33 127 -94
06/94 -46 169 -123
06/94 -39 -85 124
07/94 -27 -20 47
07/94 -79 -13 92
07/94 -99 68 31
07/94 -56 80 -24
08/94 -24 46 -22
08/94 10 -118 108
08/94 -67 -36 103
08/94 -94 16 78
08/94 -85 27 58
09/94 -67 37 30
09/94 -73 75 -2
09/94 -121 -137 258
09/94 123 -160 37
10/94 109 49 -158
10/94 94 60 -154
10/94 77 7 -84
10/94 46 98 -144
11/94 13 -57 44
11/94 23 -36 13
11/94 2 -75 73
11/94 -152 181 -29
11/94 -89 173 -84
12/94 -56 -59 115
12/94 -36 -150 186
12/94 -35 -571 606
12/94 -73 -505 578
09/95 -146 97 49
10/95 -146 106 40
10/95 -146 104 42
10/95 -118 63 55
10/95 -68 36 32
01/95 -22 -354 376
01/95 -90 -203 293
01/95 -60 -179 239
01/95 -68 -286 354
01/95 -128 -155 283
02/95 -205 -107 312
02/95 -234 219 15
02/95 -206 153 53
02/95 -212 46 166
03/95 -21 -520 541
03/95 -124 -475 599
03/95 39 -409 370
03/95 77 -486 409
04/95 58 -301 243
04/95 -45 -360 405
04/95 -17 -146 163
04/95 -19 -250 269
05/95 -42 -178 220
05/95 -178 -205 383
05/95 -187 -57 244
05/95 -242 -44 286
05/95 -258 44 214
06/95 -275 122 153
06/95 -290 260 30
06/95 -281 181 100
06/95 -577 484 93
07/95 -758 689 69
07/95 -838 877 -39
07/95 -715 947 -232
07/95 -696 1000 -304
08/95 -702 1048 -346
08/95 -730 1060 -330
08/95 -830 1201 -371
08/95 -823 1167 -344
08/95 -883 999 -116
09/95 -830 685 145
09/95 -751 777 -26
09/95 -707 817 -110
09/95 -736 837 -101
10/95 -743 846 -103
10/95 -683 540 143
10/95 -535 237 298
10/95 -401 48 353
10/95 -235 -46 281
11/95 -207 -5 212
11/95 -294 80 214
11/95 -300 178 122
11/95 -323 141 182
12/95 -578 442 136
12/95 -685 722 -37
12/95 -677 953 -276
12/95 -699 890 -191
01/96 -631 1002 -371
01/96 -476 619 -143
01/96 -440 801 -361
01/96 -403 865 -462
01/96 -490 660 -170
02/96 -698 935 -237
02/96 -618 671 -53
02/96 -513 562 -49
02/96 -243 103 140
03/96 -106 187 -81
10/02 420 -384 -36
11/02 363 -440 77
11/02 498 -547 49
11/02 591 -605 14
11/02 486 -805 319
12/02 146 -814 668
12/02 91 -801 710
12/02 284 -951 667
12/02 804 -1047 243
12/02 863 -1106 243
01/03 821 -1221 400
01/03 256 -800 544
01/03 295 -804 509
01/03 228 -848 620
02/03 -429 -732 1161
02/03 -789 -420 1209
02/03 -578 -487 1065
02/03 -882 -546 1428
03/03 -189 -424 613
03/03 100 -747 647
03/03 186 -749 563
03/03 320 -799 479
04/03 421 -938 517
04/03 267 -815 548
04/03 236 -676 440
04/03 271 -790 519
04/03 194 -733 539
05/03 410 -852 442
05/03 382 -967 585
05/03 191 -818 627
05/03 150 -665 515
06/03 55 -502 447
06/03 -150 -588 738
06/03 -344 -514 858
06/03 -866 98 768
07/03 -530 47 483
07/03 -577 145 432
07/03 -259 -46 305
07/03 -250 -206 456
07/03 -199 -94 293
08/03 -349 -120 469
08/03 -221 -117 338
08/03 -370 -10 380
08/03 -785 123 662
09/03 -1207 458 749
09/03 -1083 704 379
09/03 -1035 679 356
09/03 -1022 610 412
09/03 -945 609 336
10/03 -946 739 207
10/03 -1127 648 479
10/03 -838 592 246
10/03 -454 289 165
11/03 -509 178 331
11/03 -229 41 188
11/03 -41 90 -49
11/03 -101 82 19
12/03 -99 121 -22
12/03 -89 43 46
12/03 77 -89 12
12/03 -12 -147 159
12/03 -49 -75 124
01/04 -520 356 164
01/04 -694 515 179
01/04 -1106 527 579
01/04 -1289 671 618
02/04 -1298 666 632
02/04 -1599 656 943
02/04 -1587 687 900
02/04 -1548 832 716
03/04 -1816 896 920
03/04 -1564 800 764
03/04 -1561 831 730
03/04 -1700 922 778
03/04 -1630 876 754
04/04 -1932 992 940
04/04 -2068 886 1182
04/04 -1954 1201 753
04/04 -1802 1043 759
05/04 -1943 1535 408
05/04 -2148 1640 508
05/04 -2147 1555 592
05/04 -1933 1386 547
06/04 -1847 1448 399
06/04 -1879 1607 272
06/04 -1815 1605 210
06/04 -1580 1461 119
06/04 -1442 1417 25
07/04 -1527 1510 17
07/04 -1901 1563 338
07/04 -2231 1822 409
07/04 -2212 1554 658
08/04 -2124 1514 610
08/04 -2405 1829 576
08/04 -2331 1589 742
08/04 -2365 1738 627
08/04 -2543 1939 604
09/04 -2669 2125 544
09/04 -2676 2010 666
09/04 -2222 1439 783
09/04 -1930 1190 740
10/04 -1576 842 734
10/04 -1244 589 655
10/04 -889 288 601
10/04 -862 406 456
11/04 -857 563 294
11/04 -607 340 267
11/04 -869 227 642
11/04 -902 340 562
11/04 -755 211 544
12/04 -638 128 510
12/04 -434 -128 562
12/04 -393 -237 630
12/04 -748 122 626
01/05 -1294 613 681
01/05 -1366 791 575
01/05 -1416 604 812
01/05 -1917 1201 716
02/05 -2149 1329 820
02/05 -2489 1750 739
02/05 -2607 1763 844
02/05 -2569 1650 919
03/05 -2586 1831 755
03/05 -2365 1630 735
03/05 -2290 1547 743
03/05 -2185 1372 813
03/05 -2287 1471 816
04/05 -2071 1236 835
04/05 -1599 975 624
04/05 -1522 935 587
04/05 -1345 705 640
05/05 -1441 867 574
05/05 -1090 753 337
05/05 -989 775 214
05/05 -865 714 151
05/05 -957 868 89
06/05 -740 732 8
06/05 -472 521 -49
06/05 -461 427 34
06/05 -57 263 -206
07/05 -228 86 142
07/05 -66 -65 131
07/05 -234 149 85
07/05 54 -128 74
08/05 54 -112 58
08/05 112 -30 -82
08/05 503 -372 -131
08/05 666 -836 170
08/05 580 -846 266
09/05 338 -557 219
09/05 160 -315 155
09/05 98 -287 189
09/05 -227 195 32
10/05 -613 411 202
10/05 -266 229 37
10/05 -254 73 181
10/05 -460 205 255
11/05 -922 915 7
11/05 -1732 1750 -18
11/05 -2241 2308 -67
11/05 -2472 2309 163
11/05 -2564 2177 387
12/05 -2468 2171 297
12/05 -2112 1663 449
12/05 -2043 1679 364
12/05 -2418 2012 406
01/06 -2712 2294 418
01/06 -3518 3218 300
01/06 -3651 3149 502
01/06 -2970 1977 993
01/06 -2618 1762 856
02/06 -2356 1657 699
02/06 -1866 1418 448
02/06 -1692 1336 356
02/06 -1223 987 236
03/06 -1139 1140 -1
03/06 -906 948 -42
03/06 -512 693 -181
03/06 -396 660 -264
04/06 -442 887 -445
04/06 -424 1018 -594
04/06 -510 872 -362
04/06 -737 866 -129
05/06 -1509 1661 -152
05/06 -1278 1508 -230
05/06 -1005 1408 -403
05/06 -674 1146 -472
05/06 -363 908 -545
06/06 86 531 -617
06/06 309 165 -474
06/06 227 262 -489
06/06 28 339 -367
07/06 281 99 -380
07/06 279 -64 -215
07/06 276 -1 -275
07/06 408 -131 -277
08/06 278 -43 -235
08/06 42 29 -71
08/06 187 191 -378
08/06 142 317 -459
08/06 3 460 -463
09/06 98 364 -462
09/06 272 370 -642
09/06 290 366 -656
09/06 340 46 -386
10/06 269 -116 -153
10/06 254 -129 -125
10/06 178 244 -422
10/06 -9 416 -407
10/06 838 -546 -292
11/06 700 -408 -292
11/06 715 -287 -428
11/06 491 -182 -309
11/06 410 -215 -195
12/06 663 -587 -76
12/06 638 -605 -33
12/06 762 -1046 284
12/06 558 -1063 505
01/07 446 -1011 565
01/07 -125 -387 512
01/07 405 -437 32
01/07 852 -1054 202
01/07 944 -1309 365
02/07 1070 -1385 315
02/07 1081 -1418 337
02/07 923 -1301 378
02/07 787 -1043 256
03/07 749 -816 67
03/07 714 -867 153
03/07 756 -1041 285
03/07 770 -1106 336
04/07 877 -1488 611
04/07 942 -1462 520
04/07 759 -1128 369
04/07 728 -917 189
05/07 887 -1063 176
05/07 878 -1175 297
05/07 1197 -1332 135
05/07 920 -986 66
05/07 368 -520 152
06/07 26 -84 58
06/07 -43 52 -9
06/07 -517 451 66
06/07 -469 567 -98
07/07 -575 700 -125
07/07 -730 872 -142
07/07 -632 862 -230
07/07 -223 677 -454
07/07 -77 523 -446
08/07 -34 389 -355
08/07 382 -276 -106
08/07 216 169 -385
08/07 300 -148 -152
09/07 939 -632 -307
09/07 1075 -673 -402
09/07 1352 -874 -478
09/07 1058 -628 -430
10/07 721 -378 -343
10/07 412 89 -501
10/07 552 69 -621
10/07 697 -53 -644
10/07 693 -271 -422
11/07 616 -223 -393
11/07 197 382 -579
11/07 -100 577 -477
11/07 -75 686 -611
12/07 388 -26 -362
12/07 449 -360 -89
12/07 599 -461 -138
12/07 692 -409 -283
12/07 966 -663 -303
01/08 937 -545 -392
01/08 1273 -667 -606
01/08 1247 -459 -788
01/08 918 -304 -614
02/08 462 68 -530
02/08 -456 366 90
02/08 -631 484 147
02/08 -514 703 -189
03/08 -760 914 -154
03/08 -280 745 -465
03/08 -191 1853 -1662
03/08 -684 1133 -449
04/08 226 143 -369
04/08 -503 452 51
04/08 -372 299 73
04/08 25 1 -26
04/08 300 -105 -195
05/08 197 -223 26
05/08 66 -47 -19
05/08 -145 7 138
05/08 -442 132 310
06/08 -129 -97 226
06/08 275 -332 57
06/08 486 -621 135
06/08 403 -459 56
07/08 1112 -924 -188
07/08 1297 -1370 73
07/08 1469 -1547 78
07/08 1737 -1858 121
07/08 1326 -1461 135
08/08 535 -759 224
08/08 14 -279 265
08/08 -681 187 494
08/08 -652 139 513
09/08 -65 -370 435
09/08 983 -1019 36
09/08 1394 -1121 -273
09/08 1503 -1094 -409
09/08 1794 -1509 -285
10/08 1880 -1683 -197
10/08 1928 -1603 -325
10/08 2005 -1700 -305
10/08 2042 -1788 -254
11/08 1657 -1350 -307
11/08 1139 -849 -290
11/08 1165 -811 -354
11/08 1236 -762 -474
12/08 1437 -998 -439
12/08 1318 -948 -370
12/08 1994 -1596 -398
12/08 1454 -1162 -292
12/08 1520 -1321 -199
01/09 1564 -1328 -236
01/09 1680 -1018 -662
01/09 1924 -1311 -613
01/09 1819 -1302 -517
02/09 1692 -1305 -387
02/09 1373 -986 -387
02/09 1212 -897 -315
02/09 1562 -995 -567
03/09 1603 -1277 -326
03/09 1153 -861 -292
03/09 1037 -736 -301
03/09 1174 -988 -186
03/09 663 -476 -187
04/09 10 -265 255
04/09 -3 -40 43
04/09 36 -48 12
04/09 264 -147 -117
05/09 473 -510 37
05/09 233 -178 -55
05/09 453 -306 -147
05/09 867 -457 -410
06/09 -1188 1024 164
06/09 -1849 1511 338
06/09 -2241 1675 566
06/09 -2406 2010 396
06/09 -2305 2126 179
07/09 -2087 2066 21
07/09 -1363 1290 73
07/09 -1021 809 212
07/09 -1150 798 352
08/09 -1354 820 534
08/09 -1112 651 461
08/09 -1184 921 263
08/09 -1010 763 247
09/09 -307 -62 369
09/09 -109 147 -38
09/09 -25 -112 137
09/09 -250 33 217
09/09 -112 0 112
10/09 -253 -11 264
10/09 419 -680 261
10/09 382 -617 235
10/09 396 -712 316
11/09 -345 347 -2
11/09 -669 616 53
11/09 -1768 1778 -10
11/09 -2362 2218 144
12/09 -3180 2948 232
12/09 -3296 3216 80
12/09 -3313 3203 110
12/09 -2954 2780 174
12/09 -2476 2477 -1
01/10 -1977 2384 -407
01/10 -2300 2263 37
01/10 -2975 2439 536
01/10 -3061 2653 408
02/10 -3085 2720 365
02/10 -3422 2864 558
02/10 -3801 3254 547
02/10 -3736 3444 292
03/10 -3413 3115 298
03/10 -3582 3212 370
03/10 -3428 3057 371
03/10 -3486 3178 308
03/10 -3651 3076 575
04/10 -4044 3258 786
04/10 -4284 3719 565
04/10 -4908 4432 476
04/10 -4858 4540 318
05/10 -4621 4158 463
05/10 -3372 3106 266
05/10 -1932 1916 16
05/10 -1541 1585 -44
06/10 -1338 1269 69
06/10 -882 1135 -253
06/10 -743 704 39
06/10 -502 167 335
06/10 -298 151 147
07/10 -279 126 153
07/10 -108 86 22
07/10 55 80 -135
07/10 9 -135 126
08/10 -73 -265 338
08/10 110 -420 310
08/10 613 -824 211
08/10 252 -435 183
08/10 290 -362 72
09/10 527 -682 155
09/10 -592 301 291
09/10 -556 259 297
09/10 -1279 971 308
10/10 -1068 796 272
10/10 -1075 607 468
10/10 -1809 1402 407
10/10 -1990 1495 495
11/10 -2690 2291 399
11/10 -3038 2381 657
11/10 -2741 2490 251
11/10 -2422 2380 42
11/10 -2003 1846 157
12/10 -1638 1367 271
12/10 -1950 1618 332
12/10 -3270 2776 494
12/10 -3779 3117 662
01/11 -4267 3616 651
01/11 -4389 4021 368
01/11 -4355 3863 492
01/11 -4304 3650 654
02/11 -4508 3859 649
02/11 -4215 3668 547
02/11 -4404 3802 602
02/11 -4026 3367 659
03/11 -2909 2912 -3
03/11 -2777 2914 -137
03/11 -2620 2717 -97
03/11 -2917 2919 -2
03/11 -2908 2856 52
04/11 -2417 2459 -42
04/11 -1331 1393 -62
04/11 -371 493 -122
04/11 -292 312 -20
05/11 84 161 -245
05/11 243 22 -265
05/11 651 -586 -65
05/11 621 -512 -109
05/11 438 -406 -32
06/11 599 -669 70
06/11 726 -935 209
06/11 868 -831 -37
06/11 1101 -783 -318
07/11 682 -651 -31
07/11 268 28 -296
07/11 362 5 -367
07/11 505 -25 -480
08/11 656 -309 -347
08/11 1324 -749 -575
08/11 1354 -834 -520
08/11 1329 -879 -450
08/11 1355 -943 -412
09/11 851 -17 -834
09/11 -302 1113 -811
09/11 -123 1081 -958
09/11 235 442 -677
10/11 797 -337 -460
10/11 1084 -716 -368
10/11 1202 -810 -392
10/11 979 -692 -287
11/11 954 -681 -273
11/11 868 -644 -224
11/11 1195 -831 -364
11/11 567 -522 -45
11/11 824 -850 26
12/11 1214 -939 -275
12/11 1336 -1225 -111
12/11 1439 -1522 83
12/11 1312 -1309 -3
01/12 174 -166 -8
01/12 273 -470 197
01/12 582 -689 107
01/12 715 -837 122
01/12 764 -1208 444
02/12 -339 310 29
02/12 -692 740 -48
02/12 -565 888 -323
02/12 -1046 880 166
03/12 -972 808 164
03/12 -995 814 181
03/12 -1055 975 80
03/12 -393 510 -117
04/12 -54 202 -148
04/12 8 126 -134
04/12 166 -6 -160
04/12 -367 201 166
05/12 -612 410 202
05/12 -412 203 209
05/12 -654 490 164
05/12 -875 521 354
05/12 -1128 612 516
06/12 -1253 713 540
06/12 -1175 601 574
06/12 379 -589 210
06/12 890 -764 -126
07/12 750 -660 -90
07/12 -514 546 -32
07/12 -726 732 -6
07/12 -1242 872 370
07/12 -1122 559 563
08/12 -1098 619 479
08/12 -2621 1859 762
08/12 -2672 2017 655
08/12 -2344 1746 598
09/12 -2019 1546 473
09/12 -1315 1135 180
09/12 -825 709 116
09/12 -929 929 0
10/12 -783 882 -99
10/12 -447 449 -2
10/12 -1042 944 98
10/12 -1894 1729 165
10/12 -2435 1994 441
11/12 -3444 2579 865
11/12 -3250 2394 856
11/12 -3386 2504 882
11/12 -3026 2281 745
12/12 -3013 2175 838
12/12 -3021 1938 1083
12/12 -3375 2441 934
12/12 -3339 2242 1097
12/12 -3534 2864 670
01/13 -3523 2937 586
01/13 -3543 3154 389
01/13 -2818 2204 614
01/13 -2522 1896 626
02/13 -1855 1121 734
02/13 -2148 1555 593
02/13 -2850 2050 800
02/13 -2462 1884 578
03/13 -2649 1992 657
03/13 -2642 1856 786
03/13 -2610 1959 651
03/13 -2326 1477 849
04/13 -1988 1189 799
04/13 -1386 787 599
04/13 -1224 750 474
04/13 -1250 768 482
04/13 -1279 755 524
05/13 -1051 716 335
05/13 -581 331 250
05/13 -200 -20 220
05/13 -32 -171 203
06/13 388 -491 103
06/13 258 -14 -244
06/13 204 50 -254
06/13 212 -56 -156
07/13 191 53 -244
07/13 415 -182 -233
07/13 40 470 -510
07/13 -36 405 -369
07/13 104 248 -352
08/13 649 -15 -634
08/13 707 -175 -532
08/13 739 -108 -631
08/13 976 -432 -544
09/13 866 -352 -514
09/13 499 -115 -384
09/13 -124 14 110
09/13 -596 516 80
10/13 -563 575 -12
10/13 -329 488 -159
10/13 -453 545 -92
10/13 -752 758 -6
10/13 -694 295 399
11/13 -589 244 345
11/13 -580 231 349
11/13 -329 191 138
11/13 -599 537 62
12/13 -666 662 4
12/13 -241 250 -9
12/13 -196 68 128
12/13 -732 282 450
12/13 -835 507 328
01/14 -554 101 453
01/14 -236 -274 510
01/14 -128 -322 450
01/14 473 -705 232
02/14 819 -1125 306
02/14 964 -1188 224
02/14 986 -1283 297
02/14 857 -1137 280
03/14 1107 -1283 176
03/14 1035 -1362 327
03/14 1709 -1592 -117
03/14 1772 -1490 -282
04/14 1920 -1509 -411
04/14 1854 -1563 -291
04/14 1874 -1316 -558
04/14 1576 -1032 -544
04/14 1554 -1006 -548
05/14 1216 -677 -539
05/14 774 -373 -401
05/14 1008 -453 -555
05/14 1108 -676 -432
06/14 1218 -886 -332
06/14 1471 -1225 -246
06/14 1751 -1596 -155
06/14 937 -845 -92
07/14 413 -398 -15
07/14 321 -251 -70
07/14 360 -128 -232
07/14 468 -144 -324
07/14 792 -318 -474
08/14 759 -486 -273
08/14 207 -103 -104
08/14 43 -87 44
08/14 -201 157 44
09/14 -477 382 95
09/14 -112 265 -153
09/14 -356 470 -114
09/14 238 120 -358
09/14 242 -12 -230
10/14 -101 227 -126
10/14 -116 237 -121
10/14 251 -204 -47
10/14 673 -985 312
11/14 1101 -1072 -29
11/14 1258 -1323 65
11/14 1624 -1313 -311
11/14 1517 -1305 -212
12/14 1613 -1311 -302
12/14 805 -662 -143
12/14 738 -728 -10
12/14 678 -839 161
12/14 715 -815 100
01/15 1155 -1086 -69
01/15 1443 -1352 -91
01/15 1470 -1188 -282
01/15 1670 -1630 -40
02/15 1431 -1488 57
02/15 1300 -1119 -181
02/15 1432 -1278 -154
02/15 1770 -1478 -292
03/15 2068 -1868 -200
03/15 2128 -1923 -205
03/15 2090 -1733 -357
03/15 2015 -1631 -384
03/15 1845 -1659 -186
04/15 1927 -1611 -316
04/15 1905 -1688 -217
04/15 1717 -1515 -202
04/15 1584 -1471 -113
05/15 1641 -1777 136
05/15 1845 -1935 90
05/15 1805 -1986 181
05/15 1303 -1363 60
06/15 729 -859 130
06/15 -110 -87 197
06/15 -479 243 236
06/15 -343 176 167
06/15 -71 151 -80
07/15 139 -212 73
07/15 156 -241 85
07/15 376 -419 43
07/15 871 -936 65
08/15 1344 -1507 163
08/15 1683 -1607 -76
08/15 1708 -1765 57
08/15 1887 -1899 12
09/15 1940 -1816 -124
09/15 2006 -1819 -187
09/15 1476 -1330 -146
09/15 1479 -1361 -118
09/15 2165 -2247 82
10/15 2060 -2420 360
10/15 1377 -1764 387
10/15 594 -900 306
10/15 135 -419 284
11/15 219 -374 155
11/15 541 -513 -28
11/15 721 -513 -208
11/15 594 -572 -22
12/15 577 -642 65
12/15 290 -578 288
12/15 152 -401 249
12/15 -97 -235 332
12/15 60 -374 314
01/16 81 -398 317
01/16 746 -945 199
01/16 900 -1126 226
01/16 1366 -1569 203
02/16 1649 -1877 228
02/16 1390 -1605 215
02/16 1458 -1572 114
02/16 775 -708 -67
03/16 566 -498 -68
03/16 -393 193 200
03/16 -853 508 345
03/16 -1163 780 383
03/16 -1587 1041 546
04/16 -1482 1129 353
04/16 -1738 1405 333
04/16 -1370 952 418
04/16 -1450 858 592
05/16 -1864 1270 594
05/16 -2274 1703 571
05/16 -2480 1965 515
05/16 -2264 1801 463
05/16 -1981 1690 291
06/16 -1801 1263 538
06/16 -1229 772 457
06/16 -1281 912 369
06/16 -982 698 284
07/16 -1488 1038 450
07/16 -1931 1460 471
07/16 -2380 1988 392
07/16 -2511 2169 342
08/16 -2072 1862 210
08/16 -2071 1781 290
08/16 -2293 1980 313
08/16 -2477 2262 215
08/16 -1673 1769 -96
09/16 -921 894 27
09/16 -733 751 -18
09/16 -489 521 -32
09/16 -859 821 38
10/16 -1287 1181 106
10/16 -1840 1716 124
10/16 -1725 1495 230
10/16 -1234 918 316
11/16 -516 167 349
11/16 -344 -19 363
11/16 -362 9 353
11/16 -485 195 290
11/16 -826 565 261
12/16 -908 701 207
12/16 -644 433 211
12/16 -21 9 12
12/16 248 -342 94
01/17 335 -652 317
01/17 371 -457 86
01/17 -241 -55 296
01/17 -16 -71 87
01/17 -52 -11 63
02/17 -810 451 359
02/17 -1522 890 632
02/17 -1856 1232 624
02/17 -2470 2105 365
03/17 -2275 2090 185
03/17 -1789 1462 327
03/17 -1644 1270 374
03/17 -1610 1387 223
04/17 -1787 1423 364
04/17 -1909 1518 391
04/17 -1794 1262 532
04/17 -1856 1186 670
05/17 -1724 1122 602
05/17 -1661 1045 616
05/17 -762 168 594
05/17 -589 -50 639
05/17 -361 -152 513
06/17 -237 -202 439
06/17 -420 76 344
06/17 -586 234 352
06/17 -377 -15 392
07/17 -321 -112 433
07/17 -479 56 423
07/17 -1101 389 712
07/17 -1319 749 570
08/17 -1294 913 381
08/17 -1251 786 465
08/17 -1149 558 591
08/17 -1017 514 503
08/17 -1101 550 551
09/17 -1559 727 832
09/17 -2031 1082 949
09/17 -1983 1127 856
09/17 -2105 1335 770
10/17 -2262 1567 695
10/17 -2348 1547 801
10/17 -2281 1600 681
10/17 -2218 1518 700
10/17 -2527 1836 691
11/17 -2530 1939 591
11/17 -2571 1979 592
11/17 -2359 1765 594
11/17 -2067 1498 569
12/17 -2165 1498 667
12/17 -2116 1483 633
12/17 -2069 1562 507
12/17 -2093 1547 546
01/18 -2249 1762 487
01/18 -2532 1977 555
01/18 -2731 2111 620
01/18 -2926 2441 485
01/18 -2928 2291 637
02/18 -2695 2216 479
02/18 -2620 2103 517
02/18 -2638 2098 540
02/18 -2423 2089 334
03/18 -2315 1978 337
03/18 -2220 1933 287
03/18 -2142 1933 209
03/18 -2414 2071 343
04/18 -2512 2221 291
04/18 -2539 2267 272
04/18 -2606 2264 342
04/18 -2542 2308 234
05/18 -2926 2632 294
05/18 -2800 2257 543
05/18 -2665 2234 431
05/18 -2777 2287 490
05/18 -2206 1720 486
06/18 -2056 1798 258
06/18 -1996 1850 146
06/18 -1646 1461 185
06/18 -1102 820 282
07/18 -1240 849 391
07/18 -1067 677 390
07/18 -1055 799 256
07/18 -959 634 325
07/18 -808 477 331
08/18 -653 277 376
08/18 -447 97 350
08/18 -285 -24 309
08/18 -320 63 257
09/18 -229 -53 282
09/18 -202 -180 382
09/18 -214 -93 307
09/18 -427 30 397
10/18 -310 56 254
10/18 -200 76 124
10/18 185 -349 164
10/18 220 -398 178
10/18 567 -729 162
11/18 591 -645 54
11/18 350 -358 8
11/18 393 -348 -45
11/18 308 -257 -51
12/18 728 -691 -37
12/18 814 -930 116
12/18 830 -1024 194
12/18 836 -955 119
12/18 839 -935 96
01/19 846 -1105 259
01/19 808 -1088 280
01/19 686 -871 185
01/19 204 -488 284
02/19 -200 -295 495
02/19 -128 -271 399
02/19 -185 -210 395
02/19 -153 -173 326
03/19 -165 -274 439
03/19 -16 -212 228
03/19 -12 -300 312
03/19 49 -339 290
04/19 144 -466 322
04/19 157 -506 349
04/19 318 -583 265
04/19 408 -594 186
04/19 759 -960 201
05/19 666 -968 302
05/19 707 -1049 342
05/19 770 -1098 328
05/19 788 -1236 448
06/19 677 -1281 604
06/19 698 -1235 537
06/19 293 -579 286
06/19 28 -253 225
07/19 -134 -170 304
07/19 -147 -127 274
07/19 114 -482 368
07/19 215 -562 347
07/19 214 -630 416
08/19 51 -320 269
08/19 127 -369 242
08/19 136 -370 234
08/19 172 -359 187
09/19 39 -206 167
09/19 195 -361 166
09/19 171 -280 109
09/19 -75 -181 256
10/19 90 -237 147
10/19 29 -218 189
10/19 -135 -77 212
10/19 -416 114 302
10/19 -683 432 251
11/19 -1064 875 189
11/19 -1135 871 264
11/19 -1128 950 178
11/19 -1151 975 176
12/19 -1182 1063 119
12/19 -1214 909 305
12/19 -1217 883 334
12/19 -1157 954 203
12/19 -1115 1085 30
01/20 -1127 1011 116
01/20 -1113 908 205
01/20 -1141 879 262
01/20 -1127 913 214
02/20 -1016 826 190
02/20 -1255 1051 204
02/20 -1323 1310 13
02/20 -1490 1555 -65
03/20 -1069 857 212
03/20 -525 164 361
03/20 92 -240 148
03/20 271 -383 112
03/20 379 -586 207
04/20 492 -627 135
04/20 418 -598 180
04/20 419 -515 96
04/20 474 -556 82
05/20 410 -513 103
05/20 139 -336 197
05/20 190 -264 74
05/20 0 -96 96
06/20 -134 29 105
06/20 -105 -37 142
06/20 -209 36 173
06/20 -366 211 155
06/20 -556 404 152
07/20 -558 377 181
07/20 -854 449 405
07/20 -951 481 470
07/20 -847 284 563
08/20 -802 345 457
08/20 -890 542 348
08/20 -752 538 214
08/20 -437 393 44
09/20 -829 805 24
09/20 -924 841 83
09/20 -829 523 306
09/20 -754 299 455
09/20 -709 364 345
10/20 -723 305 418
10/20 -764 271 493
10/20 -829 225 604
10/20 -798 235 563
11/20 -770 228 542
11/20 -802 318 484
11/20 -869 436 433
11/20 -947 438 509
12/20 -994 518 476
12/20 -1049 379 670
12/20 -1034 419 615
12/20 -1074 321 753
12/20 -936 319 617
01/21 -1238 556 682
01/21 -1161 692 469
01/21 -1222 671 551
01/21 -1081 590 491
02/21 -947 611 336
02/21 -957 625 332
02/21 -1021 582 439
02/21 -934 467 467
03/21 -866 434 432
03/21 -839 394 445
03/21 -902 427 475
03/21 -959 473 486
03/21 -910 329 581
04/21 -1110 432 678
04/21 -961 430 531
04/21 -789 247 542
04/21 -553 85 468
05/21 -411 150 261
05/21 -204 36 168
05/21 -71 -17 88
05/21 -84 10 74
06/21 -3 -27 30
06/21 -194 43 151
06/21 -244 55 189
06/21 -172 44 128
06/21 -278 205 73
07/21 -487 210 277
07/21 -246 20 226
07/21 -495 10 485
07/21 -276 20 256
08/21 -234 35 199
08/21 -241 86 155
08/21 -213 46 167
08/21 -310 60 250
08/21 -356 3 353
09/21 -237 32 205
09/21 -183 88 95
09/21 -185 131 54
09/21 -256 138 118
10/21 -282 108 174
10/21 -546 286 260
10/21 -607 366 241
10/21 -510 288 222
11/21 -401 171 230
11/21 -336 156 180
11/21 -212 133 79
11/21 -290 168 122
11/21 -493 79 414
12/21 -551 179 372
12/21 -485 191 294
12/21 -402 283 119
12/21 -464 264 200
01/22 -587 456 131
01/22 -584 413 171
01/22 -583 491 92
01/22 -633 530 103
02/22 -568 342 226
02/22 -487 128 359
02/22 -353 221 132
02/22 -400 234 166
03/22 -528 314 214
03/22 -493 419 74
03/22 -444 333 111
03/22 -526 326 200
03/22 -569 306 263
04/22 -567 285 282
04/22 -382 171 211
04/22 -301 105 196
04/22 -264 122 142
05/22 -300 238 62
05/22 -180 78 102
05/22 20 36 -56
05/22 218 -155 -63
05/22 162 -175 13
06/22 152 -132 -20
06/22 129 -158 29
06/22 213 -321 108
06/22 237 -346 109
07/22 86 -147 61
07/22 -51 85 -34
07/22 85 35 -120
07/22 456 -243 -213
08/22 809 -774 -35
08/22 1069 -1154 85
08/22 819 -878 59
08/22 875 -1086 211
08/22 950 -1268 318
09/22 1181 -1289 108
09/22 822 -1050 228
09/22 827 -956 129
09/22 1097 -1217 120
10/22 1203 -1445 242
10/22 1156 -1361 205
10/22 819 -910 91
10/22 358 -273 -85
11/22 540 -391 -149
11/22 809 -1056 247
11/22 1111 -1299 188
11/22 988 -1141 153
11/22 1072 -1240 168
12/22 1111 -1369 258
12/22 959 -1214 255
12/22 1136 -1466 330
12/22 1112 -1446 334
01/23 1091 -1413 322
01/23 1157 -1581 424
01/23 575 -799 224
01/23 435 -458 23
01/23 -71 -36 107
02/23 -429 331 98
02/23 -73 -159 232
02/23 435 -846 411
02/23 560 -1159 599
03/23 817 -1199 382
03/23 926 -1086 160
03/23 658 -551 -107
03/23 721 -774 53
04/23 895 -1252 357
04/23 938 -1372 434
04/23 377 -393 16
