08/00 -6426 5274 1152
09/00 -5387 5420 -33
09/00 -4705 3462 1243
09/00 -162 1037 -875
09/00 -195 611 -416
10/00 -3268 2719 549
10/00 -968 1417 -449
10/00 2532 259 -2791
10/00 3694 -929 -2765
10/00 4258 -923 -3335
11/00 4631 -1583 -3048
11/00 -3855 3988 -133
11/00 -6240 5421 819
11/00 -8630 7705 925
12/00 -9501 8428 1073
12/00 -7874 7671 203
12/00 -11581 9576 2005
12/00 -3255 4254 -999
01/01 -406 3043 -2637
01/01 3174 -453 -2721
01/01 6237 -2493 -3744
01/01 5697 -2483 -3214
01/01 952 168 -1120
02/01 -1017 1863 -846
02/01 -2120 2787 -667
02/01 -2520 3226 -706
02/01 -5142 4843 299
03/01 -5999 5902 97
03/01 -11723 10224 1499
03/01 -13441 11009 2432
03/01 -11206 9924 1282
04/01 -12022 10037 1985
04/01 -12342 10162 2180
04/01 -11865 9744 2121
04/01 -17371 9627 7744
05/01 -17897 10238 7659
05/01 -18143 10270 7873
05/01 -18136 11216 6920
05/01 -17150 9257 7893
05/01 -16932 9232 7700
06/01 -15073 7249 7824
06/01 -15000 7584 7416
06/01 -16891 8296 8595
06/01 -16954 8465 8489
07/01 -16844 8022 8822
07/01 -9977 3206 6771
07/01 -8009 2399 5610
07/01 -10596 4264 6332
07/01 -10652 3554 7098
08/01 -13893 8148 5745
08/01 -17104 10531 6573
08/01 -17266 9432 7834
08/01 -17466 9722 7744
09/01 -12500 6429 6071
09/01 -10721 2661 8060
09/01 1261 489 -1750
09/01 1429 206 -1635
10/01 1514 270 -1784
10/01 -1515 2355 -840
10/01 -6114 5384 730
10/01 -9181 7680 1501
10/01 -9845 8616 1229
11/01 -13461 13219 242
11/01 -14275 14322 -47
11/01 -15637 15329 308
11/01 -13201 13959 -758
12/01 -11537 11024 513
12/01 -17187 13874 3313
12/01 -19005 14104 4901
12/01 -20415 15090 5325
12/01 -17947 12974 4973
01/02 -19631 14716 4915
01/02 -16695 11738 4957
01/02 -19994 14993 5001
01/02 -18002 14388 3614
02/02 -22067 16146 5921
02/02 -24658 18053 6605
02/02 -26383 18060 8323
02/02 -23483 17568 5915
03/02 -27217 19348 7869
03/02 -27249 19444 7805
03/02 -29469 20868 8601
03/02 -31485 22937 8548
04/02 -31580 22685 8895
04/02 -31566 21793 9773
04/02 -19457 11255 8202
04/02 -10395 4041 6354
04/02 -5126 -145 5271
05/02 -3104 -1152 4256
05/02 -371 -3751 4122
05/02 2143 -5900 3757
05/02 1994 -6222 4228
06/02 4884 -8363 3479
06/02 5595 -9198 3603
06/02 7388 -7142 -246
06/02 10087 -9134 -953
07/02 11399 -9360 -2039
07/02 9481 -7798 -1683
07/02 6029 -3214 -2815
07/02 1605 408 -2013
07/02 105 1760 -1865
08/02 1547 158 -1705
08/02 5308 -1796 -3512
08/02 3624 -716 -2908
08/02 5175 -1443 -3732
09/02 7595 -2674 -4921
09/02 9663 -4982 -4681
09/02 10007 -4818 -5189
09/02 16469 -10407 -6062
10/02 15980 -10687 -5293
10/02 15859 -10236 -5623
10/02 11941 -7147 -4794
10/02 4187 -2594 -1593
10/02 5029 -2391 -2638
11/02 8399 -5201 -3198
11/02 11614 -7347 -4267
11/02 7412 -2698 -4714
11/02 7185 -2203 -4982
12/02 4324 -307 -4017
12/02 5879 -2398 -3481
12/02 3871 -1380 -2491
12/02 486 2115 -2601
12/02 11400 -7810 -3590
01/03 13778 -10868 -2910
01/03 19430 -14662 -4768
01/03 25084 -19891 -5193
01/03 25161 -20302 -4859
02/03 26824 -22048 -4776
02/03 27088 -21817 -5271
02/03 21553 -15577 -5976
02/03 27210 -20532 -6678
03/03 28760 -21869 -6891
03/03 20205 -16249 -3956
03/03 9539 -8302 -1237
03/03 4428 -4628 200
04/03 1008 -2173 1165
04/03 3857 -4849 992
04/03 -1337 574 763
04/03 -7597 5506 2091
04/03 -19066 14415 4651
05/03 -24595 19689 4906
05/03 -30076 23942 6134
05/03 -26841 20283 6558
05/03 -23716 17545 6171
06/03 -28403 21642 6761
06/03 -7360 2867 4493
06/03 -7207 4772 2435
06/03 -7074 5471 1603
07/03 -9127 7683 1444
07/03 -7594 5226 2368
07/03 -9533 7711 1822
07/03 -12831 9946 2885
07/03 -5545 3345 2200
08/03 -1941 431 1510
08/03 2153 -2087 -66
08/03 7965 -7950 -15
08/03 12465 -10727 -1738
09/03 17569 -14510 -3059
09/03 17411 -14958 -2453
09/03 17684 -15657 -2027
09/03 9954 -8943 -1011
09/03 12244 -10122 -2122
10/03 21720 -20041 -1679
10/03 24631 -23434 -1197
10/03 25108 -22573 -2535
10/03 22170 -19729 -2441
11/03 14798 -14825 27
11/03 10305 -11122 817
11/03 16223 -15402 -821
11/03 18450 -16509 -1941
12/03 20906 -18819 -2087
12/03 19559 -17645 -1914
12/03 17404 -15506 -1898
12/03 19304 -17740 -1564
12/03 11488 -10469 -1019
01/04 -10180 9454 726
01/04 -26193 24664 1529
01/04 -30160 28798 1362
01/04 -24309 21611 2698
02/04 -19184 16950 2234
02/04 -8756 8333 423
02/04 -15304 14145 1159
02/04 -14971 13615 1356
03/04 -18293 17177 1116
03/04 -21242 19646 1596
03/04 -17363 14457 2906
03/04 -21503 18401 3102
03/04 -5368 3700 1668
04/04 -429 -1837 2266
04/04 5471 -6269 798
04/04 14390 -15337 947
04/04 14031 -13294 -737
05/04 29827 -29427 -400
05/04 38885 -37871 -1014
05/04 41463 -40503 -960
05/04 40509 -41893 1384
06/04 37234 -38202 968
06/04 23808 -23774 -34
06/04 23897 -23046 -851
06/04 118 202 -320
06/04 13666 -12752 -914
07/04 20188 -21130 942
07/04 21705 -22115 410
07/04 7585 -8007 422
07/04 9328 -6271 -3057
08/04 -7574 4880 2694
08/04 -20253 15954 4299
08/04 -39676 34690 4986
08/04 -48116 43097 5019
08/04 -44594 38820 5774
09/04 -11695 9321 2374
09/04 15831 -14791 -1040
09/04 -10928 10332 596
09/04 -25106 24253 853
10/04 -46803 45313 1490
10/04 -57094 54931 2163
10/04 -34880 34703 177
10/04 -22883 22631 252
11/04 -21616 21464 152
11/04 -28542 28539 3
11/04 -36434 36338 96
11/04 -44683 42984 1699
11/04 -54582 52715 1867
12/04 -56809 55991 818
12/04 -54530 50110 4420
12/04 -55287 51019 4268
12/04 -51852 48067 3785
01/05 -35894 32911 2983
01/05 -37252 32136 5116
01/05 -47521 42780 4741
01/05 -38161 34880 3281
02/05 -52571 47234 5337
02/05 -57768 51948 5820
02/05 -62218 56164 6054
02/05 -69230 63018 6212
03/05 -68972 62313 6659
03/05 -71387 64999 6388
03/05 -49511 44595 4916
03/05 -39660 33011 6649
03/05 -27004 23832 3172
04/05 -25946 21830 4116
04/05 -53559 47912 5647
04/05 -66614 60934 5680
04/05 -71978 66342 5636
05/05 -82737 76322 6415
05/05 -79254 75436 3818
05/05 -79414 75561 3853
05/05 -77222 73445 3777
05/05 -85129 80430 4699
06/05 -82167 77258 4909
06/05 -81483 77948 3535
06/05 -81484 79090 2394
06/05 -76167 73676 2491
07/05 -80837 78152 2685
07/05 -77137 74296 2841
07/05 -73067 70224 2843
07/05 -76377 73609 2768
08/05 -75405 73170 2235
08/05 -76826 74209 2617
08/05 -77148 74052 3096
08/05 -44929 45300 -371
08/05 -30801 34764 -3963
09/05 -40501 43078 -2577
09/05 -39377 39606 -229
09/05 -34729 35303 -574
09/05 -31957 32662 -705
10/05 -58300 56274 2026
10/05 -48823 47934 889
10/05 -20030 20310 -280
10/05 -15772 14671 1101
11/05 -45671 43921 1750
11/05 -64986 62154 2832
11/05 -83074 79837 3237
11/05 -87583 86294 1289
11/05 -89024 85720 3304
12/05 -87700 82590 5110
12/05 -72951 67590 5361
12/05 -38696 36289 2407
12/05 -32722 30635 2087
01/06 -39920 35814 4106
01/06 -44626 40139 4487
01/06 -48408 44070 4338
01/06 -48546 44557 3989
01/06 -70425 66098 4327
02/06 -65298 60973 4325
02/06 -70837 66476 4361
02/06 -69087 64703 4384
02/06 -66578 62905 3673
03/06 -37017 34560 2457
03/06 -32224 29930 2294
03/06 -22094 21010 1084
03/06 -12637 11222 1415
04/06 2854 -3206 352
04/06 4442 -4624 182
04/06 7196 -6967 -229
04/06 14704 -13050 -1654
05/06 6676 -6657 -19
05/06 3595 -3305 -290
05/06 11221 -11072 -149
05/06 19151 -18521 -630
05/06 31148 -28860 -2288
06/06 29430 -27896 -1534
06/06 28534 -26231 -2303
06/06 31123 -29043 -2080
06/06 30138 -27818 -2320
07/06 12673 -11636 -1037
07/06 3965 -4357 392
07/06 -7563 6426 1137
07/06 -9735 8071 1664
08/06 -19075 17675 1400
08/06 -23596 21909 1687
08/06 -37848 35634 2214
08/06 -27275 24841 2434
08/06 -24160 22805 1355
09/06 -29415 27671 1744
09/06 -7165 8074 -909
09/06 -2074 2462 -388
09/06 4673 -4267 -406
10/06 -5072 5664 -592
10/06 -8805 9772 -967
10/06 -54868 52477 2391
10/06 -69611 67083 2528
10/06 -85576 82181 3395
11/06 -61189 58060 3129
11/06 -37680 34160 3520
11/06 -13159 12139 1020
11/06 -4256 3289 967
12/06 -26009 25349 660
12/06 -48556 47636 920
12/06 -38790 60003 -21213
12/06 -56834 54781 2053
01/07 -70868 67873 2995
01/07 -28815 27866 949
01/07 -27823 26500 1323
01/07 -17813 18105 -292
01/07 -11284 10515 769
02/07 -20219 16714 3505
02/07 -23713 21407 2306
02/07 -18952 17618 1334
02/07 -465 182 283
03/07 16494 -15595 -899
03/07 15501 -14528 -973
03/07 19727 -19016 -711
03/07 -3387 3544 -157
04/07 -5126 1783 3343
04/07 -18135 13744 4391
04/07 -14154 9759 4395
04/07 -9824 5729 4095
05/07 -31962 26567 5395
05/07 -54049 48327 5722
05/07 -69277 63062 6215
05/07 -75461 69238 6223
05/07 -92713 86137 6576
06/07 -97118 91056 6062
06/07 -61890 56330 5560
06/07 -70718 64573 6145
06/07 -48692 41980 6712
07/07 -56341 48780 7561
07/07 -59125 52212 6913
07/07 -64716 58167 6549
07/07 -54761 47728 7033
07/07 -29337 22606 6731
08/07 -22140 16370 5770
08/07 -11734 11715 19
08/07 23486 -24134 648
08/07 19527 -20202 675
09/07 14689 -15920 1231
09/07 11271 -13133 1862
09/07 27341 -28072 731
09/07 11719 -12921 1202
10/07 355 -2143 1788
10/07 -14767 10720 4047
10/07 -33457 30194 3263
10/07 -48393 45259 3134
10/07 -72825 69765 3060
11/07 -57658 53575 4083
11/07 -37405 34239 3166
11/07 -19233 16907 2326
11/07 -13845 11769 2076
12/07 -12702 10036 2666
12/07 -42124 38903 3221
12/07 -70990 66889 4101
12/07 -76626 71808 4818
12/07 -60711 56290 4421
01/08 -60260 55866 4394
01/08 -33547 29952 3595
01/08 -26976 23963 3013
01/08 -45954 41786 4168
02/08 -76174 72055 4119
02/08 -110200 106022 4178
02/08 -121332 116507 4825
02/08 -131246 125334 5912
03/08 -117339 112883 4456
03/08 -79472 73734 5738
03/08 -92232 89304 2928
03/08 -107647 103851 3796
04/08 -125536 120903 4633
04/08 -121122 115403 5719
04/08 -120029 114894 5135
04/08 -125479 120857 4622
04/08 -94672 90796 3876
05/08 -106817 101511 5306
05/08 -102618 99028 3590
05/08 -89353 90599 -1246
05/08 -100260 94756 5504
06/08 -101032 98835 2197
06/08 -87602 84162 3440
06/08 -85089 95847 -10758
06/08 -92318 98170 -5852
07/08 -75773 73935 1838
07/08 -72352 72190 162
07/08 -77650 72341 5309
07/08 -94741 90137 4604
07/08 -85323 78768 6555
08/08 -78186 72293 5893
08/08 -55214 50524 4690
08/08 -48307 50315 -2008
08/08 -58891 53868 5023
09/08 -47574 43577 3997
09/08 -29027 25479 3548
09/08 -18983 17308 1675
09/08 -7270 6429 841
09/08 -12406 12016 390
10/08 -10552 9935 617
10/08 -2879 3101 -222
10/08 574 429 -1003
10/08 4837 -2965 -1872
11/08 5974 -4559 -1415
11/08 3744 -2335 -1409
11/08 3061 -935 -2126
11/08 4402 -2015 -2387
12/08 3699 -1898 -1801
12/08 1372 625 -1997
12/08 -637 2286 -1649
12/08 -1271 1801 -530
12/08 2361 -640 -1721
01/09 2572 -414 -2158
01/09 5882 -4258 -1624
01/09 12892 -8853 -4039
01/09 14348 -10902 -3446
02/09 13843 -9710 -4133
02/09 15937 -11647 -4290
02/09 16243 -11632 -4611
02/09 18085 -14280 -3805
03/09 21127 -17261 -3866
03/09 21007 -16155 -4852
03/09 10371 -7470 -2901
03/09 2752 -1130 -1622
03/09 4141 -2966 -1175
04/09 -5342 5572 -230
04/09 -13594 12698 896
04/09 -32139 30107 2032
04/09 -29574 29131 443
05/09 -20096 18905 1191
05/09 -23343 21468 1875
05/09 -22770 21129 1641
05/09 -25363 23804 1559
06/09 -27129 25388 1741
06/09 -13699 13808 -109
06/09 -12526 12741 -215
06/09 -15024 15247 -223
06/09 -30918 28951 1967
07/09 -41221 39020 2201
07/09 -13131 13614 -483
07/09 -11597 11215 382
07/09 -31661 30207 1454
08/09 -38352 35931 2421
08/09 -50952 48462 2490
08/09 -66419 64413 2006
08/09 -73827 70843 2984
09/09 -30926 30047 879
09/09 -4013 4064 -51
09/09 1595 -1292 -303
09/09 -5124 4301 823
09/09 10026 -10859 833
10/09 19803 -20553 750
10/09 -10762 7949 2813
10/09 -58131 55184 2947
10/09 -68528 66795 1733
11/09 -61576 59927 1649
11/09 -42116 40450 1666
11/09 -58229 55308 2921
11/09 -92681 89266 3415
12/09 -104660 100385 4275
12/09 -110567 106183 4384
12/09 -96479 91562 4917
12/09 -77257 72998 4259
12/09 -67749 64633 3116
01/10 -65789 61987 3802
01/10 -81119 75897 5222
01/10 -85523 79247 6276
01/10 -62371 58139 4232
02/10 -46834 42653 4181
02/10 -34972 32274 2698
02/10 -38430 34464 3966
02/10 -61608 57345 4263
03/10 -85046 79779 5267
03/10 -99702 93474 6228
03/10 -111056 103254 7802
03/10 -115776 109862 5914
03/10 -115072 109598 5474
04/10 -116728 111210 5518
04/10 -118008 112226 5782
04/10 -115943 110152 5791
04/10 -102315 98041 4274
05/10 -87572 83043 4529
05/10 -44846 41958 2888
05/10 -38946 35702 3244
05/10 -30913 28857 2056
06/10 -21550 19773 1777
06/10 -19367 17426 1941
06/10 -32094 28297 3797
06/10 -40198 35639 4559
06/10 -46898 42496 4402
07/10 -25901 22725 3176
07/10 -30975 28135 2840
07/10 -39059 35886 3173
07/10 -49512 45318 4194
08/10 -59802 55141 4661
08/10 -77039 72369 4670
08/10 -75101 70553 4548
08/10 -62046 59370 2676
08/10 -22339 21004 1335
09/10 -14488 14064 424
09/10 -17048 14957 2091
09/10 -30047 26376 3671
09/10 -71505 66591 4914
10/10 -90577 85764 4813
10/10 -91615 86218 5397
10/10 -86824 82125 4699
10/10 -86181 80143 6038
11/10 -87360 82272 5088
11/10 -94576 88746 5830
11/10 -96421 93217 3204
11/10 -91873 87246 4627
11/10 -83084 78906 4178
12/10 -64557 59482 5075
12/10 -82747 77168 5579
12/10 -83068 78002 5066
12/10 -88096 82246 5850
01/11 -80609 74310 6299
01/11 -90537 83572 6965
01/11 -96857 90202 6655
01/11 -101899 95245 6654
02/11 -109864 103117 6747
02/11 -110315 103812 6503
02/11 -114613 109096 5517
02/11 -120059 114276 5783
03/11 -102818 97202 5616
03/11 -120164 113165 6999
03/11 -126921 121575 5346
03/11 -93382 87548 5834
03/11 -94659 88075 6584
04/11 -125980 119062 6918
04/11 -130987 124846 6141
04/11 -140414 134129 6285
04/11 -138648 131806 6842
05/11 -131020 124260 6760
05/11 -124589 118065 6524
05/11 -110479 104912 5567
05/11 -113979 108681 5298
05/11 -115323 108268 7055
06/11 -96395 90198 6197
06/11 -52212 48163 4049
06/11 -44999 41423 3576
06/11 -50195 46077 4118
07/11 -89047 82944 6103
07/11 -104826 98447 6379
07/11 -95092 89266 5826
07/11 -98064 91913 6151
08/11 -93802 88484 5318
08/11 -42271 41293 978
08/11 -21864 22634 -770
08/11 -20595 21835 -1240
08/11 -19494 20880 -1386
09/11 -11164 13246 -2082
09/11 3259 -1209 -2050
09/11 19346 -16890 -2456
09/11 24961 -20626 -4335
10/11 28834 -25431 -3403
10/11 28570 -24878 -3692
10/11 27297 -24129 -3168
10/11 30199 -27055 -3144
11/11 28678 -26588 -2090
11/11 20066 -18067 -1999
11/11 16667 -15021 -1646
11/11 34872 -31582 -3290
11/11 39901 -36240 -3661
12/11 24358 -20862 -3496
12/11 25310 -22894 -2416
12/11 22546 -18802 -3744
12/11 29982 -25685 -4297
01/12 28686 -25829 -2857
01/12 24549 -22332 -2217
01/12 19168 -17328 -1840
01/12 -6459 7418 -959
01/12 -22088 21481 607
02/12 -35867 34107 1760
02/12 -43492 41239 2253
02/12 -52052 49425 2627
02/12 -63704 60750 2954
03/12 -67867 66347 1520
03/12 -83348 78892 4456
03/12 -26652 24329 2323
03/12 -88459 82833 5626
04/12 -88663 84503 4160
04/12 -71867 68600 3267
04/12 -50160 46101 4059
04/12 -42137 40208 1929
05/12 -45201 42045 3156
05/12 -38769 36928 1841
05/12 -13350 14445 -1095
05/12 20034 -16116 -3918
05/12 17233 -12995 -4238
06/12 35351 -30396 -4955
06/12 27087 -22004 -5083
06/12 19084 -14674 -4410
06/12 10935 -7647 -3288
07/12 -16792 17475 -683
07/12 -24751 25222 -471
07/12 -35116 34989 127
07/12 -49002 49662 -660
07/12 -47920 47556 364
08/12 -71452 69378 2074
08/12 -85916 83511 2405
08/12 -100810 97981 2829
08/12 -98188 94626 3562
09/12 -94510 90881 3629
09/12 -127611 122243 5368
09/12 -125273 118147 7126
09/12 -147710 141256 6454
10/12 -142428 135865 6563
10/12 -142651 136392 6259
10/12 -142282 135456 6826
10/12 -138513 132402 6111
10/12 -131369 126009 5360
11/12 -120785 114422 6363
11/12 -102119 96994 5125
11/12 -91801 86787 5014
11/12 -98787 93858 4929
12/12 -125587 118962 6625
12/12 -151656 149271 2385
12/12 -155539 147749 7790
12/12 -159787 149355 10432
12/12 -148001 141752 6249
01/13 -146971 139523 7448
01/13 -159482 151665 7817
01/13 -158600 150037 8563
01/13 -157709 148871 8838
02/13 -150230 141502 8728
02/13 -132587 124579 8008
02/13 -124455 116165 8290
02/13 -107389 104804 2585
03/13 -100048 93521 6527
03/13 -122739 113770 8969
03/13 -118821 109376 9445
03/13 -138223 128162 10061
04/13 -153286 142755 10531
04/13 -152432 142542 9890
04/13 -161163 151288 9875
04/13 -156200 146911 9289
04/13 -147389 138551 8838
05/13 -147515 138444 9071
05/13 -149023 140319 8704
05/13 -144850 136863 7987
05/13 -127848 120864 6984
06/13 -86837 82871 3966
06/13 -66685 63774 2911
06/13 -24734 20949 3785
06/13 -6669 4981 1688
07/13 -4719 2847 1872
07/13 -10999 8035 2964
07/13 -15334 11366 3968
07/13 -25560 19799 5761
07/13 -30488 24888 5600
08/13 -36904 32125 4779
08/13 -40934 36320 4614
08/13 -39279 36131 3148
08/13 -9528 7198 2330
09/13 -1371 688 683
09/13 -9339 8279 1060
09/13 8816 -10201 1385
09/13 -18257 14023 4234
10/13 -18605 14601 4004
10/13 -13424 10933 2491
10/13 -10916 7761 3155
10/13 -11271 7214 4057
10/13 -9349 4896 4453
11/13 -8788 5180 3608
11/13 -8755 7017 1738
11/13 -13608 9539 4069
11/13 -15246 12463 2783
12/13 -10691 8933 1758
12/13 -28029 22530 5499
12/13 -21024 15650 5374
12/13 -25200 20178 5022
12/13 -20767 15605 5162
01/14 -22184 17607 4577
01/14 -18483 13717 4766
01/14 3002 -3628 626
01/14 36290 -35316 -974
02/14 35230 -34515 -715
02/14 34304 -33940 -364
02/14 22241 -23312 1071
02/14 20823 -21569 746
03/14 19910 -20750 840
03/14 6993 -8247 1254
03/14 -936 -1270 2206
03/14 -1118 -1654 2772
04/14 -26511 21784 4727
04/14 -61714 56501 5213
04/14 -58842 54237 4605
04/14 -59345 53511 5834
04/14 -55508 49618 5890
05/14 -55215 47884 7331
05/14 -77399 68622 8777
05/14 -85171 77266 7905
05/14 -91531 83301 8230
06/14 -94240 86016 8224
06/14 -97284 90203 7081
06/14 -74360 69075 5285
06/14 -74063 68969 5094
07/14 -75491 69562 5929
07/14 -73730 68811 4919
07/14 -74442 69637 4805
07/14 -84055 79134 4921
07/14 -81883 77115 4768
08/14 -33762 32433 1329
08/14 -287 -41 328
08/14 -13538 12407 1131
08/14 -39042 36670 2372
09/14 -41883 39164 2719
09/14 -41758 38518 3240
09/14 -24599 22046 2553
09/14 -12070 10504 1566
09/14 9042 -7314 -1728
10/14 8619 -7583 -1036
10/14 7188 -5763 -1425
10/14 23879 -21124 -2755
10/14 28559 -26843 -1716
11/14 28506 -26590 -1916
11/14 31222 -29674 -1548
11/14 30311 -29034 -1277
11/14 34385 -32552 -1833
12/14 46818 -43004 -3814
12/14 53014 -48594 -4420
12/14 57311 -52756 -4555
12/14 67177 -63370 -3807
12/14 67247 -63805 -3442
01/15 68830 -64451 -4379
01/15 58773 -54295 -4478
01/15 50044 -46263 -3781
01/15 47471 -44573 -2898
02/15 51289 -48237 -3052
02/15 53637 -49235 -4402
02/15 48791 -45445 -3346
02/15 50982 -48344 -2638
03/15 47251 -43407 -3844
03/15 39889 -35647 -4242
03/15 61484 -55939 -5545
03/15 45343 -41100 -4243
03/15 33887 -30289 -3598
04/15 25403 -22925 -2478
04/15 -5480 8361 -2881
04/15 17111 -13675 -3436
04/15 26773 -23391 -3382
05/15 52943 -50116 -2827
05/15 30023 -27039 -2984
05/15 33589 -31331 -2258
05/15 36053 -32516 -3537
06/15 48239 -45127 -3112
06/15 55973 -51132 -4841
06/15 54422 -52490 -1932
06/15 31172 -27867 -3305
06/15 42553 -38759 -3794
07/15 77155 -72415 -4740
07/15 77500 -72718 -4782
07/15 86785 -81424 -5361
07/15 94252 -88843 -5409
08/15 87966 -82048 -5918
08/15 76421 -70569 -5852
08/15 64295 -60427 -3868
08/15 87178 -83053 -4125
09/15 82603 -76937 -5666
09/15 75711 -70951 -4760
09/15 60227 -55285 -4942
09/15 17119 -12356 -4763
09/15 47696 -44451 -3245
10/15 9108 -5243 -3865
10/15 7314 -4143 -3171
10/15 3125 -616 -2509
10/15 2242 -83 -2159
11/15 2024 -735 -1289
11/15 21754 -18835 -2919
11/15 41855 -38263 -3592
11/15 30182 -29261 -921
12/15 26531 -25465 -1066
12/15 27834 -24381 -3453
12/15 64455 -60372 -4083
12/15 60677 -56719 -3958
12/15 61596 -57387 -4209
01/16 66269 -61988 -4281
01/16 78856 -74015 -4841
01/16 80363 -76003 -4360
01/16 81087 -76607 -4480
02/16 83364 -78594 -4770
02/16 51203 -46522 -4681
02/16 82595 -77385 -5210
02/16 57318 -52859 -4459
03/16 59837 -56473 -3364
03/16 60689 -57554 -3135
03/16 46985 -45037 -1948
03/16 45991 -45696 -295
03/16 41861 -40796 -1065
04/16 33303 -31878 -1425
04/16 47092 -46591 -501
04/16 13463 -14409 946
04/16 19344 -19315 -29
05/16 12550 -12420 -130
05/16 47903 -45220 -2683
05/16 48932 -45691 -3241
05/16 50128 -47460 -2668
05/16 58047 -55615 -2432
06/16 61854 -59309 -2545
06/16 69064 -65619 -3445
06/16 73227 -68880 -4347
06/16 68953 -65327 -3626
07/16 46879 -44857 -2022
07/16 38714 -37172 -1542
07/16 41980 -39366 -2614
07/16 49669 -46562 -3107
08/16 55621 -52123 -3498
08/16 54704 -54362 -342
08/16 45302 -45723 421
08/16 27980 -28541 561
08/16 34454 -33234 -1220
09/16 59279 -58399 -880
09/16 68972 -65747 -3225
09/16 92841 -89342 -3499
09/16 88595 -85873 -2722
10/16 88851 -85892 -2959
10/16 53517 -51792 -1725
10/16 31195 -30719 -476
10/16 24711 -25343 632
11/16 37255 -36472 -783
11/16 33149 -32996 -153
11/16 44889 -45153 264
11/16 48888 -48314 -574
11/16 55485 -54500 -985
12/16 54812 -54066 -746
12/16 58435 -57659 -776
12/16 68439 -66681 -1758
12/16 62923 -61657 -1266
01/17 67911 -65636 -2275
01/17 72272 -71776 -496
01/17 73939 -73321 -618
01/17 65854 -64654 -1200
01/17 63911 -63208 -703
02/17 59283 -58488 -795
02/17 60336 -60213 -123
02/17 55309 -56481 1172
02/17 43555 -45783 2228
03/17 39470 -42758 3288
03/17 2146 -5467 3321
03/17 -788 -3281 4069
03/17 -1811 -4737 6548
04/17 3704 -9688 5984
04/17 6807 -12675 5868
04/17 -20104 14244 5860
04/17 -20424 16038 4386
05/17 -19636 15115 4521
05/17 -74769 69903 4866
05/17 -75420 70054 5366
05/17 -59205 54298 4907
05/17 -80987 75002 5985
06/17 -91251 84821 6430
06/17 -102698 95814 6884
06/17 -55824 48985 6839
06/17 -86511 81007 5504
07/17 -93985 84859 9126
07/17 -103269 97859 5410
07/17 -118239 112539 5700
07/17 -119200 112890 6310
08/17 -120259 113549 6710
08/17 -113010 106437 6573
08/17 -100573 94849 5724
08/17 -103872 97618 6254
08/17 -102027 97010 5017
09/17 -119359 113612 5747
09/17 -123118 116998 6120
09/17 -83142 76952 6190
09/17 -89105 83727 5378
10/17 -94870 89116 5754
10/17 -86176 82749 3427
10/17 -73598 71067 2531
10/17 -58138 55701 2437
10/17 -57274 55246 2028
11/17 -58907 56975 1932
11/17 -63671 62533 1138
11/17 -82986 80386 2600
11/17 -93427 89566 3861
12/17 -100623 96523 4100
12/17 -89717 86176 3541
12/17 -55007 53894 1113
12/17 -37213 36384 829
01/18 -34491 35058 -567
01/18 -29571 29797 -226
01/18 -48337 46795 1542
01/18 -65076 61155 3921
01/18 -83606 80045 3561
02/18 -95483 92855 2628
02/18 -99105 96778 2327
02/18 -97722 94821 2901
02/18 -95012 92507 2505
03/18 -86528 83295 3233
03/18 -90629 86940 3689
03/18 -69766 66845 2921
03/18 -94942 89787 5155
04/18 -104962 99080 5882
04/18 -106913 102218 4695
04/18 -106719 101841 4878
04/18 -93437 88783 4654
05/18 -90518 86041 4477
05/18 -80027 76188 3839
05/18 -53658 52778 880
05/18 -31389 31540 -151
05/18 -16661 18336 -1675
06/18 13952 -11110 -2842
06/18 25007 -21700 -3307
06/18 15311 -11265 -4046
06/18 16184 -12510 -3674
07/18 -2730 5915 -3185
07/18 -27459 28132 -673
07/18 -30574 29078 1496
07/18 -21531 19584 1947
07/18 -28662 26515 2147
08/18 -36004 33260 2744
08/18 -35256 31074 4182
08/18 -30056 25670 4386
08/18 -22952 19337 3615
09/18 -15982 12519 3463
09/18 -18120 14536 3584
09/18 -44779 40513 4266
09/18 -55636 51398 4238
10/18 -77247 73829 3418
10/18 -78809 74449 4360
10/18 -72928 68575 4353
10/18 -61769 58027 3742
10/18 -35418 33809 1609
11/18 -8641 7036 1605
11/18 -8202 7287 915
11/18 -14107 14083 24
11/18 -14750 15327 -577
12/18 -2967 4523 -1556
12/18 -10520 11442 -922
12/18 1505 -769 -736
12/18 -2728 3429 -701
12/18 -11071 9772 1299
01/19 -33844 30982 2862
01/19 -60912 57265 3647
01/19 -67416 63519 3897
01/19 -72913 69443 3470
02/19 -74756 71467 3289
02/19 -77952 76411 1541
02/19 -87720 95095 -7375
02/19 -85277 91947 -6670
03/19 -81963 88418 -6455
03/19 -77849 75096 2753
03/19 -127390 122887 4503
03/19 -151177 146334 4843
04/19 -146275 142723 3552
04/19 -159984 155437 4547
04/19 -159593 156030 3563
04/19 -153824 150705 3119
04/19 -149000 144739 4261
05/19 -148245 144689 3556
05/19 -151549 148207 3342
05/19 -150099 146485 3614
05/19 -146238 142467 3771
06/19 -126874 124229 2645
06/19 -104976 101315 3661
06/19 -120635 116806 3829
06/19 -119684 115035 4649
07/19 -112991 108267 4724
07/19 -130610 126382 4228
07/19 -133045 128121 4924
07/19 -128684 124755 3929
07/19 -132248 128268 3980
08/19 -124768 122069 2699
08/19 -120193 117562 2631
08/19 -112875 110359 2516
08/19 -95837 93314 2523
09/19 -93250 91791 1459
09/19 -98327 95637 2690
09/19 -84370 81626 2744
09/19 -95322 92414 2908
10/19 -117937 115812 2125
10/19 -117578 115396 2182
10/19 -116269 113042 3227
10/19 -116070 112950 3120
10/19 -132267 128907 3360
11/19 -144108 140402 3706
11/19 -144443 142037 2406
11/19 -142027 139821 2206
11/19 -137803 135649 2154
12/19 -133176 130127 3049
12/19 -134665 130641 4024
12/19 -156482 152260 4222
12/19 -161290 158216 3074
12/19 -163709 150266 13443
01/20 -161219 157318 3901
01/20 -169850 165640 4210
01/20 -174472 169971 4501
01/20 -174586 170366 4220
02/20 -170044 165172 4872
02/20 -160823 156326 4497
02/20 -157910 153282 4628
02/20 -153258 150601 2657
03/20 -133885 131181 2704
03/20 -114379 112547 1832
03/20 -33891 33845 46
03/20 -21364 21979 -615
03/20 -7663 7665 -2
04/20 -5676 5756 -80
04/20 -1862 3333 -1471
04/20 1416 1240 -2656
04/20 -7444 8481 -1037
05/20 -5957 7109 -1152
05/20 5715 -5120 -595
05/20 6956 -5984 -972
05/20 5461 4691 -10152
06/20 -8721 8317 404
06/20 -412 -846 1258
06/20 -23234 22106 1128
06/20 -23459 23178 281
06/20 -20962 20956 6
07/20 -15901 14980 921
07/20 -12190 11871 319
07/20 -10586 9848 738
07/20 -11716 10864 852
08/20 -3583 2999 584
08/20 -6802 6507 295
08/20 -4977 4338 639
08/20 -5310 3862 1448
09/20 -7226 5969 1257
09/20 -10121 8373 1748
09/20 -29659 26471 3188
09/20 -29480 26650 2830
09/20 -14495 12636 1859
10/20 -23035 21342 1693
10/20 -25397 22478 2919
10/20 -22685 19842 2843
10/20 -31333 27946 3387
11/20 -28236 24097 4139
11/20 -22987 18322 4665
11/20 -24510 20409 4101
11/20 -28395 23795 4600
12/20 -35226 29041 6185
12/20 -32197 26522 5675
12/20 -1750 -3227 4977
12/20 4082 -8249 4167
12/20 951 -5258 4307
01/21 2612 -7723 5111
01/21 103 -5452 5349
01/21 2708 -7687 4979
01/21 -3714 -950 4664
02/21 -7161 2868 4293
02/21 -5313 1483 3830
02/21 -6033 1412 4621
02/21 -6244 3025 3219
03/21 -7050 4431 2619
03/21 -3298 1852 1446
03/21 28026 -29457 1431
03/21 18392 -20894 2502
03/21 12274 -15113 2839
04/21 9054 -13142 4088
04/21 8104 -11978 3874
04/21 -1501 -3554 5055
04/21 -4717 960 3757
05/21 31 -4446 4415
05/21 3431 -8480 5049
05/21 5780 -10118 4338
05/21 3768 -8498 4730
06/21 -808 -3646 4454
06/21 1483 -6561 5078
06/21 20397 -23930 3533
06/21 26095 -28591 2496
06/21 14937 -19454 4517
07/21 16747 -22333 5586
07/21 23739 -27432 3693
07/21 24991 -28421 3430
07/21 23119 -26407 3288
08/21 16960 -21297 4337
08/21 21295 -23887 2592
08/21 15943 -19117 3174
08/21 21597 -23830 2233
08/21 17157 -21043 3886
09/21 12865 -17517 4652
09/21 11073 -15852 4779
09/21 15340 -19015 3675
09/21 17487 -19595 2108
10/21 33693 -35579 1886
10/21 37759 -39634 1875
10/21 36459 -38571 2112
10/21 40166 -43289 3123
11/21 48795 -51018 2223
11/21 45684 -48407 2723
11/21 46127 -47655 1528
11/21 50588 -49461 -1127
11/21 61120 -59747 -1373
12/21 65233 -64126 -1107
12/21 12423 -10673 -1750
12/21 6382 -4792 -1590
12/21 8334 -9008 674
01/22 7127 -9490 2363
01/22 1238 -4451 3213
01/22 -7490 4920 2570
01/22 -1478 -790 2268
02/22 -3848 730 3118
02/22 -4073 1244 2829
02/22 -12054 8974 3080
02/22 -21038 16825 4213
03/22 -45811 42378 3433
03/22 -55194 53017 2177
03/22 7848 -10576 2728
03/22 13919 -18051 4132
03/22 3286 -8247 4961
04/22 -5778 910 4868
04/22 -19553 14960 4593
04/22 -26214 21664 4550
04/22 -23563 20126 3437
05/22 -18552 14623 3929
05/22 -20866 16725 4141
05/22 -32249 28215 4034
05/22 -34352 29792 4560
05/22 -40143 35449 4694
06/22 -38117 32726 5391
06/22 23148 -26381 3233
06/22 22977 -26870 3893
06/22 9107 -13980 4873
07/22 10096 -14418 4322
07/22 20317 -23238 2921
07/22 27890 -30760 2870
07/22 26859 -29898 3039
08/22 20696 -23053 2357
08/22 24722 -27621 2899
08/22 17803 -21371 3568
08/22 27490 -31316 3826
08/22 25765 -29030 3265
09/22 25310 -29460 4150
09/22 21333 -25381 4048
09/22 23741 -28033 4292
09/22 37998 -41322 3324
10/22 31914 -37321 5407
10/22 27839 -33654 5815
10/22 16273 -22294 6021
10/22 -19809 12574 7235
11/22 -50512 44045 6467
11/22 -66356 59614 6742
11/22 -74563 67851 6712
11/22 -70061 63319 6742
11/22 -72759 66086 6673
12/22 -53360 47952 5408
12/22 -49811 44364 5447
12/22 49592 -55096 5504
12/22 45864 -51726 5862
01/23 50262 -56376 6114
01/23 47206 -53381 6175
01/23 42299 -48639 6340
01/23 42327 -48740 6413
01/23 40804 -45270 4466
02/23 39903 -44278 4375
02/23 33816 -39667 5851
02/23 31458 -36873 5415
02/23 29943 -35145 5202
03/23 25058 -31252 6194
03/23 -69176 66127 3049
03/23 -56413 51530 4883
03/23 -53828 49279 4549
04/23 -63177 57913 5264
04/23 -65515 60477 5038
04/23 -60884 56171 4713
04/23 -58607 54128 4479
05/23 -62848 57710 5138
05/23 -76533 70032 6501
05/23 -79465 73635 5830
05/23 -82616 76943 5673
05/23 -83021 78005 5016
06/23 -87777 81670 6107
06/23 -92754 78835 13919
06/23 -103040 99718 3322
06/23 -99899 96349 3550
07/23 -99399 95240 4159
07/23 -99493 96166 3327
07/23 -98239 94492 3747
07/23 -92058 87841 4217
08/23 -93092 88548 4544
08/23 -86640 83651 2989
08/23 -85227 82023 3204
08/23 -76418 73659 2759
08/23 -79021 73863 5158
09/23 -71732 67521 4211
09/23 -71492 66871 4621
09/23 -67745 63650 4095
09/23 -64635 60633 4002
10/23 -67248 64514 2734
10/23 -53575 52233 1342
10/23 -47005 44305 2700
10/23 -40188 37861 2327
10/23 -33883 31297 2586
11/23 -41220 36740 4480
11/23 -47568 43382 4186
11/23 -63204 58931 4273
11/23 -71441 65485 5956
12/23 -78636 73456 5180
12/23 -79064 74125 4939
12/23 -86683 84001 2682
12/23 -90570 87749 2821
01/24 -92329 89098 3231
01/24 -94006 88439 5567
01/24 -86271 81602 4669
01/24 -79401 75099 4302
01/24 -85717 80393 5324
02/24 -92311 86829 5482
02/24 -105042 100444 4598
02/24 -101330 95995 5335
02/24 -98895 93814 5081
03/24 -112716 106586 6130
03/24 -110810 104292 6518
03/24 -132984 128670 4314
03/24 -137659 132068 5591
04/24 -139435 133730 5705
04/24 -144453 139691 4762
04/24 -132119 127731 4388
04/24 -128387 123655 4732
04/24 -123325 119045 4280
05/24 -116374 112312 4062
05/24 -116601 112961 3640
05/24 -122287 117892 4395
05/24 -124698 120919 3779
06/24 -127410 124671 2739
06/24 -120588 118993 1595
06/24 -50802 50254 548
06/24 -58963 57806 1157
07/24 -65349 63627 1722
07/24 -65743 63323 2420
07/24 -64182 61710 2472
07/24 -71076 69317 1759
07/24 -67062 67660 -598
08/24 -64007 65336 -1329
08/24 -48708 50094 -1386
08/24 -33410 34646 -1236
08/24 -29312 30720 -1408
09/24 -27678 30479 -2801
09/24 -24212 27026 -2814
09/24 -6352 7723 -1371
09/24 -10852 12426 -1574
10/24 -24765 26299 -1534
10/24 -27901 29193 -1292
10/24 -23735 25246 -1511
10/24 -20992 23897 -2905
