04/90 -67 44 23
04/90 -68 -33 101
05/90 -190 -35 225
05/90 -31 -40 71
06/90 180 -142 -38
06/90 -41 0 41
07/90 -196 68 128
07/90 336 41 -377
08/90 108 -41 -67
08/90 -647 222 425
09/90 -865 645 220
09/90 -885 869 16
10/90 -981 1037 -56
10/90 -902 1039 -137
11/90 -815 1000 -185
11/90 -904 868 36
12/90 -836 421 415
12/90 -1198 416 782
01/91 -553 99 454
01/91 -950 -255 1205
02/91 -866 -39 905
02/91 582 -1252 670
03/91 524 -1300 776
03/91 680 -1331 651
04/91 605 -1295 690
04/91 950 -1446 496
05/91 688 -1391 703
05/91 1140 -2100 960
06/91 857 -2003 1146
06/91 -77 -912 989
07/91 -583 -880 1463
07/91 -581 -1153 1734
08/91 -1040 -720 1760
08/91 -2512 710 1802
09/91 -4042 1777 2265
09/91 -3660 1713 1947
10/91 -4582 3280 1302
10/91 -4669 3768 901
11/91 -3416 2077 1339
11/91 -1467 358 1109
12/91 -306 -62 368
12/91 -927 1007 -80
01/92 -2479 2005 474
01/92 -2132 1674 458
02/92 -679 293 386
02/92 -827 367 460
03/92 -2028 1077 951
03/92 -5189 4408 781
04/92 -4553 3691 862
04/92 -5200 3980 1220
05/92 -3987 2138 1849
05/92 -4561 3125 1436
06/92 -4596 4019 577
06/92 -2715 1780 935
07/92 -5074 3324 1750
07/92 -7202 5406 1796
08/92 -6383 4909 1474
08/92 -6642 4733 1909
09/92 -8523 7179 1344
09/92 -8421 7639 782
10/92 -8049 7509 540
10/92 -7833 6961 872
10/92 -6614 6047 567
10/92 -6290 5469 821
11/92 -7291 6203 1088
11/92 -7832 6822 1010
11/92 -7008 5918 1090
11/92 -2129 1470 659
12/92 -2993 954 2039
12/92 -6582 1682 4900
12/92 -7374 2344 5030
12/92 -7602 3488 4114
12/92 -5959 2448 3511
01/93 -6568 2392 4176
01/93 -6185 1685 4500
01/93 -5756 2319 3437
01/93 -5535 2541 2994
02/93 -6050 3310 2740
02/93 -9447 6408 3039
02/93 -10449 8023 2426
02/93 -13906 11305 2601
03/93 -15789 13005 2784
03/93 -15427 12201 3226
03/93 -16290 12721 3569
03/93 -17073 14350 2723
03/93 -15339 12561 2778
04/93 -16264 12667 3597
04/93 -15222 10892 4330
04/93 -16525 11623 4902
04/93 -11955 9195 2760
05/93 -11832 7683 4149
05/93 -10938 7411 3527
05/93 -11304 6628 4676
05/93 -9184 5411 3773
06/93 -9675 5975 3700
06/93 -10092 6564 3528
06/93 -8730 4970 3760
06/93 -10407 6240 4167
06/93 -8278 5142 3136
07/93 -7124 2504 4620
07/93 -5036 1937 3099
07/93 -4868 1400 3468
07/93 -4571 1446 3125
08/93 -6967 3140 3827
08/93 -8012 3371 4641
08/93 -17815 10971 6844
08/93 -18211 12132 6079
08/93 -19468 13864 5604
09/93 -13344 9428 3916
09/93 -9028 4916 4112
09/93 -5201 195 5006
09/93 -4774 -612 5386
10/93 -3411 -2475 5886
10/93 4569 -9092 4523
10/93 3620 -7640 4020
10/93 2432 -7869 5437
11/93 -4003 -2951 6954
11/93 -9250 1245 8005
11/93 258 -6085 5827
11/93 -3221 -2510 5731
11/93 -2279 -3272 5551
12/93 1151 -6509 5358
12/93 -3729 -6147 9876
12/93 -3739 -6104 9843
12/93 -9396 -1147 10543
01/94 -10318 148 10170
01/94 -16013 4570 11443
01/94 -20679 8716 11963
01/94 -21067 9361 11706
02/94 -24189 12181 12008
02/94 -23310 10308 13002
02/94 -20898 9447 11451
02/94 -18820 9079 9741
03/94 -16632 7349 9283
03/94 -15209 6109 9100
03/94 -12231 2706 9525
03/94 -14604 4681 9923
03/94 -11343 2349 8994
04/94 -13704 3497 10207
04/94 -13031 3260 9771
04/94 -25263 13405 11858
04/94 -19549 9699 9850
05/94 -3051 -3817 6868
05/94 -824 -6875 7699
05/94 1839 -9210 7371
05/94 2540 -9923 7383
05/94 3050 -11057 8007
06/94 -3833 -5349 9182
06/94 -11423 2101 9322
06/94 -18160 7926 10234
06/94 -17863 9852 8011
07/94 -16836 8191 8645
07/94 -9802 1918 7884
07/94 -6838 -1024 7862
07/94 5248 -14307 9059
08/94 8081 -16414 8333
08/94 6114 -16004 9890
08/94 7082 -16938 9856
08/94 8766 -18451 9685
08/94 6589 -14269 7680
09/94 5649 -13168 7519
09/94 5709 -12520 6811
09/94 7601 -12952 5351
09/94 12474 -18233 5759
10/94 14664 -20822 6158
10/94 15577 -21278 5701
10/94 17367 -20649 3282
10/94 11584 -15190 3606
11/94 1227 -6096 4869
11/94 7685 -12664 4979
11/94 9116 -14448 5332
11/94 7929 -12992 5063
11/94 9931 -14071 4140
12/94 8417 -12860 4443
12/94 2837 -8970 6133
12/94 5234 -11799 6565
12/94 2838 -10009 7171
01/95 -5261 -8836 14097
01/95 -7990 -7547 15537
01/95 -7818 -7707 15525
01/95 -5904 -9613 15517
01/95 -3142 -11021 14163
02/95 -7888 -7747 15635
02/95 -6541 -8053 14594
02/95 -8503 -6061 14564
02/95 -11224 -3476 14700
03/95 -9470 -3866 13336
03/95 -11707 -2326 14033
03/95 -26695 11075 15620
03/95 -31215 15208 16007
04/95 -31543 16504 15039
04/95 -29835 14415 15420
04/95 -29587 13730 15857
04/95 -27376 14066 13310
05/95 -22899 8259 14640
05/95 -22545 9062 13483
05/95 -34228 16839 17389
05/95 -44352 27900 16452
05/95 -27773 15067 12706
06/95 -18711 7810 10901
06/95 -22520 9230 13290
06/95 -7406 -5055 12461
06/95 1228 -11960 10732
07/95 3304 -13532 10228
07/95 4988 -15827 10839
07/95 2189 -15898 13709
07/95 3905 -17318 13413
08/95 -4515 -13017 17532
08/95 -5066 -12704 17770
08/95 -11533 -6591 18124
08/95 -21375 1030 20345
08/95 -28938 7777 21161
09/95 -38603 15194 23409
09/95 -39709 16091 23618
09/95 -33909 13245 20664
09/95 -32264 13774 18490
10/95 -32892 16648 16244
10/95 -35204 16565 18639
10/95 -25259 8429 16830
10/95 -17912 1804 16108
10/95 -20417 4361 16056
11/95 -18331 2198 16133
11/95 -28010 9261 18749
11/95 -34850 18013 16837
11/95 -40113 20118 19995
12/95 -45031 23316 21715
12/95 -51821 26488 25333
12/95 -48368 25203 23165
12/95 -40295 19601 20694
10/96 -137 0 137
01/96 -39287 17914 21373
01/96 -36859 17175 19684
01/96 -26784 8804 17980
01/96 -22627 7105 15522
01/96 -22523 8904 13619
02/96 -22289 10249 12040
02/96 -24841 12640 12201
02/96 -24052 11872 12180
02/96 -22968 13180 9788
03/96 -23196 11779 11417
03/96 -23062 9738 13324
03/96 -30759 14822 15937
03/96 -31535 17061 14474
04/96 -30527 15885 14642
04/96 -31705 18263 13442
04/96 -32178 18091 14087
04/96 -29293 17621 11672
04/96 -20719 11825 8894
05/96 -19296 10294 9002
05/96 -20505 11040 9465
05/96 -29225 17388 11837
05/96 -33188 21104 12084
06/96 -29124 17858 11266
06/96 -35545 21231 14314
06/96 -40866 22789 18077
06/96 -37374 20636 16738
07/96 -41642 23211 18431
07/96 -41146 22129 19017
07/96 -38886 21368 17518
07/96 -20487 3669 16818
07/96 -14275 -604 14879
08/96 -11947 -392 12339
08/96 -15869 110 15759
08/96 -19214 1100 18114
08/96 -15071 -349 15420
09/96 -14418 -1394 15812
09/96 -14302 -2047 16349
09/96 -17314 -1909 19223
09/96 -20873 2358 18515
10/96 -22080 3206 18874
10/96 -27375 6676 20699
10/96 -28407 5774 22633
10/96 -31762 7053 24709
10/96 -33936 10631 23305
11/96 -32849 7787 25062
11/96 -30193 4453 25740
11/96 -37914 10244 27670
11/96 -37643 9161 28482
12/96 -38341 13150 25191
12/96 -36179 13029 23150
12/96 -36194 12869 23325
12/96 -30340 11192 19148
12/96 -25165 7580 17585
01/97 -26145 7204 18941
01/97 -25668 8218 17450
01/97 -22800 8005 14795
01/97 -17695 4363 13332
02/97 -16497 2589 13908
02/97 -13909 840 13069
02/97 -17033 2474 14559
02/97 -12385 1712 10673
03/97 -14328 2007 12321
03/97 -12114 -932 13046
03/97 -13117 -413 13530
03/97 -10320 -216 10536
04/97 -6416 -2523 8939
04/97 -6921 -4309 11230
04/97 -9229 -3042 12271
04/97 -28794 13212 15582
04/97 -27987 13261 14726
05/97 -30408 17833 12575
05/97 -31327 15960 15367
05/97 -34533 16033 18500
05/97 -34058 17784 16274
06/97 -23136 10688 12448
06/97 -20188 8138 12050
06/97 -15599 5085 10514
06/97 -21857 8313 13544
07/97 -10285 1687 8598
07/97 -6797 -2739 9536
07/97 -8260 -2631 10891
07/97 2310 -11174 8864
07/97 -2640 -6139 8779
08/97 -38172 19643 18529
08/97 -51356 29750 21606
08/97 -56626 32585 24041
08/97 -52676 31416 21260
09/97 -56338 30211 26127
09/97 -53174 28824 24350
09/97 -53492 29356 24136
09/97 -55196 29830 25366
09/97 -44121 20524 23597
10/97 -39151 19303 19848
10/97 -41576 18820 22756
10/97 -42896 24966 17930
10/97 -37748 19786 17962
11/97 -40992 20911 20081
11/97 -36248 17811 18437
11/97 -31363 12962 18401
11/97 -19066 4819 14247
12/97 -10766 -1337 12103
12/97 -8713 -3630 12343
12/97 -6397 -7135 13532
12/97 3861 -16265 12404
12/97 727 -12732 12005
01/98 1942 -14458 12516
01/98 589 -15242 14653
01/98 5103 -19179 14076
01/98 2727 -15700 12973
02/98 -17295 -3255 20550
02/98 -24095 4213 19882
02/98 -21283 1894 19389
02/98 -31524 9543 21981
03/98 -27924 8650 19274
03/98 -13251 -4589 17840
03/98 -10849 -7069 17918
03/98 -39222 16631 22591
03/98 -50094 26733 23361
04/98 -62749 35331 27418
04/98 -55114 31527 23587
04/98 -62075 34684 27391
04/98 -33929 13132 20797
05/98 -17986 183 17803
05/98 -13962 -2895 16857
05/98 -4224 -12665 16889
05/98 4687 -19409 14722
06/98 1027 -17217 16190
06/98 6844 -25470 18626
06/98 11847 -28235 16388
06/98 -23068 -1469 24537
06/98 -33183 9662 23521
07/98 -37182 12453 24729
07/98 -29598 8347 21251
07/98 -6591 -8715 15306
07/98 12959 -25164 12205
08/98 17242 -33144 15902
08/98 23993 -38343 14350
08/98 9517 -27657 18140
08/98 19975 -34671 14696
09/98 18831 -33725 14894
09/98 10967 -29961 18994
09/98 -9232 -15362 24594
09/98 -31611 2940 28671
09/98 -33545 5022 28523
10/98 -36866 8194 28672
10/98 -25538 -1111 26649
10/98 -13619 -12032 25651
10/98 -24180 -5072 29252
11/98 -14075 -10560 24635
11/98 -24612 -1457 26069
11/98 -11297 -11814 23111
11/98 -3953 -18237 22190
12/98 -3655 -19371 23026
12/98 1516 -24121 22605
12/98 271 -23151 22880
12/98 1254 -24763 23509
12/98 -389 -23591 23980
01/99 -4805 -17628 22433
01/99 -3789 -19601 23390
01/99 592 -24110 23518
01/99 5176 -24101 18925
02/99 -698 -18543 19241
02/99 623 -19867 19244
02/99 7469 -26263 18794
02/99 16171 -30168 13997
03/99 16203 -30732 14529
03/99 -21140 -585 21725
03/99 -15729 -5104 20833
03/99 -8292 -12865 21157
03/99 -22538 -1708 24246
04/99 -42204 15739 26465
04/99 -56463 29558 26905
04/99 -58049 33582 24467
04/99 -71794 40197 31597
05/99 -74808 48029 26779
05/99 -63602 37392 26210
05/99 -65638 40109 25529
05/99 -53253 28595 24658
06/99 -63112 36379 26733
06/99 -78210 50416 27794
06/99 -78643 51036 27607
06/99 -57080 33992 23088
06/99 -63552 40152 23400
07/99 -29897 13153 16744
07/99 -5225 -10164 15389
07/99 -4661 -9882 14543
07/99 -56032 34757 21275
08/99 -71136 47446 23690
08/99 -75242 49931 25311
08/99 -79093 55127 23966
08/99 -79825 55495 24330
08/99 -68195 46382 21813
09/99 -42122 23036 19086
09/99 -41665 23915 17750
09/99 -37607 18120 19487
09/99 -39318 23051 16267
10/99 -23372 10686 12686
10/99 -26818 14721 12097
10/99 -38611 21921 16690
10/99 -44850 27715 17135
11/99 -29502 13718 15784
11/99 -16795 2439 14356
11/99 -6758 -6686 13444
11/99 -363 -9823 10186
11/99 2651 -12610 9959
12/99 -320 -8919 9239
12/99 -4745 -7146 11891
12/99 -2849 -3494 6343
12/99 -164 -7129 7293
01/00 1429 -11460 10031
01/00 14773 -18159 3386
01/00 14482 -17585 3103
01/00 -1838 -5758 7596
02/00 -22070 11529 10541
02/00 -24560 14303 10257
02/00 -24723 12307 12416
02/00 -17582 10002 7580
02/00 -34546 22868 11678
03/00 -35998 23213 12785
03/00 -39532 27325 12207
03/00 -31975 20179 11796
03/00 -46589 32191 14398
04/00 -37873 24436 13437
04/00 -44986 31788 13198
04/00 -47457 38081 9376
04/00 -47271 36093 11178
05/00 -56485 43601 12884
05/00 -50032 36573 13459
05/00 -55780 37864 17916
05/00 -49526 28585 20941
05/00 -36738 16852 19886
06/00 -33443 11772 21671
06/00 -31707 12696 19011
06/00 -34971 12781 22190
06/00 -33421 14014 19407
07/00 -35931 16218 19713
07/00 -36574 12782 23792
07/00 -33669 13171 20498
07/00 -23260 10358 12902
08/00 -24323 10168 14155
08/00 -24987 8504 16483
08/00 -23440 16101 7339
08/00 -35199 19579 15620
08/00 -36707 17664 19043
09/00 -41127 20471 20656
09/00 -43867 21569 22298
09/00 -46668 24809 21859
09/00 -44535 21554 22981
10/00 -32974 16364 16610
10/00 -26167 9882 16285
10/00 -30837 15100 15737
10/00 -24659 8494 16165
10/00 -18006 3099 14907
11/00 -19020 4657 14363
11/00 -32615 14017 18598
11/00 -37361 17252 20109
11/00 -30430 13233 17197
12/00 -23242 7363 15879
12/00 -20443 1866 18577
12/00 -12369 2603 9766
12/00 -14273 2511 11762
01/01 -13028 -2073 15101
01/01 -9418 2389 7029
01/01 -15462 1195 14267
01/01 -8326 -2883 11209
01/01 -10263 -1491 11754
02/01 -12755 -27 12782
02/01 -13686 2068 11618
02/01 -8934 -3946 12880
02/01 -10190 1106 9084
03/01 -5699 -2261 7960
03/01 -3561 -9675 13236
03/01 -10489 -2974 13463
03/01 -19016 3199 15817
04/01 -17106 -900 18006
04/01 -18134 -1785 19919
04/01 -11915 -6334 18249
04/01 -6661 -10094 16755
05/01 -1322 -15077 16399
05/01 5240 -21925 16685
05/01 4213 -21442 17229
05/01 12916 -27303 14387
05/01 13278 -24081 10803
06/01 14077 -26129 12052
06/01 7274 -23090 15816
06/01 1618 -19427 17809
06/01 663 -23794 23131
07/01 5179 -23446 18267
07/01 11337 -25521 14184
07/01 21943 -28438 6495
07/01 9605 -29166 19561
07/01 1372 -21831 20459
08/01 8695 -27565 18870
08/01 6293 -28536 22243
08/01 -2046 -21034 23080
08/01 14118 -34134 20016
09/01 11553 -31574 20021
09/01 20418 -35278 14860
09/01 8913 -27072 18159
10/01 10883 -23344 12461
10/01 6752 -25383 18631
10/01 -1649 -16360 18009
10/01 399 -18589 18190
10/01 -8835 -14348 23183
11/01 -8222 -15243 23465
11/01 -3735 -17471 21206
11/01 14794 -27014 12220
11/01 26970 -23009 -3961
12/01 20593 -31891 11298
12/01 22290 -32902 10612
12/01 28309 -31807 3498
12/01 21358 -26874 5516
12/01 27367 -33103 5736
01/02 39596 -47104 7508
01/02 45700 -53220 7520
01/02 58174 -62643 4469
01/02 43786 -48430 4644
02/02 49133 -53305 4172
02/02 34326 -40442 6116
02/02 17849 -27687 9838
02/02 14900 -23876 8976
03/02 13470 -25981 12511
03/02 625 -17140 16515
03/02 -9712 -7074 16786
03/02 -31557 12022 19535
04/02 -41467 18734 22733
04/02 -33853 13368 20485
04/02 -39569 14829 24740
04/02 -46592 23510 23082
04/02 -48671 24708 23963
05/02 -47553 21479 26074
05/02 -40311 22618 17693
05/02 -39763 16848 22915
05/02 -28968 7236 21732
06/02 -14947 -1056 16003
06/02 -8434 -6151 14585
06/02 -10396 -4187 14583
06/02 -14706 -3794 18500
07/02 1665 -13290 11625
07/02 8809 -20443 11634
07/02 14324 -26079 11755
07/02 21295 -28215 6920
07/02 17633 -26905 9272
08/02 25325 -31916 6591
08/02 17003 -26389 9386
08/02 4101 -19000 14899
08/02 -16558 -5446 22004
09/02 -14925 -2824 17749
09/02 -18784 2962 15822
09/02 -27914 8112 19802
09/02 -22840 5249 17591
10/02 -31394 12333 19061
10/02 -25347 6889 18458
10/02 -24053 6261 17792
10/02 -19165 5367 13798
10/02 -26839 10189 16650
11/02 -12542 178 12364
11/02 -309 -9318 9627
11/02 -11765 -998 12763
11/02 -12308 -2321 14629
12/02 -21945 5506 16439
12/02 -33903 11582 22321
12/02 -33713 13083 20630
12/02 -28210 8460 19750
12/02 -24866 5086 19780
01/03 -31114 8545 22569
01/03 -27964 8975 18989
01/03 -38409 21401 17008
01/03 -36400 19793 16607
02/03 -43895 23005 20890
02/03 -50717 32944 17773
02/03 -44414 24240 20174
02/03 -40709 14227 26482
03/03 -34464 9383 25081
03/03 -32065 6284 25781
03/03 -24490 723 23767
03/03 -18533 -6938 25471
04/03 -21786 -3397 25183
04/03 -21945 -4576 26521
04/03 -29155 35 29120
04/03 -31193 351 30842
04/03 -19609 -1265 20874
05/03 -22930 -184 23114
05/03 -41592 12686 28906
05/03 -44257 17853 26404
05/03 -38510 8457 30053
06/03 -41342 12286 29056
06/03 -48035 14813 33222
06/03 -23310 -1396 24706
06/03 -25981 1979 24002
07/03 -15224 -3690 18914
07/03 -10254 -11170 21424
07/03 -9758 -12979 22737
07/03 5483 -27897 22414
07/03 -3311 -23617 26928
08/03 -668 -26629 27297
08/03 -8270 -22447 30717
08/03 1657 -31362 29705
08/03 -4104 -27952 32056
09/03 7073 -32116 25043
09/03 8827 -33265 24438
09/03 7549 -32149 24600
09/03 19849 -39907 20058
09/03 11881 -35699 23818
10/03 7758 -33853 26095
10/03 -17042 -15646 32688
10/03 1980 -28716 26736
10/03 15710 -42722 27012
11/03 24045 -50964 26919
11/03 26548 -52244 25696
11/03 22860 -52684 29824
11/03 24787 -48806 24019
12/03 14200 -41766 27566
12/03 -11354 -16721 28075
12/03 -16003 -14662 30665
12/03 -10152 -15450 25602
12/03 -12251 -16363 28614
01/04 -13138 -16305 29443
01/04 -3898 -26745 30643
01/04 -1996 -27100 29096
01/04 7503 -32901 25398
02/04 6813 -33461 26648
02/04 9383 -34748 25365
02/04 8329 -33190 24861
02/04 -1863 -28041 29904
03/04 -14988 -13645 28633
03/04 -15912 -11466 27378
03/04 -24879 -3562 28441
03/04 -24730 -4387 29117
03/04 -32865 1175 31690
04/04 -38121 4920 33201
04/04 -44046 11545 32501
04/04 -23754 -7252 31006
04/04 -39500 2016 37484
05/04 -52487 18156 34331
05/04 -58052 23492 34560
05/04 -47898 14243 33655
05/04 -59420 23287 36133
06/04 -60414 24542 35872
06/04 -40005 5599 34406
06/04 -31977 2505 29472
06/04 -38582 5906 32676
06/04 -29077 1104 27973
07/04 -29055 -4308 33363
07/04 -9405 -15402 24807
07/04 671 -22349 21678
07/04 -13060 -10600 23660
08/04 -8046 -17227 25273
08/04 -8850 -13537 22387
08/04 -3528 -21049 24577
08/04 -6984 -19262 26246
08/04 -7652 -18251 25903
09/04 -1877 -23397 25274
09/04 -1836 -21762 23598
09/04 -197 -25574 25771
09/04 -31001 1544 29457
10/04 -42935 8780 34155
10/04 -44846 10490 34356
10/04 -50782 15554 35228
10/04 -45175 10137 35038
11/04 -42928 4630 38298
11/04 -33361 -4846 38207
11/04 -21023 -14502 35525
11/04 -10536 -23027 33563
11/04 -11964 -20096 32060
12/04 -843 -33289 34132
12/04 1143 -34950 33807
12/04 8879 -43092 34213
12/04 10005 -43663 33658
01/05 18657 -47633 28976
01/05 24230 -54882 30652
01/05 24270 -55490 31220
01/05 11572 -45653 34081
02/05 -4239 -30535 34774
02/05 -2683 -31988 34671
02/05 2429 -36514 34085
02/05 4658 -40224 35566
03/05 -28936 -16105 45041
03/05 -31901 -14003 45904
03/05 -36640 -7044 43684
03/05 -43213 35 43178
03/05 -44493 3781 40712
04/05 -48910 6001 42909
04/05 -29746 -5132 34878
04/05 -29452 -13766 43218
04/05 -31550 -8362 39912
05/05 -14594 -19040 33634
05/05 -8285 -24927 33212
05/05 -795 -35449 36244
05/05 4245 -45023 40778
05/05 9784 -45334 35550
06/05 -8170 -32957 41127
06/05 -13037 -31753 44790
06/05 -16595 -28911 45506
06/05 -17308 -25566 42874
07/05 -12282 -28893 41175
07/05 -22176 -20800 42976
07/05 -19500 -24099 43599
07/05 -18936 -26904 45840
08/05 -29592 -15797 45389
08/05 -32103 -10576 42679
08/05 -31489 -830 32319
08/05 -35519 -5050 40569
08/05 -30311 -9196 39507
09/05 -31545 -8604 40149
09/05 -37180 -10781 47961
09/05 -38914 -7281 46195
09/05 -18616 -18926 37542
10/05 -25614 -3225 28839
10/05 -21646 -17448 39094
10/05 -15843 -24055 39898
10/05 -17220 -17811 35031
11/05 -3319 -35936 39255
11/05 -480 -40786 41266
11/05 5038 -43820 38782
11/05 10159 -49708 39549
11/05 11801 -50181 38380
12/05 -2347 -38883 41230
12/05 -8431 -29026 37457
12/05 -6283 -35547 41830
12/05 1036 -42449 41413
08/06 2416 -4869 2453
08/06 2624 -4932 2308
09/06 1748 -6515 4767
09/06 265 -5384 5119
09/06 601 -5341 4740
01/06 3806 -43904 40098
01/06 6652 -46947 40295
01/06 8614 -50677 42063
01/06 6947 -47932 40985
01/06 1368 -36429 35061
02/06 -2174 -39767 41941
02/06 442 -38987 38545
02/06 6867 -46637 39770
02/06 -5012 -39169 44181
03/06 -3832 -41866 45698
03/06 -2948 -41773 44721
03/06 -7543 -38755 46298
03/06 -16262 -28386 44648
04/06 -16911 -28604 45515
04/06 -12305 -33214 45519
04/06 -22628 -28966 51594
04/06 -30840 -13440 44280
05/06 -18386 -26582 44968
05/06 -11761 -28768 40529
05/06 -11735 -25987 37722
05/06 -10860 -22426 33286
05/06 -25526 -12308 37834
06/06 -31364 -4189 35553
06/06 -43726 9159 34567
06/06 -53488 15819 37669
06/06 -56507 17317 39190
07/06 -51395 17045 34350
07/06 -49434 14163 35271
07/06 -52784 15045 37739
07/06 -58528 22376 36152
08/06 -62753 25111 37642
08/06 -71033 29565 41468
08/06 -74012 31737 42275
08/06 -74799 34180 40619
08/06 -80704 45261 35443
09/06 -67300 31934 35366
09/06 -71414 40058 31356
09/06 -64058 32917 31141
09/06 -73709 40235 33474
10/06 -79033 46873 32160
10/06 -77643 45743 31900
10/06 -74426 42181 32245
10/06 -74303 41233 33070
10/06 -76673 47986 28687
11/06 -69302 40251 29051
11/06 -69637 45279 24358
11/06 -65634 43478 22156
11/06 -69692 51544 18148
12/06 -69160 49080 20080
12/06 -69923 40676 29247
12/06 -54649 21245 33404
12/06 -47673 9475 38198
01/07 -38562 12400 26162
01/07 -26297 2875 23422
01/07 -19592 -4989 24581
01/07 -21956 -3921 25877
01/07 -23650 -1424 25074
02/07 -26200 -2557 28757
02/07 -21082 -6270 27352
02/07 -21759 -5574 27333
02/07 -37126 7645 29481
03/07 -30334 -1540 31874
03/07 -16621 -14631 31252
03/07 -8178 -23862 32040
03/07 -4213 -29489 33702
04/07 -13492 -20989 34481
04/07 -19837 -18542 38379
04/07 -7024 -26985 34009
04/07 -5091 -28840 33931
05/07 -4393 -27244 31637
05/07 -13252 -21172 34424
05/07 -19342 -13691 33033
05/07 -20688 -14531 35219
05/07 -9913 -21143 31056
06/07 -13487 -17383 30870
06/07 -256 -28665 28921
06/07 -952 -29233 30185
06/07 10656 -37953 27297
07/07 21167 -49713 28546
07/07 22481 -56409 33928
07/07 27409 -61149 33740
07/07 38748 -73143 34395
07/07 38616 -72281 33665
08/07 36426 -66412 29986
08/07 28171 -61803 33632
08/07 22167 -59931 37764
08/07 27840 -66418 38578
09/07 28981 -64496 35515
09/07 31346 -63294 31948
09/07 29818 -59395 29577
09/07 35162 -64981 29819
10/07 27297 -55913 28616
10/07 32415 -60887 28472
10/07 27378 -57238 29860
10/07 25394 -58335 32941
10/07 22962 -51467 28505
11/07 21066 -55358 34292
11/07 34283 -66416 32133
11/07 39980 -76237 36257
11/07 39976 -74674 34698
12/07 65571 -87796 22225
12/07 76513 -94544 18031
12/07 73292 -98366 25074
12/07 89983 -114968 24985
12/07 83411 -103489 20078
01/08 71833 -95578 23745
01/08 73016 -101274 28258
01/08 77363 -106837 29474
01/08 77303 -101483 24180
02/08 78521 -104254 25733
02/08 63673 -93224 29551
02/08 50580 -78713 28133
02/08 48803 -99944 51141
03/08 30151 -77706 47555
03/08 28508 -75740 47232
03/08 26203 -68500 42297
03/08 23998 -66020 42022
04/08 28336 -65469 37133
04/08 22462 -65139 42677
04/08 22647 -66069 43422
04/08 14927 -57682 42755
04/08 28826 -73482 44656
05/08 29178 -73100 43922
05/08 20851 -66678 45827
05/08 20546 -69196 48650
05/08 24220 -71414 47194
06/08 24820 -66903 42083
06/08 20300 -69510 49210
06/08 32208 -79211 47003
06/08 38335 -82301 43966
07/08 47521 -101327 53806
07/08 54405 -94846 40441
07/08 54869 -100648 45779
07/08 52006 -100240 48234
07/08 72709 -119634 46925
08/08 81738 -125033 43295
08/08 88624 -129229 40605
08/08 105501 -147136 41635
08/08 110614 -156144 45530
09/08 117838 -161076 43238
09/08 129784 -172833 43049
09/08 130383 -171051 40668
09/08 132239 -172779 40540
09/08 140497 -177606 37109
10/08 141945 -175893 33948
10/08 137816 -172697 34881
10/08 136777 -172132 35355
10/08 128820 -166058 37238
11/08 120815 -160321 39506
11/08 122849 -160351 37502
11/08 127817 -166340 38523
11/08 116724 -151705 34981
12/08 112708 -153739 41031
12/08 119988 -158811 38823
12/08 123037 -162834 39797
12/08 119865 -154613 34748
12/08 108662 -144814 36152
01/09 108860 -147301 38441
01/09 105192 -141903 36711
01/09 111571 -145821 34250
01/09 108120 -145473 37353
02/09 110487 -144779 34292
02/09 104246 -142682 38436
02/09 101812 -140524 38712
02/09 96961 -148904 51943
03/09 89196 -127734 38538
03/09 78100 -114064 35964
03/09 76847 -115187 38340
03/09 71144 -121018 49874
03/09 81361 -122458 41097
04/09 81653 -126205 44552
04/09 81054 -126609 45555
04/09 86068 -127987 41919
04/09 89300 -128979 39679
05/09 92085 -130850 38765
05/09 88525 -131737 43212
05/09 91421 -135210 43789
05/09 84151 -131563 47412
06/09 94954 -138759 43805
06/09 93857 -139653 45796
06/09 104952 -153363 48411
06/09 108168 -153808 45640
06/09 112644 -153269 40625
07/09 121008 -160481 39473
07/09 111892 -164682 52790
07/09 117450 -158436 40986
07/09 115823 -160950 45127
08/09 114940 -161220 46280
08/09 106462 -154020 47558
08/09 126897 -175327 48430
08/09 132490 -176818 44328
09/09 129352 -169846 40494
09/09 128401 -168629 40228
09/09 134072 -173866 39794
09/09 123419 -163808 40389
09/09 108023 -145951 37928
10/09 104205 -142100 37895
10/09 107225 -147043 39818
10/09 108146 -152040 43894
10/09 118946 -153838 34892
11/09 128837 -157650 28813
11/09 127635 -159919 32284
11/09 135642 -167284 31642
11/09 128210 -157507 29297
12/09 131427 -161068 29641
12/09 126890 -155954 29064
12/09 110967 -142892 31925
12/09 113468 -150045 36577
12/09 110310 -146529 36219
01/10 119827 -156589 36762
01/10 126646 -163810 37164
01/10 131488 -168722 37234
01/10 123599 -162554 38955
02/10 123165 -159358 36193
02/10 116780 -150827 34047
02/10 120353 -154292 33939
02/10 131554 -166291 34737
03/10 140347 -170667 30320
03/10 142569 -174569 32000
03/10 154599 -186983 32384
03/10 154013 -185973 31960
03/10 147990 -177857 29867
04/10 158110 -185592 27482
04/10 168539 -195312 26773
04/10 179433 -205155 25722
04/10 154638 -183872 29234
05/10 176189 -203375 27186
05/10 162245 -191655 29410
05/10 154574 -184195 29621
05/10 154581 -179712 25131
06/10 146093 -174248 28155
06/10 120278 -154750 34472
06/10 112038 -150275 38237
06/10 118858 -161288 42430
06/10 119284 -156755 37471
07/10 111345 -146281 34936
07/10 123383 -155967 32584
07/10 123701 -155980 32279
07/10 123978 -154103 30125
08/10 115199 -150281 35082
08/10 123759 -156482 32723
08/10 127392 -160712 33320
08/10 131071 -163196 32125
08/10 129734 -163706 33972
09/10 140789 -173609 32820
09/10 145194 -178630 33436
09/10 148751 -183113 34362
09/10 152413 -183803 31390
10/10 136757 -170258 33501
10/10 146471 -175241 28770
10/10 139368 -173874 34506
10/10 136697 -165744 29047
11/10 128373 -158616 30243
11/10 127869 -163282 35413
11/10 131212 -167750 36538
11/10 127606 -167008 39402
11/10 131956 -170079 38123
12/10 134287 -175901 41614
12/10 134038 -183052 49014
12/10 159430 -202096 42666
12/10 159768 -199624 39856
01/11 133706 -180008 46302
01/11 153185 -199035 45850
01/11 175030 -221563 46533
01/11 161963 -210523 48560
02/11 172981 -219132 46151
02/11 185148 -225254 40106
02/11 208636 -246836 38200
02/11 223838 -257283 33445
03/11 228910 -259831 30921
03/11 224972 -254514 29542
03/11 215788 -252151 36363
03/11 192722 -237627 44905
03/11 158127 -201013 42886
04/11 150447 -200370 49923
04/11 167588 -210449 42861
04/11 169849 -212132 42283
04/11 157313 -202177 44864
05/11 138927 -187800 48873
05/11 161629 -201475 39846
05/11 164598 -198152 33554
05/11 157006 -192340 35334
05/11 130610 -166673 36063
06/11 109696 -154160 44464
06/11 108160 -155837 47677
06/11 128964 -170877 41913
06/11 142635 -179398 36763
07/11 141729 -175525 33796
07/11 154126 -187203 33077
07/11 137173 -179198 42025
07/11 134586 -174981 40395
08/11 149673 -184914 35241
08/11 161109 -189428 28319
08/11 162126 -190173 28047
08/11 158569 -192088 33519
08/11 149829 -179695 29866
09/11 151803 -183017 31214
09/11 149556 -183700 34144
09/11 161091 -191690 30599
09/11 152997 -180585 27588
10/11 145116 -168700 23584
10/11 148428 -172094 23666
10/11 151227 -168643 17416
10/11 150449 -169440 18991
11/11 145175 -162559 17384
11/11 152712 -161013 8301
11/11 156732 -178611 21879
11/11 154624 -171021 16397
11/11 154335 -170512 16177
12/11 148625 -166488 17863
12/11 141053 -160372 19319
12/11 136007 -157381 21374
12/11 139385 -160591 21206
01/12 137370 -158020 20650
01/12 133704 -155035 21331
01/12 129484 -154773 25289
01/12 118212 -141196 22984
01/12 104416 -126903 22487
02/12 101596 -126846 25250
02/12 102831 -126157 23326
02/12 100801 -124929 24128
02/12 107122 -131456 24334
03/12 100858 -125882 25024
03/12 111539 -137969 26430
03/12 108696 -133300 24604
03/12 127788 -148741 20953
04/12 104914 -124082 19168
04/12 103786 -122560 18774
04/12 96472 -119041 22569
04/12 94973 -113308 18335
05/12 103078 -121801 18723
05/12 94015 -113770 19755
05/12 83700 -109424 25724
05/12 89313 -115681 26368
05/12 76945 -100235 23290
06/12 77288 -95402 18114
06/12 89670 -102398 12728
06/12 93384 -113695 20311
06/12 88485 -110077 21592
07/12 67008 -90884 23876
07/12 53644 -81788 28144
07/12 48308 -76044 27736
07/12 42019 -72375 30356
07/12 40611 -75412 34801
08/12 37381 -73100 35719
08/12 29985 -66475 36490
08/12 35311 -66377 31066
08/12 47502 -78851 31349
09/12 64235 -90392 26157
09/12 72708 -103714 31006
09/12 55247 -89693 34446
09/12 60120 -93543 33423
10/12 16721 -53905 37184
10/12 9400 -54499 45099
10/12 15750 -61112 45362
10/12 13836 -59206 45370
10/12 7848 -49004 41156
11/12 19714 -58040 38326
11/12 40429 -77767 37338
11/12 44004 -81677 37673
11/12 53440 -91416 37976
12/12 86015 -116609 30594
12/12 95186 -126157 30971
12/12 112408 -136424 24016
12/12 131591 -153484 21893
12/12 138186 -160449 22263
01/13 136497 -152981 16484
01/13 140085 -152297 12212
01/13 133681 -149446 15765
01/13 126180 -145925 19745
02/13 126308 -144755 18447
02/13 124440 -138655 14215
02/13 130469 -146102 15633
02/13 123849 -136473 12624
03/13 115457 -132980 17523
03/13 102493 -127034 24541
03/13 76976 -108914 31938
03/13 38573 -69952 31379
04/13 24188 -57954 33766
04/13 14904 -55452 40548
04/13 18714 -61166 42452
04/13 15566 -56471 40905
04/13 16640 -55559 38919
05/13 15164 -49604 34440
05/13 22846 -56010 33164
05/13 36106 -71251 35145
05/13 32145 -65175 33030
06/13 28494 -63696 35202
06/13 46834 -73748 26914
06/13 63051 -86425 23374
06/13 65504 -84187 18683
07/13 80155 -101161 21006
07/13 83862 -102412 18550
07/13 87471 -107608 20137
07/13 82583 -104318 21735
07/13 92431 -112279 19848
08/13 106726 -125508 18782
08/13 113285 -129986 16701
08/13 116482 -134872 18390
08/13 117842 -136383 18541
09/13 117960 -142496 24536
09/13 122836 -149254 26418
09/13 116471 -149579 33108
09/13 108932 -133473 24541
10/13 121007 -142227 21220
10/13 125206 -145142 19936
10/13 101232 -127197 25965
10/13 98374 -122374 24000
10/13 104817 -125089 20272
11/13 137959 -155847 17888
11/13 152780 -169061 16281
11/13 150877 -168291 17414
11/13 139273 -162195 22922
12/13 116887 -149435 32548
12/13 100902 -146184 45282
12/13 82972 -131364 48392
12/13 65568 -112313 46745
12/13 58751 -105052 46301
01/14 60070 -107858 47788
01/14 16131 -63145 47014
01/14 3026 -48713 45687
01/14 -1451 -42002 43453
02/14 4801 -50640 45839
02/14 -2333 -47516 49849
02/14 592 -43484 42892
02/14 -7808 -44247 52055
03/14 6659 -60835 54176
03/14 2960 -55231 52271
03/14 4792 -53489 48697
03/14 8637 -59783 51146
04/14 5557 -51913 46356
04/14 8950 -57640 48690
04/14 10390 -59013 48623
04/14 14918 -64595 49677
04/14 22012 -71489 49477
05/14 23621 -74411 50790
05/14 26216 -69718 43502
05/14 40264 -80606 40342
05/14 40941 -83343 42402
06/14 43139 -86851 43712
06/14 49267 -92316 43049
06/14 52130 -100467 48337
06/14 73870 -118622 44752
07/14 86270 -126139 39869
07/14 97531 -134345 36814
07/14 101045 -137058 36013
07/14 100768 -139733 38965
07/14 113049 -152004 38955
08/14 122414 -162281 39867
08/14 124809 -164481 39672
08/14 131409 -169700 38291
08/14 128589 -166288 37699
09/14 132601 -169952 37351
09/14 142749 -186618 43869
09/14 145176 -185781 40605
09/14 138097 -176847 38750
09/14 128387 -174683 46296
10/14 155052 -189640 34588
10/14 157036 -190110 33074
10/14 175607 -202480 26873
10/14 175870 -204400 28530
11/14 168451 -203767 35316
11/14 160839 -205016 44177
11/14 163492 -206823 43331
11/14 142162 -184304 42142
12/14 162396 -201134 38738
12/14 187552 -216859 29307
12/14 181376 -210802 29426
12/14 189746 -216441 26695
12/14 195789 -224207 28418
01/15 188181 -216140 27959
01/15 195635 -220281 24646
01/15 182234 -209501 27267
01/15 197878 -228854 30976
02/15 213457 -241077 27620
02/15 210892 -239751 28859
02/15 209461 -230479 21018
02/15 201663 -230729 29066
03/15 211104 -234286 23182
03/15 200453 -221323 20870
03/15 187026 -212253 25227
03/15 195065 -219285 24220
03/15 201491 -222617 21126
04/15 206024 -225918 19894
04/15 212495 -231731 19236
04/15 212260 -235584 23324
04/15 230720 -253885 23165
05/15 213153 -243987 30834
05/15 201826 -239602 37776
05/15 182788 -220978 38190
05/15 167932 -202261 34329
06/15 209252 -237452 28200
06/15 230923 -262061 31138
06/15 205011 -238297 33286
06/15 191693 -226561 34868
06/15 196959 -230764 33805
07/15 192959 -223543 30584
07/15 197104 -234178 37074
07/15 183422 -223429 40007
07/15 174839 -208442 33603
08/15 182472 -212587 30115
08/15 183293 -214384 31091
08/15 195270 -226270 31000
08/15 192457 -220072 27615
09/15 201097 -226381 25284
09/15 192695 -222422 29727
09/15 182793 -212299 29506
09/15 196157 -221124 24967
09/15 198924 -221068 22144
10/15 200315 -221839 21524
10/15 199349 -219851 20502
10/15 193216 -216331 23115
10/15 190203 -216516 26313
11/15 194065 -217652 23587
11/15 187040 -211886 24846
11/15 193196 -217746 24550
11/15 186101 -212743 26642
12/15 187379 -215333 27954
12/15 188489 -212605 24116
12/15 180982 -205239 24257
12/15 180816 -205206 24390
12/15 184962 -207872 22910
01/16 172975 -194350 21375
01/16 161010 -182110 21100
01/16 154902 -179414 24512
01/16 153215 -177067 23852
02/16 171918 -197897 25979
02/16 163315 -189459 26144
02/16 152156 -178098 25942
02/16 165948 -188608 22660
03/16 166727 -191583 24856
03/16 178645 -207347 28702
03/16 180006 -203382 23376
03/16 157439 -179877 22438
03/16 145800 -167693 21893
04/16 117317 -138325 21008
04/16 114270 -142368 28098
04/16 101048 -133331 32283
04/16 83070 -116452 33382
05/16 105573 -141490 35917
05/16 98752 -134587 35835
05/16 97731 -132455 34724
05/16 126223 -156691 30468
05/16 136892 -162377 25485
06/16 124939 -153223 28284
06/16 111134 -150652 39518
06/16 102013 -140558 38545
06/16 99327 -137807 38480
07/16 95232 -135292 40060
07/16 95021 -138868 43847
07/16 95857 -136535 40678
07/16 86280 -126048 39768
08/16 66530 -102862 36332
08/16 76736 -114586 37850
08/16 100615 -134829 34214
08/16 81291 -118730 37439
08/16 57434 -95935 38501
09/16 43567 -76525 32958
09/16 40425 -77135 36710
09/16 33227 -75397 42170
09/16 -989 -47645 48634
10/16 23982 -67297 43315
10/16 11946 -54506 42560
10/16 -18454 -31125 49579
10/16 -27812 -15914 43726
11/16 27380 -66458 39078
11/16 40696 -73568 32872
11/16 63397 -90862 27465
11/16 68308 -89668 21360
11/16 52328 -77676 25348
12/16 29561 -67545 37984
12/16 -29717 -14460 44177
12/16 -40241 120 40121
12/16 -44946 -233 45179
01/17 -40891 -641 41532
01/17 -8007 -33727 41734
01/17 -30273 -7961 38234
01/17 -16804 -22737 39541
01/17 -16701 -26109 42810
02/17 822 -41250 40428
02/17 -5613 -32568 38181
02/17 11551 -45855 34304
02/17 22640 -54850 32210
03/17 27560 -55153 27593
03/17 13117 -36497 23380
03/17 -7263 -17075 24338
03/17 -2956 -22847 25803
04/17 -15329 -18360 33689
04/17 -29433 -3502 32935
04/17 -36426 2990 33436
04/17 -26607 -3070 29677
05/17 -53094 20922 32172
05/17 -53265 19475 33790
05/17 -93495 56618 36877
05/17 -89076 52670 36406
05/17 -65655 30641 35014
06/17 -23885 -2816 26701
06/17 -26075 -4334 30409
06/17 -12173 -16737 28910
06/17 1832 -30305 28473
07/17 -7726 -20040 27766
07/17 5811 -33878 28067
07/17 7087 -35179 28092
07/17 14491 -42588 28097
08/17 34035 -58205 24170
08/17 46413 -72934 26521
08/17 14576 -33301 18725
08/17 18212 -42238 24026
08/17 21510 -43330 21820
09/17 20341 -46799 26458
09/17 26779 -52203 25424
09/17 -4855 -23888 28743
09/17 31318 -58566 27248
10/17 47062 -74175 27113
10/17 52591 -79598 27007
10/17 34334 -55980 21646
10/17 48096 -70036 21940
10/17 80689 -102087 21398
11/17 68112 -85396 17284
11/17 41842 -63422 21580
11/17 53040 -77123 24083
11/17 76113 -98402 22289
12/17 94731 -121970 27239
12/17 136111 -164528 28417
12/17 138624 -169576 30952
12/17 140596 -170035 29439
01/18 115613 -141200 25587
01/18 111409 -136711 25302
01/18 46610 -68976 22366
01/18 14754 -33497 18743
01/18 -10395 -18189 28584
02/18 20629 -53531 32902
02/18 69795 -101430 31635
02/18 85363 -121933 36570
02/18 95822 -130893 35071
03/18 80313 -117587 37274
03/18 69711 -105116 35405
03/18 65831 -99417 33586
03/18 63514 -94161 30647
04/18 71174 -97505 26331
04/18 69836 -98273 28437
04/18 58926 -89297 30371
04/18 67514 -96227 28713
05/18 68807 -94849 26042
05/18 92346 -124023 31677
05/18 61043 -93428 32385
05/18 28969 -62825 33856
05/18 27539 -62186 34647
06/18 23868 -59437 35569
06/18 20940 -61125 40185
06/18 13331 -49256 35925
06/18 27647 -66949 39302
07/18 53099 -89795 36696
07/18 67986 -99675 31689
07/18 90084 -116554 26470
07/18 105218 -128111 22893
07/18 103618 -126427 22809
08/18 80857 -107154 26297
08/18 44322 -76213 31891
08/18 27334 -61665 34331
08/18 32609 -66269 33660
09/18 38015 -65912 27897
09/18 45568 -70093 24525
09/18 55064 -81842 26778
09/18 5427 -38640 33213
10/18 -11648 -26023 37671
10/18 -35217 -4552 39769
10/18 -33630 -4534 38164
10/18 -26029 -13193 39222
10/18 -34228 -4878 39106
11/18 -45023 5420 39603
11/18 -60141 22346 37795
11/18 -68292 30260 38032
11/18 -74571 35173 39398
12/18 -62393 20042 42351
12/18 -67843 22884 44959
12/18 -59640 15263 44377
12/18 -54248 9615 44633
12/18 -48129 6632 41497
01/19 -37744 -5421 43165
01/19 -44825 4226 40599
01/19 -59314 17884 41430
01/19 -41340 180 41160
02/19 -44794 3190 41604
02/19 -22314 -16295 38609
02/19 -5138 -31933 37071
02/19 12627 -47516 34889
03/19 13071 -49352 36281
03/19 -9785 -25581 35366
03/19 -8506 -30235 38741
03/19 -15518 -22946 38464
04/19 -16217 -19042 35259
04/19 1185 -35094 33909
04/19 11588 -50121 38533
04/19 23334 -55076 31742
04/19 40747 -69129 28382
05/19 39045 -67901 28856
05/19 45222 -73899 28677
05/19 31582 -60978 29396
05/19 54336 -85951 31615
06/19 71358 -104505 33147
06/19 93008 -126948 33940
06/19 99612 -137299 37687
06/19 133042 -163162 30120
07/19 128480 -159145 30665
07/19 129044 -157507 28463
07/19 127810 -155615 27805
07/19 160735 -191423 30688
07/19 166649 -199785 33136
08/19 167867 -200081 32214
08/19 171808 -212554 40746
08/19 168974 -196191 27217
08/19 156129 -186601 30472
09/19 141760 -170860 29100
09/19 117912 -150429 32517
09/19 88721 -123175 34454
09/19 86054 -124981 38927
10/19 86271 -118548 32277
10/19 128457 -160002 31545
10/19 153691 -185465 31774
10/19 174230 -209077 34847
10/19 154986 -185647 30661
11/19 105543 -136137 30594
11/19 87734 -121088 33354
11/19 104709 -140415 35706
11/19 152849 -187410 34561
12/19 189050 -222310 33260
12/19 184065 -218926 34861
12/19 161911 -200724 38813
12/19 155957 -198918 42961
12/19 158989 -202167 43178
01/20 162216 -206104 43888
01/20 192774 -239182 46408
01/20 201595 -249405 47810
01/20 218717 -261528 42811
02/20 206359 -246701 40342
02/20 205236 -243475 38239
02/20 188425 -225586 37161
02/20 187892 -233827 45935
03/20 194915 -231867 36952
03/20 180322 -212988 32666
03/20 95076 -123681 28605
03/20 85387 -109450 24063
03/20 74504 -98362 23858
04/20 86027 -108390 22363
04/20 61387 -86740 25353
04/20 47956 -68874 20918
04/20 26822 -49140 22318
05/20 11321 -36973 25652
05/20 20850 -49271 28421
05/20 35370 -61135 25765
05/20 34807 -58177 23370
06/20 17225 -43986 26761
06/20 12823 -39867 27044
06/20 40198 -68711 28513
06/20 39201 -62702 23501
06/20 42470 -63373 20903
07/20 32941 -54909 21968
07/20 -10861 -14255 25116
07/20 -2115 -22880 24995
07/20 -3374 -18694 22068
08/20 -12087 -7595 19682
08/20 -35285 13515 21770
08/20 -36163 8226 27937
08/20 -41087 13638 27449
09/20 -62107 31686 30421
09/20 -58116 29491 28625
09/20 -76085 50843 25242
09/20 -68261 46165 22096
09/20 -71264 48286 22978
10/20 -92554 68728 23826
10/20 -91779 69178 22601
10/20 -97039 70949 26090
10/20 -75668 49244 26424
11/20 -81864 54099 27765
11/20 -82553 56600 25953
11/20 -73098 46442 26656
11/20 -50567 25312 25255
12/20 -65609 39743 25866
12/20 -36797 10351 26446
12/20 -53113 27109 26004
12/20 -40052 17578 22474
12/20 -26840 7894 18946
01/21 -16811 -3370 20181
01/21 -28659 11439 17220
01/21 -33554 14045 19509
01/21 -27988 11572 16416
02/21 -47375 29581 17794
02/21 -58085 36150 21935
02/21 -62386 38775 23611
02/21 -53172 28110 25062
03/21 -43178 17805 25373
03/21 -22653 -42 22695
03/21 16143 -38022 21879
03/21 17984 -36626 18642
03/21 20040 -37884 17844
04/21 31499 -51583 20084
04/21 30990 -51276 20286
04/21 27301 -50082 22781
04/21 36620 -59616 22996
05/21 31157 -55814 24657
05/21 39402 -65496 26094
05/21 41750 -68752 27002
05/21 52934 -76028 23094
06/21 61593 -87431 25838
06/21 73601 -102508 28907
06/21 73175 -107696 34521
06/21 73341 -105098 31757
06/21 67968 -100847 32879
07/21 71476 -108054 36578
07/21 81780 -119404 37624
07/21 91453 -127542 36089
07/21 100303 -137758 37455
08/21 100386 -136245 35859
08/21 106435 -143920 37485
08/21 120768 -163065 42297
08/21 130128 -166577 36449
08/21 110300 -144695 34395
09/21 111707 -119978 8271
09/21 108808 -148579 39771
09/21 100074 -140220 40146
09/21 105967 -146680 40713
10/21 96637 -133708 37071
10/21 91201 -130902 39701
10/21 86574 -131070 44496
10/21 96361 -138188 41827
11/21 93517 -137713 44196
11/21 98418 -142191 43773
11/21 98415 -144620 46205
11/21 97333 -137255 39922
11/21 93560 -132678 39118
12/21 99372 -132443 33071
12/21 99238 -130226 30988
12/21 109551 -141212 31661
12/21 115610 -146217 30607
01/22 110122 -141907 31785
01/22 95136 -122564 27428
01/22 86174 -118047 31873
01/22 97541 -124535 26994
02/22 90241 -120010 29769
03/24 0 -10004 10004
03/24 0 -12212 12212
04/24 0 -8747 8747
04/24 0 -9197 9197
08/24 0 -1794 1794
