08/04 -3202 2890 312
10/04 -4842 5649 -807
10/04 -6907 7518 -611
11/04 -6199 6978 -779
11/04 -6391 7027 -636
11/04 -7288 7785 -497
11/04 -7353 7776 -423
11/04 -7028 7198 -170
12/04 -2590 3181 -591
03/05 -6994 5933 1061
03/05 -6392 5392 1000
04/05 -6286 5352 934
08/05 -4895 4581 314
08/05 -4943 4877 66
09/05 -5559 5251 308
09/05 -6022 5465 557
10/05 -5356 5084 272
10/05 -6068 5700 368
12/05 -7651 6711 940
12/05 -6544 6007 537
12/05 -4860 4441 419
01/06 -4783 4837 -54
01/06 -3528 3744 -216
01/06 -5096 4827 269
01/06 -3826 3849 -23
01/06 -3672 3774 -102
02/06 -4111 4101 10
02/06 -4238 4011 227
02/06 -3571 3623 -52
02/06 -2525 2900 -375
03/06 -1893 2846 -953
03/06 -1663 2603 -940
03/06 -1528 1737 -209
03/06 -622 899 -277
04/06 -376 388 -12
04/06 -2353 2336 17
04/06 -4088 4472 -384
04/06 -4324 4808 -484
05/06 -5672 6203 -531
05/06 -6122 6886 -764
05/06 -6819 7366 -547
05/06 -6445 7267 -822
05/06 -2343 2828 -485
06/06 -1864 2158 -294
06/06 -2556 2313 243
07/06 615 -943 328
07/06 -3440 3568 -128
07/06 -5696 5445 251
08/06 -8633 8203 430
08/06 -7674 6945 729
08/06 -14208 13262 946
08/06 -12658 11491 1167
08/06 -11717 10516 1201
09/06 -12388 11043 1345
09/06 -10172 9511 661
09/06 -13650 12882 768
09/06 -14010 12673 1337
10/06 -8530 7775 755
10/06 -11000 10109 891
10/06 -14730 13802 928
10/06 -15986 15235 751
10/06 -13208 12257 951
11/06 -15115 13919 1196
11/06 -11048 10295 753
11/06 -13899 12846 1053
11/06 -14268 12923 1345
12/06 -15650 14470 1180
12/06 -17693 16567 1126
12/06 -18968 17889 1079
12/06 -18783 17589 1194
01/07 -19217 18352 865
01/07 -15504 14618 886
01/07 -14256 13401 855
01/07 -11684 10195 1489
01/07 -8924 8121 803
02/07 -11064 10121 943
02/07 -13329 12473 856
02/07 -17078 15868 1210
02/07 -17601 16506 1095
03/07 -14772 14289 483
03/07 -15209 14762 447
03/07 -18726 18856 -130
03/07 -22507 22788 -281
04/07 -22529 22525 4
04/07 -20919 20067 852
04/07 -24220 23097 1123
04/07 -22505 21103 1402
05/07 -18793 17523 1270
05/07 -16683 15255 1428
05/07 -20364 19239 1125
05/07 -16897 15807 1090
05/07 -15932 14911 1021
06/07 -20993 19918 1075
06/07 -27592 26396 1196
06/07 -25322 24316 1006
06/07 -25610 23874 1736
07/07 -24775 22894 1881
07/07 -24553 23250 1303
07/07 -25856 24386 1470
07/07 -28884 27844 1040
07/07 -15002 14264 738
08/07 -17439 16660 779
08/07 -15202 14037 1165
08/07 -9742 8885 857
08/07 -3875 3825 50
09/07 -7055 6343 712
09/07 -10242 9674 568
09/07 -11789 11172 617
09/07 -13742 12722 1020
10/07 -19824 18494 1330
10/07 -23316 21085 2231
10/07 -23153 22385 768
10/07 -20925 19451 1474
10/07 -16531 14668 1863
11/07 -15490 13381 2109
11/07 -12196 10423 1773
11/07 -9072 7054 2018
11/07 -8331 6859 1472
12/07 -12537 10999 1538
12/07 -13097 11341 1756
12/07 -12791 9626 3165
12/07 -13628 12247 1381
12/07 -15636 13965 1671
01/08 -15542 13503 2039
01/08 -18062 15749 2313
01/08 -12821 11455 1366
01/08 -12169 10722 1447
02/08 -16706 14789 1917
02/08 -18002 15979 2023
02/08 -17037 15127 1910
02/08 -17726 15533 2193
03/08 -15479 13631 1848
03/08 -14170 12396 1774
03/08 -12092 10378 1714
03/08 -11139 9451 1688
04/08 -8902 7454 1448
04/08 -9923 8372 1551
04/08 -8164 6594 1570
04/08 -9451 7894 1557
04/08 -7111 5489 1622
05/08 -8299 6337 1962
05/08 -4962 3444 1518
05/08 -5509 4541 968
05/08 -5996 4964 1032
06/08 -2227 6328 -4101
06/08 393 3200 -3593
06/08 -5156 1566 3590
06/08 -3240 2650 590
07/08 -4593 3166 1427
07/08 -4513 2141 2372
07/08 -6368 5327 1041
07/08 -6202 4984 1218
07/08 -2449 1584 865
08/08 1090 -1381 291
08/08 1531 -1451 -80
08/08 1430 -597 -833
08/08 3018 -463 -2555
09/08 3549 -1814 -1735
09/08 4671 -2950 -1721
09/08 6171 -3900 -2271
09/08 6951 -4586 -2365
09/08 6398 -4781 -1617
10/08 5717 -4478 -1239
10/08 5001 -4560 -441
10/08 5122 -4171 -951
10/08 3402 -2447 -955
11/08 1853 -932 -921
11/08 2219 -1366 -853
11/08 2387 -1641 -746
11/08 2425 -2378 -47
12/08 2958 -2562 -396
12/08 3532 -2293 -1239
12/08 -30 -1535 1565
12/08 -370 -1200 1570
12/08 -115 -1009 1124
01/09 -1337 248 1089
01/09 -866 -193 1059
01/09 1212 -1937 725
01/09 3458 -4297 839
02/09 5077 -5978 901
02/09 3915 -4339 424
02/09 4116 -4582 466
02/09 5235 -5930 695
03/09 6548 -6768 220
03/09 7339 -7979 640
03/09 4121 -6080 1959
03/09 754 -2885 2131
03/09 -1361 -939 2300
04/09 -5518 2968 2550
04/09 -4537 4360 177
04/09 -2969 3505 -536
04/09 -3499 3648 -149
05/09 -3964 3809 155
05/09 -7296 6258 1038
05/09 -8182 6819 1363
05/09 -14085 12532 1553
06/09 -15822 14132 1690
06/09 -16331 14773 1558
06/09 -17050 15460 1590
06/09 -18240 16956 1284
06/09 -18633 17683 950
07/09 -16335 15357 978
07/09 -15903 14969 934
07/09 -17506 16183 1323
07/09 -19220 17567 1653
08/09 -20029 18200 1829
08/09 -20649 18811 1838
08/09 -19310 17436 1874
08/09 -20661 18649 2012
09/09 -19492 17664 1828
09/09 -20408 18123 2285
09/09 -21061 18995 2066
09/09 -20565 18645 1920
09/09 -19845 17503 2342
10/09 -20022 18093 1929
10/09 -20179 17630 2549
10/09 -19720 17158 2562
10/09 -16952 15028 1924
11/09 -15099 13316 1783
11/09 -12720 11255 1465
11/09 -14607 12674 1933
11/09 -13338 11584 1754
12/09 -9637 8103 1534
12/09 -8687 7795 892
12/09 -10626 9452 1174
12/09 -10681 9746 935
12/09 -10576 8805 1771
01/10 -15033 12973 2060
01/10 -17614 15683 1931
01/10 -18446 16356 2090
01/10 -9868 8471 1397
02/10 -6179 5383 796
02/10 -4746 4723 23
02/10 -6986 7435 -449
02/10 -6547 6392 155
03/10 -5593 5112 481
03/10 -4253 3247 1006
03/10 -4143 2809 1334
03/10 -6861 5489 1372
03/10 -7939 5806 2133
04/10 -6958 5503 1455
04/10 -9102 7151 1951
04/10 -10263 8752 1511
04/10 -14701 12909 1792
05/10 -16947 14976 1971
05/10 -18599 16892 1707
05/10 -13110 12553 557
05/10 -6744 7662 -918
06/10 -1882 2204 -322
06/10 1399 -869 -530
06/10 1594 -2129 535
06/10 -2078 822 1256
06/10 -3554 2486 1068
07/10 -3390 2577 813
07/10 -6363 5452 911
07/10 -10376 8973 1403
07/10 -15630 13674 1956
08/10 -16926 15059 1867
08/10 -14867 12544 2323
08/10 -13177 12139 1038
08/10 -11801 10683 1118
08/10 -7722 6957 765
09/10 -10915 9377 1538
09/10 -19237 16839 2398
09/10 -20635 18408 2227
09/10 -19474 17270 2204
10/10 -18570 16334 2236
10/10 -19394 16573 2821
10/10 -17899 15331 2568
10/10 -18405 15871 2534
11/10 -21550 19148 2402
11/10 -24940 22250 2690
11/10 -25877 23445 2432
11/10 -23516 21069 2447
11/10 -20501 18445 2056
12/10 -20009 18261 1748
12/10 -13773 12521 1252
12/10 -8176 7366 810
12/10 -9443 8115 1328
01/11 -12792 10731 2061
01/11 -12410 9620 2790
01/11 -13903 11247 2656
01/11 -11435 8627 2808
02/11 -13181 10270 2911
02/11 -13526 10857 2669
02/11 -11819 9810 2009
02/11 -9804 8101 1703
03/11 -8522 7411 1111
03/11 -4666 4346 320
03/11 2691 -2809 118
03/11 1977 -1482 -495
03/11 -411 239 172
04/11 -4250 2695 1555
04/11 -8440 6336 2104
04/11 -12320 9339 2981
04/11 -14565 11457 3108
05/11 -15787 12800 2987
05/11 -16223 13714 2509
05/11 -14616 12624 1992
05/11 -16115 13876 2239
05/11 -18597 15724 2873
06/11 -19533 16004 3529
06/11 -22544 19218 3326
06/11 -21972 18849 3123
06/11 -21439 18364 3075
07/11 -22306 18986 3320
07/11 -22579 19584 2995
07/11 -24631 21438 3193
07/11 -26613 23291 3322
08/11 -28097 24126 3971
08/11 -22565 20427 2138
08/11 -20615 18417 2198
08/11 -19637 16876 2761
08/11 -19434 16565 2869
09/11 -20225 17670 2555
09/11 -20335 17664 2671
09/11 -15582 13565 2017
09/11 -9853 9591 262
10/11 -4392 5566 -1174
10/11 -5944 6838 -894
10/11 -8146 8225 -79
10/11 -9757 9219 538
11/11 -11365 10655 710
11/11 -12268 11550 718
11/11 -10510 10614 -104
11/11 -6829 7916 -1087
11/11 -2793 3718 -925
12/11 -3121 3857 -736
12/11 -4737 5383 -646
12/11 23 612 -635
12/11 -811 1405 -594
01/12 -2297 2436 -139
01/12 -5846 5029 817
01/12 -10730 9455 1275
01/12 -14550 12932 1618
01/12 -17291 14797 2494
02/12 -26248 23335 2913
02/12 -26503 23870 2633
02/12 -26865 24211 2654
02/12 -24949 22114 2835
03/12 -18715 16788 1927
03/12 -15433 13223 2210
03/12 -5457 4210 1247
03/12 -6109 3984 2125
04/12 -7860 5846 2014
04/12 -8927 7170 1757
04/12 -14050 11939 2111
04/12 -11726 9486 2240
05/12 -10880 8025 2855
05/12 -6475 6224 251
05/12 -3261 2597 664
05/12 3253 -1509 -1744
05/12 6805 -5208 -1597
06/12 7183 -5530 -1653
06/12 5531 -3885 -1646
06/12 2342 -2213 -129
06/12 -1086 576 510
07/12 -5809 4320 1489
07/12 -7714 5591 2123
07/12 -8303 6939 1364
07/12 -8657 7779 878
07/12 -12533 10347 2186
08/12 -17252 14588 2664
08/12 -17726 15247 2479
08/12 -18931 16372 2559
08/12 -16220 14229 1991
09/12 -12565 11401 1164
09/12 -12666 10032 2634
09/12 -19628 16605 3023
09/12 -23538 19965 3573
10/12 -24664 21381 3283
10/12 -20266 16710 3556
10/12 -19452 16284 3168
10/12 -18705 16349 2356
10/12 -19248 16745 2503
11/12 -22605 19388 3217
11/12 -21558 19194 2364
11/12 -19606 17858 1748
11/12 -21433 18710 2723
12/12 -23454 21088 2366
12/12 -28591 24600 3991
12/12 -18410 14230 4180
12/12 -20607 14739 5868
12/12 -19774 17082 2692
01/13 -22178 19220 2958
01/13 -25639 22262 3377
01/13 -26934 23532 3402
01/13 -25073 21816 3257
02/13 -26764 22700 4064
02/13 -24683 21338 3345
02/13 -27936 24693 3243
02/13 -21640 20297 1343
03/13 -20350 19044 1306
03/13 -20431 19350 1081
03/13 -13120 12477 643
03/13 -19541 16916 2625
04/13 -20775 18387 2388
04/13 -26690 25150 1540
04/13 -32531 30808 1723
04/13 -29329 27705 1624
04/13 -31645 29050 2595
05/13 -30001 28536 1465
05/13 -22700 23216 -516
05/13 -13974 17782 -3808
05/13 -12381 14011 -1630
06/13 -3758 6013 -2255
06/13 -234 2653 -2419
06/13 -32 2126 -2094
06/13 3260 -711 -2549
07/13 3670 -1174 -2496
07/13 3509 -1008 -2501
07/13 4747 -2744 -2003
07/13 3882 -1846 -2036
07/13 1169 -520 -649
08/13 2768 -1539 -1229
08/13 118 197 -315
08/13 -2546 2390 156
08/13 -200 252 -52
09/13 1877 -797 -1080
09/13 845 -601 -244
09/13 -6129 5657 472
09/13 -9537 8055 1482
10/13 -13106 10891 2215
10/13 -12576 10766 1810
10/13 -14801 12668 2133
10/13 -15697 13114 2583
10/13 -12588 10625 1963
11/13 -11129 9708 1421
11/13 -11624 10366 1258
11/13 -13609 12476 1133
11/13 -11473 10249 1224
12/13 -8716 7639 1077
12/13 -10694 8553 2141
12/13 -7346 5673 1673
12/13 -8180 6456 1724
12/13 -8477 6707 1770
01/14 -9832 7866 1966
01/14 -11512 9614 1898
01/14 -10088 8556 1532
01/14 -10925 9685 1240
02/14 -8288 8032 256
02/14 -8653 7641 1012
02/14 -10490 8906 1584
02/14 -12510 10982 1528
03/14 -15517 13432 2085
03/14 -16296 14449 1847
03/14 -18502 15751 2751
03/14 -20858 18213 2645
04/14 -20868 18480 2388
04/14 -21802 19766 2036
04/14 -21849 19847 2002
04/14 -22486 20175 2311
04/14 -20573 18480 2093
05/14 -21521 20693 828
05/14 -20995 19340 1655
05/14 -19475 17594 1881
05/14 -20062 17944 2118
06/14 -18622 17531 1091
06/14 -18083 16855 1228
06/14 -4989 3733 1256
06/14 -6882 6152 730
07/14 -9869 8985 884
07/14 -14867 14416 451
07/14 -15274 15453 -179
07/14 -15877 15132 745
07/14 -16555 15289 1266
08/14 -15282 14500 782
08/14 -14355 13429 926
08/14 -12442 12032 410
08/14 -12537 11841 696
09/14 -10503 10172 331
09/14 -9702 9522 180
09/14 39 1120 -1159
09/14 -209 1841 -1632
09/14 2142 64 -2206
10/14 2363 -100 -2263
10/14 5485 -2384 -3101
10/14 5865 -2332 -3533
10/14 6561 -3898 -2663
11/14 8049 -4109 -3940
11/14 4411 -989 -3422
11/14 3952 -1247 -2705
11/14 4568 -2294 -2274
12/14 4308 -1680 -2628
12/14 5932 -2295 -3637
12/14 3247 -639 -2608
12/14 4444 -1408 -3036
12/14 4097 -1846 -2251
01/15 3863 -907 -2956
01/15 5319 -1776 -3543
01/15 3769 -1817 -1952
01/15 7512 -3659 -3853
02/15 9287 -4497 -4790
02/15 11118 -6200 -4918
02/15 10159 -5753 -4406
02/15 8831 -4330 -4501
03/15 5339 -1367 -3972
03/15 7086 -2480 -4606
03/15 4444 -1141 -3303
03/15 3057 -866 -2191
03/15 -1303 4031 -2728
04/15 -4440 5778 -1338
04/15 -4555 6003 -1448
04/15 -7709 8488 -779
04/15 -10297 10180 117
05/15 -8226 9064 -838
05/15 -555 1770 -1215
05/15 3676 -2231 -1445
05/15 7660 -5087 -2573
06/15 13187 -10539 -2648
06/15 15032 -11795 -3237
06/15 12698 -9168 -3530
06/15 17506 -13563 -3943
06/15 20163 -16066 -4097
07/15 22164 -18348 -3816
07/15 23537 -19654 -3883
07/15 20537 -15954 -4583
07/15 17041 -12765 -4276
08/15 15941 -11899 -4042
08/15 14376 -10572 -3804
08/15 13681 -9957 -3724
08/15 9686 -6063 -3623
09/15 12265 -8279 -3986
09/15 15680 -11820 -3860
09/15 5761 -2094 -3667
09/15 7840 -3529 -4311
09/15 6947 -3062 -3885
10/15 5434 -971 -4463
10/15 2836 692 -3528
10/15 -1418 3759 -2341
10/15 -3029 5589 -2560
11/15 -4066 6618 -2552
11/15 -2215 5564 -3349
11/15 -901 5248 -4347
11/15 -448 4010 -3562
12/15 -1793 4757 -2964
12/15 -7106 8881 -1775
12/15 458 1119 -1577
12/15 1693 -221 -1472
12/15 856 -146 -710
01/16 64 1579 -1643
01/16 320 1541 -1861
01/16 6003 -2954 -3049
01/16 8331 -5400 -2931
02/16 10539 -8436 -2103
02/16 9999 -9139 -860
02/16 9866 -8317 -1549
02/16 7595 -6615 -980
03/16 5886 -4157 -1729
03/16 2225 -2000 -225
03/16 285 1290 -1575
03/16 -1453 1017 436
03/16 -1657 1874 -217
04/16 -2793 2903 -110
04/16 -3974 4292 -318
04/16 -5959 5351 608
04/16 -9373 7384 1989
05/16 -10543 9200 1343
05/16 -9689 9352 337
05/16 -6825 6688 137
05/16 -4184 4576 -392
05/16 -5439 5504 -65
06/16 -9944 8536 1408
06/16 1538 -3818 2280
06/16 814 -3045 2231
06/16 278 -2826 2548
07/16 -629 -1403 2032
07/16 -3655 1011 2644
07/16 -4100 2173 1927
07/16 -1223 215 1008
08/16 -1987 217 1770
08/16 -1180 -613 1793
08/16 -1044 -695 1739
08/16 -617 -878 1495
08/16 -3534 1893 1641
09/16 -7911 6128 1783
09/16 -7466 5129 2337
09/16 5923 -7916 1993
09/16 4654 -6793 2139
10/16 5147 -7830 2683
10/16 5999 -7736 1737
10/16 -924 -153 1077
10/16 -888 -420 1308
11/16 -433 -965 1398
11/16 -4294 2505 1789
11/16 -3737 2043 1694
11/16 -523 -533 1056
11/16 1575 -1872 297
12/16 2318 -3952 1634
12/16 2122 -3702 1580
12/16 6535 -6953 418
12/16 11732 -11001 -731
01/17 12140 -11413 -727
01/17 13751 -13960 209
01/17 12022 -12288 266
01/17 8797 -9883 1086
01/17 -631 -1022 1653
02/17 -3661 1845 1816
02/17 -5058 2876 2182
02/17 -4871 3158 1713
02/17 -5341 2937 2404
03/17 2252 -4425 2173
03/17 5403 -5605 202
03/17 13500 -12610 -890
03/17 13369 -12629 -740
04/17 15412 -14724 -688
04/17 15970 -15153 -817
04/17 15757 -15006 -751
04/17 16555 -15404 -1151
05/17 14227 -11970 -2257
05/17 13108 -10786 -2322
05/17 14420 -11954 -2466
05/17 11047 -9217 -1830
05/17 6711 -5539 -1172
06/17 1981 -1785 -196
06/17 -2343 1595 748
06/17 -22739 21455 1284
06/17 -26325 25233 1092
07/17 -31299 29133 2166
07/17 -33355 31905 1450
07/17 -38120 35981 2139
07/17 -37180 34805 2375
08/17 -37567 34938 2629
08/17 -35892 33485 2407
08/17 -27585 24839 2746
08/17 -24620 21882 2738
08/17 -21304 18804 2500
09/17 -16524 14723 1801
09/17 -14544 12350 2194
09/17 -8673 6670 2003
09/17 -9788 8053 1735
10/17 -9671 8118 1553
10/17 -6550 5729 821
10/17 -7556 6977 579
10/17 -521 611 -90
10/17 7460 -5707 -1753
11/17 12723 -11187 -1536
11/17 14403 -11891 -2512
11/17 16250 -13394 -2856
11/17 16201 -14022 -2179
12/17 14985 -12893 -2092
12/17 16432 -13428 -3004
12/17 18739 -16619 -2120
12/17 19621 -17586 -2035
01/18 18647 -16985 -1662
01/18 11930 -11017 -913
01/18 7727 -7991 264
01/18 1244 -1466 222
01/18 -5005 3470 1535
02/18 -4258 3332 926
02/18 -2706 2220 486
02/18 -1345 944 401
02/18 297 -991 694
03/18 -1174 30 1144
03/18 1226 -2816 1590
03/18 -20777 19626 1151
03/18 -18537 18239 298
04/18 -18705 18377 328
04/18 -23493 22827 666
04/18 -28871 27603 1268
04/18 -25301 24434 867
05/18 -15986 16573 -587
05/18 -10284 12546 -2262
05/18 664 1953 -2617
05/18 4417 -1363 -3054
05/18 2486 1401 -3887
06/18 -675 4383 -3708
06/18 -3621 7006 -3385
06/18 20331 -15940 -4391
06/18 22054 -17562 -4492
07/18 30342 -26404 -3938
07/18 31242 -26574 -4668
07/18 29222 -25067 -4155
07/18 28216 -24370 -3846
07/18 28265 -23680 -4585
08/18 28648 -24527 -4121
08/18 30586 -26693 -3893
08/18 29976 -25143 -4833
08/18 28161 -23927 -4234
09/18 28819 -24894 -3925
09/18 26948 -22647 -4301
09/18 35925 -31989 -3936
09/18 35526 -31835 -3691
10/18 35295 -30596 -4699
10/18 38042 -33820 -4222
10/18 40201 -35412 -4789
10/18 37272 -33048 -4224
10/18 39098 -35031 -4067
11/18 29252 -25726 -3526
11/18 23993 -20868 -3125
11/18 22542 -19347 -3195
11/18 23272 -20540 -2732
12/18 22885 -21297 -1588
12/18 17102 -15241 -1861
12/18 -1435 3411 -1976
12/18 447 1940 -2387
12/18 1264 1962 -3226
01/19 4453 -1538 -2915
01/19 4715 -2940 -1775
01/19 6891 -4589 -2302
01/19 4306 -2816 -1490
02/19 849 547 -1396
02/19 3088 -1123 -1965
02/19 2858 -740 -2118
02/19 971 914 -1885
03/19 768 1421 -2189
03/19 -2042 4597 -2555
03/19 2398 -1124 -1274
03/19 65 -202 137
04/19 2074 -405 -1669
04/19 3450 -1483 -1967
04/19 5631 -3221 -2410
04/19 8958 -5450 -3508
04/19 15213 -11460 -3753
05/19 16108 -12742 -3366
05/19 14662 -11438 -3224
05/19 14586 -10864 -3722
05/19 19736 -16148 -3588
06/19 23424 -20396 -3028
06/19 19133 -16122 -3011
06/19 28263 -24468 -3795
06/19 28580 -24053 -4527
07/19 26840 -24032 -2808
07/19 25817 -22205 -3612
07/19 19892 -17319 -2573
07/19 15631 -12225 -3406
07/19 15230 -12319 -2911
08/19 14500 -11564 -2936
08/19 17265 -13447 -3818
08/19 22025 -18260 -3765
08/19 27727 -26047 -1680
09/19 31928 -30676 -1252
09/19 33040 -29790 -3250
09/19 39406 -36043 -3363
09/19 42235 -39598 -2637
10/19 45158 -42474 -2684
10/19 41422 -38217 -3205
10/19 42813 -40016 -2797
10/19 43390 -40142 -3248
10/19 43044 -40403 -2641
11/19 41445 -38965 -2480
11/19 38892 -36235 -2657
11/19 37920 -35099 -2821
11/19 38416 -35826 -2590
12/19 29063 -26992 -2071
12/19 27409 -25340 -2069
12/19 10563 -8217 -2346
12/19 10212 -7796 -2416
12/19 4923 -5058 135
01/20 2489 -1488 -1001
01/20 1034 -361 -673
01/20 -1164 1833 -669
01/20 -872 2060 -1188
02/20 3481 -2192 -1289
02/20 5997 -4076 -1921
02/20 14944 -12187 -2757
02/20 18043 -15311 -2732
03/20 20030 -16957 -3073
03/20 18820 -15376 -3444
03/20 19604 -20275 671
03/20 20157 -16016 -4141
03/20 20103 -16106 -3997
04/20 18449 -14653 -3796
04/20 18239 -14578 -3661
04/20 18362 -14259 -4103
04/20 17521 -13779 -3742
05/20 19445 -14953 -4492
05/20 19808 -15878 -3930
05/20 19727 -15867 -3860
05/20 17974 -15043 -2931
06/20 15082 -12923 -2159
06/20 11618 -11241 -377
06/20 2781 -1932 -849
06/20 558 -15 -543
06/20 -394 356 38
07/20 899 -317 -582
07/20 -1489 1117 372
07/20 -3178 2475 703
07/20 -196 -845 1041
08/20 77 -1448 1371
08/20 -857 -179 1036
08/20 -5083 3762 1321
08/20 -5276 4188 1088
09/20 -9031 6966 2065
09/20 -6502 4900 1602
09/20 -5348 3242 2106
09/20 -7629 4860 2769
09/20 -5222 3329 1893
10/20 -6884 5090 1794
10/20 -7870 6490 1380
10/20 -8343 6602 1741
10/20 -8961 6995 1966
11/20 -8792 7051 1741
11/20 -10269 7717 2552
11/20 -11380 8868 2512
11/20 -11222 8312 2910
12/20 -12192 9058 3134
12/20 -13439 10550 2889
12/20 -17791 14193 3598
12/20 -16810 13654 3156
12/20 -15955 12534 3421
01/21 -16202 11996 4206
01/21 -18218 14707 3511
01/21 -19724 15983 3741
01/21 -18130 14758 3372
02/21 -13947 11647 2300
02/21 -15672 11544 4128
02/21 -17451 13711 3740
02/21 -18367 14649 3718
03/21 -18979 16408 2571
03/21 -19607 17126 2481
03/21 -8161 6029 2132
03/21 -7291 4724 2567
03/21 -6017 4046 1971
04/21 -4926 3138 1788
04/21 -4673 2520 2153
04/21 -6228 4322 1906
04/21 -8829 6979 1850
05/21 -10565 8588 1977
05/21 -12195 9344 2851
05/21 -11503 8450 3053
05/21 -11707 8585 3122
06/21 -9283 5927 3356
06/21 -9060 5506 3554
06/21 -5657 3265 2392
06/21 -4130 3286 844
06/21 -3921 3124 797
07/21 -3063 1761 1302
07/21 -2794 3230 -436
07/21 -2448 3046 -598
07/21 -1191 1421 -230
08/21 322 -325 3
08/21 1544 -1032 -512
08/21 344 -235 -109
08/21 1831 -362 -1469
08/21 2372 -2141 -231
09/21 -4989 3863 1126
09/21 -8755 6206 2549
09/21 -9221 8102 1119
09/21 -10598 10246 352
10/21 -7886 8056 -170
10/21 -8151 8748 -597
10/21 -7598 6440 1158
10/21 -11474 8906 2568
11/21 -16625 13861 2764
11/21 -15139 12882 2257
11/21 -15521 13965 1556
11/21 -14860 13939 921
11/21 -9303 10630 -1327
12/21 -8875 10708 -1833
12/21 8174 -5861 -2313
12/21 8866 -6136 -2730
12/21 10100 -8421 -1679
01/22 10335 -8845 -1490
01/22 10304 -8604 -1700
01/22 10622 -8331 -2291
01/22 13281 -10773 -2508
02/22 14019 -11698 -2321
