08/00 -1227 -611 1838
09/00 -1715 -128 1843
09/00 -4161 1764 2397
09/00 -3862 2191 1671
09/00 -3361 1730 1631
10/00 -3637 2269 1368
10/00 -3095 1364 1731
10/00 -2770 2043 727
10/00 -2942 2051 891
10/00 -2531 830 1701
11/00 -2349 1004 1345
11/00 -1889 1810 79
11/00 -1858 1273 585
11/00 -1220 1119 101
12/00 -2602 1355 1247
12/00 -3917 2725 1192
12/00 -4416 3147 1269
12/00 -4223 3127 1096
01/01 -3616 2802 814
01/01 -3615 2976 639
01/01 -3210 2642 568
01/01 -3443 2410 1033
01/01 -3113 1615 1498
02/01 -3397 1575 1822
02/01 -2982 1732 1250
02/01 -3389 1806 1583
02/01 -3224 1479 1745
03/01 -2572 513 2059
03/01 -3492 4037 -545
03/01 -3230 3589 -359
03/01 -3043 4121 -1078
04/01 -3402 3912 -510
04/01 -4050 3970 80
04/01 -3991 4070 -79
04/01 -4863 4384 479
05/01 -4419 3878 541
05/01 -3140 2368 772
05/01 -2008 1842 166
05/01 -2157 1754 403
05/01 -3663 2822 841
06/01 -3208 2713 495
06/01 -1145 1800 -655
06/01 -1293 2114 -821
06/01 -1433 2165 -732
07/01 -1421 2396 -975
07/01 -1543 1975 -432
07/01 -1647 1901 -254
07/01 -2194 2197 -3
07/01 -3331 4129 -798
08/01 -3026 3550 -524
08/01 -3330 4177 -847
08/01 -3245 4371 -1126
08/01 -2771 3730 -959
09/01 -3781 4047 -266
09/01 -4592 5361 -769
09/01 -3986 3848 138
09/01 -3494 2856 638
10/01 -2540 2359 181
10/01 -2624 2147 477
10/01 -2967 2114 853
10/01 -2883 1409 1474
10/01 -2974 1065 1909
11/01 -3260 2335 925
11/01 -2442 1303 1139
11/01 -1438 533 905
11/01 -1362 70 1292
12/01 -765 -512 1277
12/01 -1321 -584 1905
12/01 -2270 2403 -133
12/01 -1998 1922 76
12/01 -1479 1327 152
01/02 -989 545 444
01/02 -1096 629 467
01/02 -982 767 215
01/02 -1195 742 453
02/02 -78 394 -316
02/02 32 -2 -30
02/02 -281 719 -438
02/02 -925 1589 -664
03/02 -1015 690 325
03/02 -2160 1569 591
03/02 -2801 1352 1449
03/02 -2976 1179 1797
04/02 -2389 1117 1272
04/02 -2474 1279 1195
04/02 -3153 1550 1603
04/02 -3696 1777 1919
04/02 -3822 2372 1450
05/02 -4233 2513 1720
05/02 -4306 2730 1576
05/02 -3109 722 2387
05/02 221 -1288 1067
06/02 472 -1667 1195
06/02 -1609 -1453 3062
06/02 -3189 2828 361
06/02 -3226 2771 455
07/02 -3697 3155 542
07/02 -4510 3833 677
07/02 -5030 4529 501
07/02 -6733 5905 828
07/02 -7895 7312 583
08/02 -7767 6771 996
08/02 -7570 6117 1453
08/02 -7263 6199 1064
08/02 -7980 6463 1517
09/02 -7736 6271 1465
09/02 -7516 6308 1208
09/02 -2686 534 2152
09/02 -5001 3057 1944
10/02 -5167 4051 1116
10/02 -4021 2364 1657
10/02 -4063 2064 1999
10/02 -4060 1781 2279
10/02 -3412 1734 1678
11/02 -3206 1731 1475
11/02 -3621 1586 2035
11/02 -3359 1534 1825
11/02 -4208 1749 2459
12/02 -4067 2113 1954
12/02 -3858 1889 1969
12/02 -2378 1279 1099
12/02 -2160 1168 992
12/02 -2960 1624 1336
01/03 -3279 1363 1916
01/03 -1683 621 1062
01/03 -1023 286 737
01/03 -1022 -118 1140
02/03 -1955 175 1780
02/03 -2177 662 1515
02/03 -1944 836 1108
02/03 -2108 586 1522
03/03 -1441 366 1075
03/03 -1272 670 602
03/03 -3389 1744 1645
03/03 -2576 892 1684
04/03 -3291 1269 2022
04/03 -3561 1087 2474
04/03 -3833 1211 2622
04/03 -4248 1322 2926
04/03 -3652 1129 2523
05/03 -3482 960 2522
05/03 -3687 923 2764
05/03 -2058 -504 2562
05/03 -2288 -897 3185
06/03 -2919 -351 3270
06/03 -3351 -75 3426
06/03 -4353 2562 1791
06/03 -4803 3453 1350
07/03 -4763 3267 1496
07/03 -2812 1896 916
07/03 -3785 3502 283
07/03 -3664 3714 -50
07/03 -3155 2204 951
08/03 -2182 1363 819
08/03 -3189 2386 803
08/03 -6396 2732 3664
08/03 -3931 2420 1511
09/03 -1691 920 771
09/03 -763 1625 -862
09/03 -10030 8569 1461
09/03 -9423 7531 1892
09/03 -7635 4872 2763
10/03 -9607 6798 2809
10/03 -9504 7259 2245
10/03 -8787 6988 1799
10/03 -8714 6294 2420
11/03 -9110 6265 2845
11/03 -7974 5465 2509
11/03 -5393 3413 1980
11/03 -4364 800 3564
12/03 -3661 468 3193
12/03 -3501 685 2816
12/03 -2265 1496 769
12/03 -1913 1239 674
12/03 -2376 1369 1007
01/04 -2207 1466 741
01/04 -1937 1414 523
01/04 -1156 717 439
01/04 -1859 977 882
02/04 -419 -420 839
02/04 -262 -617 879
02/04 110 -1604 1494
02/04 1124 -2884 1760
03/04 1848 -3539 1691
03/04 1577 -3044 1467
03/04 -8865 7154 1711
03/04 -9677 8495 1182
03/04 -8228 7325 903
04/04 -5381 4744 637
04/04 -4697 3692 1005
04/04 -2214 1224 990
04/04 -932 -275 1207
05/04 -5317 3850 1467
05/04 -3341 1748 1593
05/04 -2650 749 1901
05/04 -865 -354 1219
06/04 -43 -367 410
06/04 -807 1076 -269
06/04 -5258 1909 3349
06/04 -4929 2590 2339
06/04 -5419 3918 1501
07/04 -6211 3708 2503
07/04 -6241 3583 2658
07/04 -5689 2654 3035
07/04 -5940 2733 3207
08/04 -5262 2490 2772
08/04 -5920 2789 3131
08/04 -5898 2527 3371
08/04 -5324 1767 3557
08/04 -5378 2290 3088
09/04 -6045 2937 3108
09/04 -5737 4269 1468
09/04 -5449 2080 3369
09/04 -5304 2757 2547
10/04 -4839 1993 2846
10/04 -4919 1866 3053
10/04 -5951 2176 3775
10/04 -6343 2100 4243
11/04 -5409 1871 3538
11/04 -3817 -509 4326
11/04 -3375 -1271 4646
11/04 -3617 -1482 5099
11/04 -4304 -495 4799
12/04 -2480 -1974 4454
12/04 -2406 59 2347
12/04 -6061 2827 3234
12/04 -6572 3342 3230
01/05 -8042 3962 4080
01/05 -9748 5834 3914
01/05 -9500 6753 2747
01/05 -10899 3658 7241
02/05 -9563 2764 6799
02/05 -9312 2351 6961
02/05 -8028 1526 6502
02/05 -9919 3840 6079
03/05 -8164 3350 4814
03/05 -9866 4285 5581
03/05 -4049 1118 2931
03/05 -5294 1542 3752
03/05 -4092 809 3283
04/05 -4233 1309 2924
04/05 -4514 1341 3173
04/05 -5627 1980 3647
04/05 -6685 3773 2912
05/05 -8468 4587 3881
05/05 -7876 4763 3113
05/05 -7182 4301 2881
05/05 -8521 6986 1535
05/05 -9984 8011 1973
06/05 -9479 7655 1824
06/05 -5412 2736 2676
06/05 -7587 4881 2706
06/05 -9264 5050 4214
07/05 -9541 6129 3412
07/05 -9892 6125 3767
07/05 -9650 6331 3319
07/05 -10047 7209 2838
08/05 -11722 9383 2339
08/05 -10943 8265 2678
08/05 -12945 9318 3627
08/05 -12837 8878 3959
08/05 -13001 6611 6390
09/05 -12963 7206 5757
09/05 -7193 1091 6102
09/05 -6095 143 5952
09/05 -6715 889 5826
10/05 -6659 -271 6930
10/05 -4541 249 4292
10/05 -4487 -392 4879
10/05 -5076 -872 5948
11/05 -6903 1040 5863
11/05 -2698 -2947 5645
11/05 -610 -5140 5750
11/05 1149 -7312 6163
11/05 1704 -6844 5140
12/05 1077 -618 -459
12/05 1366 -5986 4620
12/05 -785 -5554 6339
12/05 -1365 -3882 5247
01/06 715 -6309 5594
01/06 -2935 -2108 5043
01/06 -3790 -784 4574
01/06 -4155 495 3660
01/06 -3437 -115 3552
02/06 -5535 2572 2963
02/06 -7577 3813 3764
02/06 -7567 4712 2855
02/06 -10067 7176 2891
03/06 -8295 4861 3434
03/06 -2947 -338 3285
03/06 -2952 1250 1702
03/06 -2747 1767 980
04/06 -3007 1771 1236
04/06 -2428 510 1918
04/06 -960 -1197 2157
04/06 -350 -2451 2801
05/06 -1118 -644 1762
05/06 -2831 -666 3497
05/06 -2169 -1049 3218
05/06 -2244 -3279 5523
05/06 -3644 -2204 5848
06/06 -1749 -1567 3316
06/06 549 -5676 5127
06/06 697 -4636 3939
06/06 2015 -4464 2449
07/06 1632 -4276 2644
07/06 211 -3224 3013
07/06 -2744 -2629 5373
07/06 65 -4735 4670
08/06 341 -4205 3864
08/06 -2251 -3059 5310
08/06 -5282 -1382 6664
08/06 -4318 -2296 6614
08/06 -3540 -3874 7414
09/06 -4692 -1646 6338
09/06 2378 -9170 6792
09/06 1378 -8487 7109
09/06 596 -7712 7116
10/06 1790 -7193 5403
10/06 972 -5640 4668
10/06 126 -5609 5483
10/06 -1208 -3928 5136
10/06 -862 -4660 5522
11/06 -1643 -2917 4560
11/06 1293 -5261 3968
11/06 3600 -7701 4101
11/06 3769 -8359 4590
12/06 3458 -8639 5181
12/06 969 -1710 741
12/06 -611 -190 801
12/06 -806 -862 1668
01/07 -524 -107 631
01/07 -1014 247 767
01/07 828 -1890 1062
01/07 2294 -3468 1174
01/07 4647 -4771 124
02/07 3878 -4457 579
02/07 4735 -5138 403
02/07 5304 -4960 -344
02/07 5633 -7745 2112
03/07 3891 -5262 1371
03/07 8109 -7158 -951
03/07 8268 -4878 -3390
03/07 8725 -5581 -3144
04/07 12153 -7931 -4222
04/07 9475 -5941 -3534
04/07 12222 -8086 -4136
04/07 12242 -8613 -3629
05/07 12752 -9311 -3441
05/07 11702 -8994 -2708
05/07 6741 -4933 -1808
05/07 6870 -4437 -2433
05/07 7448 -4129 -3319
06/07 7273 -3456 -3817
06/07 5521 -4021 -1500
06/07 5427 -4836 -591
06/07 4080 -2230 -1850
07/07 1787 -950 -837
07/07 3325 -3062 -263
07/07 3176 -2454 -722
07/07 1360 -1882 522
07/07 1894 -2031 137
08/07 3556 -3283 -273
08/07 4037 -3726 -311
08/07 7352 -6217 -1135
08/07 9299 -10232 933
09/07 8758 -7643 -1115
09/07 10424 -10439 15
09/07 28691 -23895 -4796
09/07 26045 -21584 -4461
10/07 22963 -19470 -3493
10/07 22258 -19103 -3155
10/07 24189 -20404 -3785
10/07 23505 -20770 -2735
10/07 20078 -17127 -2951
11/07 17154 -14538 -2616
11/07 18111 -15434 -2677
11/07 18951 -16957 -1994
11/07 18201 -15803 -2398
12/07 23197 -20604 -2593
12/07 21983 -22655 672
12/07 20501 -22062 1561
12/07 21411 -23122 1711
12/07 21368 -23714 2346
01/08 20776 -22811 2035
01/08 18744 -21335 2591
01/08 18919 -24268 5349
01/08 21597 -25050 3453
02/08 18968 -21802 2834
02/08 18231 -21497 3266
02/08 19028 -21519 2491
02/08 19146 -22530 3384
03/08 19213 -22255 3042
03/08 20408 -24194 3786
03/08 28537 -30527 1990
03/08 27161 -29571 2410
04/08 28940 -31383 2443
04/08 26898 -29442 2544
04/08 27323 -29457 2134
04/08 28823 -30946 2123
04/08 32584 -34051 1467
05/08 34725 -37872 3147
05/08 36553 -39257 2704
05/08 37775 -39791 2016
05/08 38763 -39815 1052
06/08 38963 -40673 1710
06/08 39090 -40616 1526
06/08 19937 -20539 602
06/08 15558 -19420 3862
07/08 21030 -20174 -856
07/08 19084 -19910 826
07/08 20993 -21611 618
07/08 20984 -22341 1357
07/08 22927 -23731 804
08/08 22647 -23932 1285
08/08 24601 -25171 570
08/08 27064 -27505 441
08/08 27269 -28217 948
09/08 29322 -30220 898
09/08 27572 -27585 13
09/08 11827 -13737 1910
09/08 5794 -6597 803
09/08 5147 -5340 193
10/08 4082 -5608 1526
10/08 4353 -3598 -755
10/08 4882 -6004 1122
10/08 5018 -4793 -225
11/08 1896 -1412 -484
11/08 2216 -1570 -646
11/08 1714 -4389 2675
11/08 2395 -4153 1758
12/08 -3705 349 3356
12/08 -419 -487 906
12/08 1928 -1762 -166
12/08 2769 -3730 961
12/08 2661 -2797 136
01/09 673 -2084 1411
01/09 1978 -2836 858
01/09 -230 -13 243
01/09 3108 -3073 -35
02/09 2850 -3265 415
02/09 2351 -3139 788
02/09 2174 -2853 679
02/09 -527 -565 1092
03/09 -2856 1067 1789
03/09 -231 -786 1017
03/09 7301 -6447 -854
03/09 5777 -6594 817
03/09 5774 -5794 20
04/09 4912 -5402 490
04/09 4191 -5861 1670
04/09 2662 -4011 1349
04/09 2740 -3802 1062
05/09 2278 -3067 789
05/09 3144 -3575 431
05/09 -2509 2035 474
05/09 -4172 3621 551
06/09 -2734 2053 681
06/09 -1493 1537 -44
06/09 -56 -653 709
06/09 -2545 1538 1007
06/09 -2964 2910 54
07/09 -7073 1227 5846
07/09 -8894 3014 5880
07/09 -7533 1167 6366
07/09 -6896 -819 7715
08/09 -6489 -375 6864
08/09 -3801 -1772 5573
08/09 -3100 -2829 5929
08/09 -2310 -4323 6633
09/09 -3228 -3969 7197
09/09 -3799 -2144 5943
09/09 -6088 1220 4868
09/09 -7396 1476 5920
09/09 -7320 8399 -1079
10/09 -6591 8081 -1490
10/09 -6286 8346 -2060
10/09 -4958 7839 -2881
10/09 -3901 6656 -2755
11/09 -1796 5331 -3535
11/09 -1181 5943 -4762
11/09 2229 3174 -5403
11/09 1599 3878 -5477
12/09 3218 3926 -7144
12/09 3578 4057 -7635
12/09 1895 2738 -4633
12/09 2756 2625 -5381
12/09 3009 2172 -5181
01/10 6092 1944 -8036
01/10 7783 -843 -6940
01/10 7246 -459 -6787
01/10 5477 2153 -7630
02/10 3479 3005 -6484
02/10 2846 4052 -6898
02/10 1473 4772 -6245
02/10 -834 6203 -5369
03/10 -2425 7277 -4852
03/10 992 4788 -5780
03/10 5855 270 -6125
03/10 4673 393 -5066
03/10 1992 1067 -3059
04/10 3129 1427 -4556
04/10 4975 -827 -4148
04/10 1063 2974 -4037
04/10 1854 3612 -5466
05/10 -2909 8326 -5417
05/10 -3789 7494 -3705
05/10 -3127 8606 -5479
05/10 -48 5795 -5747
06/10 -2595 5762 -3167
06/10 -5028 9854 -4826
06/10 3900 5897 -9797
06/10 1933 5327 -7260
06/10 2772 6112 -8884
07/10 833 8085 -8918
07/10 1635 7251 -8886
07/10 2520 4417 -6937
07/10 3491 3891 -7382
08/10 3288 3072 -6360
08/10 4526 1708 -6234
08/10 4688 1360 -6048
08/10 6513 1018 -7531
08/10 7742 -65 -7677
09/10 5894 1044 -6938
09/10 7763 1221 -8984
09/10 8899 2832 -11731
09/10 7728 2720 -10448
10/10 9871 2099 -11970
10/10 9011 1419 -10430
10/10 8810 227 -9037
10/10 9279 230 -9509
11/10 9327 -356 -8971
11/10 7759 1209 -8968
11/10 11575 -2327 -9248
11/10 11865 -2982 -8883
11/10 12137 -4589 -7548
12/10 10189 -2982 -7207
12/10 11277 -3812 -7465
12/10 12757 -3227 -9530
12/10 12122 -2933 -9189
01/11 12111 -3059 -9052
01/11 12247 -4550 -7697
01/11 13104 -6033 -7071
01/11 10359 -2364 -7995
02/11 10829 -3130 -7699
02/11 15705 -4302 -11403
02/11 17848 -6394 -11454
02/11 16252 -6222 -10030
03/11 14247 -3522 -10725
03/11 15130 -4779 -10351
03/11 3217 3832 -7049
03/11 431 9513 -9944
03/11 -3780 14276 -10496
04/11 -2459 13380 -10921
04/11 -6015 15803 -9788
04/11 -2698 13416 -10718
04/11 -1527 11643 -10116
05/11 -1241 11092 -9851
05/11 -1726 11587 -9861
05/11 2606 7902 -10508
05/11 649 8680 -9329
05/11 400 8572 -8972
06/11 -804 10207 -9403
06/11 -1604 1707 -103
06/11 -1867 2700 -833
06/11 216 291 -507
07/11 2837 -1499 -1338
07/11 3902 -4070 168
07/11 5394 -5503 109
07/11 7464 -5654 -1810
08/11 5003 -4523 -480
08/11 4692 -4588 -104
08/11 7085 -4820 -2265
08/11 8278 -4914 -3364
08/11 7125 -4650 -2475
09/11 4564 -2551 -2013
09/11 10109 -5446 -4663
09/11 9190 -4401 -4789
09/11 6350 -1783 -4567
10/11 6501 -2615 -3886
10/11 6726 -3161 -3565
10/11 7291 -2749 -4542
10/11 7773 -2962 -4811
11/11 12347 -6324 -6023
11/11 11624 -5744 -5880
11/11 12021 -5142 -6879
11/11 11267 -3623 -7644
11/11 9761 -2198 -7563
12/11 9465 -1301 -8164
12/11 8650 -5211 -3439
12/11 8386 -5080 -3306
12/11 9109 -4797 -4312
01/12 8497 -4094 -4403
01/12 8275 -4608 -3667
01/12 7886 -2761 -5125
01/12 7923 -2856 -5067
01/12 7530 -2973 -4557
02/12 6993 -3113 -3880
02/12 8028 -2951 -5077
02/12 11989 -4790 -7199
02/12 16472 -4926 -11546
03/12 16321 -6023 -10298
03/12 27617 -11965 -15652
03/12 26168 -10651 -15517
03/12 26585 -10837 -15748
04/12 25583 -7159 -18424
04/12 21224 -5352 -15872
04/12 21271 -4894 -16377
04/12 20666 -4190 -16476
05/12 20846 -4767 -16079
05/12 19446 -3821 -15625
05/12 18327 -3163 -15164
05/12 18025 -3858 -14167
05/12 17870 -2928 -14942
06/12 17456 -2345 -15111
06/12 13133 -7992 -5141
06/12 13023 -7329 -5694
06/12 12539 -6926 -5613
07/12 14817 -7568 -7249
07/12 15817 -6951 -8866
07/12 15261 -7222 -8039
07/12 14501 -6665 -7836
07/12 14737 -6759 -7978
08/12 14513 -7381 -7132
08/12 15200 -7639 -7561
08/12 15700 -9090 -6610
08/12 16350 -9023 -7327
09/12 16368 -8910 -7458
09/12 15045 -6229 -8816
09/12 7221 -2331 -4890
09/12 5608 -2964 -2644
10/12 4906 -393 -4513
10/12 4952 265 -5217
10/12 6051 2563 -8614
10/12 8708 -981 -7727
10/12 9464 -169 -9295
11/12 9700 243 -9943
11/12 8825 1193 -10018
11/12 14586 306 -14892
11/12 13097 -797 -12300
12/12 16191 -1899 -14292
12/12 19644 -1912 -17732
12/12 18649 -5752 -12897
12/12 14442 -4866 -9576
12/12 13812 -2549 -11263
01/13 13452 -3675 -9777
01/13 9781 1786 -11567
01/13 12945 1571 -14516
01/13 12101 2185 -14286
02/13 14202 1727 -15929
02/13 13685 3255 -16940
02/13 17633 1033 -18666
02/13 18042 4495 -22537
03/13 12593 11681 -24274
03/13 -3240 12257 -9017
03/13 -2948 12726 -9778
03/13 -1750 13042 -11292
04/13 -1432 12252 -10820
04/13 -955 15572 -14617
04/13 -4939 16669 -11730
04/13 -4143 16868 -12725
04/13 -3705 15142 -11437
05/13 -1654 14441 -12787
05/13 7 13781 -13788
05/13 1126 11858 -12984
05/13 -4057 15102 -11045
06/13 -6113 15705 -9592
06/13 -3848 13535 -9687
06/13 -13343 9797 3546
06/13 -14121 10870 3251
07/13 -11237 8018 3219
07/13 -12559 8725 3834
07/13 -14758 9078 5680
07/13 -14212 8367 5845
07/13 -15229 7622 7607
08/13 -15067 8909 6158
08/13 -15715 7910 7805
08/13 -15413 6065 9348
08/13 -16195 7365 8830
09/13 -15884 9365 6519
09/13 -13632 10855 2777
09/13 -10761 5622 5139
09/13 -10778 6829 3949
10/13 -9923 5854 4069
10/13 -12371 4888 7483
10/13 -7055 2574 4481
10/13 -6664 2913 3751
10/13 -6386 2388 3998
11/13 -7328 1936 5392
11/13 -14799 7396 7403
11/13 -12025 7080 4945
11/13 -12199 7571 4628
12/13 -10315 7218 3097
12/13 -9939 3586 6353
12/13 -6504 4694 1810
12/13 -7106 4447 2659
12/13 -8632 4926 3706
01/14 -7391 4151 3240
01/14 -9907 5043 4864
01/14 -9904 3498 6406
01/14 -11560 2949 8611
02/14 -16746 10687 6059
02/14 -18148 12748 5400
02/14 -16699 10218 6481
02/14 -14656 10494 4162
03/14 -15144 10017 5127
03/14 -13491 9348 4143
03/14 -4232 6151 -1919
03/14 -3396 6552 -3156
04/14 -3189 5738 -2549
04/14 -5464 7061 -1597
04/14 -9032 10296 -1264
04/14 -9055 10577 -1522
04/14 -9166 8868 298
05/14 -9861 9470 391
05/14 -10079 8064 2015
05/14 -8904 8541 363
05/14 -10870 11391 -521
06/14 -11297 8815 2482
06/14 -10682 11384 -702
06/14 -1206 6935 -5729
06/14 -494 7114 -6620
07/14 -425 7156 -6731
07/14 -487 9032 -8545
07/14 339 6811 -7150
07/14 2015 5638 -7653
07/14 2132 5687 -7819
08/14 1264 4806 -6070
08/14 -1599 6771 -5172
08/14 -1906 8012 -6106
08/14 -201 10159 -9958
09/14 -258 9591 -9333
09/14 -504 9280 -8776
09/14 3074 6511 -9585
09/14 2252 6165 -8417
09/14 2126 6483 -8609
10/14 670 6670 -7340
10/14 322 7349 -7671
10/14 3084 4034 -7118
10/14 8025 1915 -9940
11/14 10087 1855 -11942
11/14 9560 261 -9821
11/14 8680 2470 -11150
11/14 7660 3190 -10850
12/14 6931 3423 -10354
12/14 5501 1224 -6725
12/14 -10039 5225 4814
12/14 -9814 4869 4945
12/14 -7325 2071 5254
01/15 -5940 113 5827
01/15 -5852 -632 6484
01/15 -4877 -1235 6112
01/15 -4887 -421 5308
02/15 -5879 115 5764
02/15 -6421 1273 5148
02/15 -5659 1595 4064
02/15 -5618 2013 3605
03/15 -4378 886 3492
03/15 -5099 895 4204
03/15 -17510 12112 5398
03/15 -16514 11292 5222
03/15 -17080 12007 5073
04/15 -16357 11648 4709
04/15 -14878 7810 7068
04/15 -14874 9208 5666
04/15 -15470 9372 6098
05/15 -15976 9507 6469
05/15 -16938 10813 6125
05/15 -14882 11535 3347
05/15 -14990 12026 2964
06/15 -15365 12525 2840
06/15 -15844 11554 4290
06/15 -4477 390 4087
06/15 -5583 1974 3609
06/15 -5671 -361 6032
07/15 -5033 799 4234
07/15 -6756 2958 3798
07/15 -6897 1115 5782
07/15 -7135 883 6252
08/15 -7459 915 6544
08/15 -7654 1523 6131
08/15 -8015 3023 4992
08/15 -10997 4222 6775
09/15 -11104 6308 4796
09/15 -11443 6899 4544
09/15 1649 -1874 225
09/15 1649 -2244 595
09/15 430 -1489 1059
10/15 973 -1311 338
10/15 1965 -1358 -607
10/15 1672 -609 -1063
10/15 3265 -2903 -362
11/15 1418 -2581 1163
11/15 -2153 448 1705
11/15 -2302 1417 885
11/15 -2762 1094 1668
12/15 -4764 3374 1390
12/15 -6401 2189 4212
12/15 -17294 11221 6073
12/15 -17614 10633 6981
12/15 -17570 12705 4865
01/16 -17624 14253 3371
01/16 -16995 11724 5271
01/16 -14541 9123 5418
01/16 -6703 2082 4621
02/16 -7198 4647 2551
02/16 -7901 5388 2513
02/16 -8303 5373 2930
02/16 -7739 4936 2803
03/16 -7706 5198 2508
03/16 -8085 4500 3585
03/16 -1110 2103 -993
03/16 -2122 2104 18
03/16 -2392 1866 526
04/16 -4193 4238 -45
04/16 -4302 4602 -300
04/16 -5095 4723 372
04/16 -5731 6176 -445
05/16 -7688 6791 897
05/16 -8854 9223 -369
05/16 -8420 9103 -683
05/16 -7815 8970 -1155
05/16 -7714 7583 131
06/16 -6908 7994 -1086
06/16 -7054 6686 368
06/16 -7037 7223 -186
06/16 -6383 6711 -328
07/16 -7477 7211 266
07/16 -9999 9236 763
07/16 -9705 8430 1275
07/16 -10304 6311 3993
08/16 -10699 6760 3939
08/16 -10919 6787 4132
08/16 -10577 7100 3477
08/16 -10566 6892 3674
08/16 -10531 8228 2303
09/16 -10537 7644 2893
09/16 -9004 7346 1658
09/16 -8821 7095 1726
09/16 -10616 8483 2133
10/16 -11120 9268 1852
10/16 -11091 7068 4023
10/16 -10450 7825 2625
10/16 -11938 8082 3856
11/16 -14530 10220 4310
11/16 -14293 9262 5031
11/16 -12602 7999 4603
11/16 -13646 9426 4220
11/16 -13015 9161 3854
12/16 -13632 8431 5201
12/16 -2235 1215 1020
12/16 -1284 644 640
12/16 -1194 65 1129
01/17 -2108 1729 379
01/17 -2411 365 2046
01/17 -3847 2184 1663
01/17 -5407 2839 2568
01/17 -5936 2915 3021
02/17 -6498 4705 1793
02/17 -6274 5583 691
02/17 -6534 4232 2302
02/17 -6043 4555 1488
03/17 -3202 6631 -3429
03/17 -5146 5756 -610
03/17 -5188 3965 1223
03/17 -6303 5827 476
04/17 -7151 6513 638
04/17 -7923 4293 3630
04/17 -9790 4590 5200
04/17 -12025 6019 6006
05/17 -11955 6686 5269
05/17 -11308 5848 5460
05/17 -11981 4443 7538
05/17 -11422 4783 6639
05/17 -10456 5277 5179
06/17 -10043 4597 5446
06/17 -13442 7522 5920
06/17 -11412 6013 5399
06/17 -11095 5601 5494
07/17 -11906 6567 5339
07/17 -12448 7438 5010
07/17 -12937 8293 4644
07/17 -12522 6084 6438
08/17 -12901 6236 6665
08/17 -12472 7318 5154
08/17 -11665 6852 4813
08/17 -11215 7027 4188
08/17 -12034 6713 5321
09/17 -10542 7776 2766
09/17 -8749 6215 2534
09/17 -10007 6134 3873
09/17 -8046 4993 3053
10/17 -6618 3057 3561
10/17 -6546 4949 1597
10/17 -7035 4572 2463
10/17 -8708 5699 3009
10/17 -8943 5040 3903
11/17 -8464 4780 3684
11/17 -11049 6250 4799
11/17 -11509 6076 5433
11/17 -11471 6225 5246
12/17 -12350 6168 6182
12/17 -9987 6293 3694
12/17 -10295 5669 4626
12/17 -5569 1508 4061
01/18 -5493 642 4851
01/18 -1371 -4524 5895
01/18 -3695 -2415 6110
01/18 -4541 -432 4973
01/18 -6979 97 6882
02/18 -8422 3589 4833
02/18 -9690 4952 4738
02/18 -11949 7136 4813
02/18 -12064 8368 3696
03/18 -12142 8306 3836
03/18 -11220 8502 2718
03/18 -13166 9973 3193
03/18 -16226 14214 2012
04/18 -14575 10928 3647
04/18 -13968 10243 3725
04/18 -13014 9013 4001
04/18 -14125 10894 3231
05/18 -14752 11693 3059
05/18 -13613 11151 2462
05/18 -13488 10699 2789
05/18 -13428 10374 3054
05/18 -14636 10388 4248
06/18 -15333 11986 3347
06/18 391 -2151 1760
06/18 2453 -5618 3165
06/18 3999 -5853 1854
07/18 5620 -8076 2456
07/18 2860 -6513 3653
07/18 1725 -5271 3546
07/18 2248 -5398 3150
07/18 2841 -5086 2245
08/18 -391 -2658 3049
08/18 2829 -5666 2837
08/18 1711 -5316 3605
08/18 1645 -4662 3017
09/18 1659 -3998 2339
09/18 1164 -3866 2702
09/18 6250 -8936 2686
09/18 5586 -8707 3121
10/18 5185 -8693 3508
10/18 6135 -8976 2841
10/18 5996 -9128 3132
10/18 4120 -7827 3707
10/18 3701 -6968 3267
11/18 5290 -8034 2744
11/18 4493 -6330 1837
11/18 3464 -4968 1504
11/18 2446 -4101 1655
12/18 5829 -8411 2582
12/18 4716 -5268 552
12/18 5420 -7700 2280
12/18 5721 -8177 2456
12/18 6330 -7757 1427
01/19 10536 -12152 1616
01/19 11150 -13144 1994
01/19 12272 -14597 2325
01/19 11128 -13967 2839
02/19 11089 -14697 3608
02/19 10840 -13330 2490
02/19 10259 -13400 3141
02/19 9650 -12753 3103
03/19 8148 -12370 4222
03/19 6407 -7677 1270
03/19 7793 -9566 1773
03/19 7568 -10100 2532
04/19 11597 -12165 568
04/19 12571 -14264 1693
04/19 13761 -15400 1639
04/19 14024 -14991 967
04/19 13536 -15478 1942
05/19 13801 -16298 2497
05/19 13373 -15331 1958
05/19 12677 -14320 1643
05/19 12218 -13561 1343
06/19 11919 -13868 1949
06/19 12818 -14172 1354
06/19 3356 -5965 2609
06/19 3460 -6540 3080
07/19 3688 -6429 2741
07/19 3666 -7401 3735
07/19 3406 -5668 2262
07/19 3403 -6507 3104
07/19 3102 -6356 3254
08/19 4943 -6951 2008
08/19 4787 -6131 1344
08/19 5960 -6913 953
08/19 5937 -7555 1618
09/19 6202 -6594 392
09/19 6793 -10342 3549
09/19 5396 -7774 2378
09/19 5128 -7412 2284
10/19 6600 -7431 831
10/19 7176 -10522 3346
10/19 8225 -10168 1943
10/19 7605 -10086 2481
10/19 7742 -10590 2848
11/19 5194 -5769 575
11/19 5327 -5640 313
11/19 5343 -6430 1087
11/19 5415 -7092 1677
12/19 6745 -8959 2214
12/19 5767 -9498 3731
12/19 3144 -5832 2688
12/19 3317 -5281 1964
12/19 3174 -6953 3779
01/20 2397 -7962 5565
01/20 1576 -7284 5708
01/20 2392 -7515 5123
01/20 3493 -6083 2590
02/20 2879 -5895 3016
02/20 3195 -5720 2525
02/20 3571 -5857 2286
02/20 3234 -5255 2021
03/20 -2 -1421 1423
03/20 -1709 957 752
05/20 4392 -2833 -1559
06/20 6095 -4747 -1348
06/20 5664 -5973 309
09/20 796 -1670 874
09/20 1124 -468 -656
09/20 -499 702 -203
10/20 -1892 1860 32
10/20 -5087 4085 1002
10/20 -5897 4738 1159
10/20 -5524 4223 1301
11/20 -5279 3846 1433
11/20 -2673 622 2051
11/20 -3659 1472 2187
11/20 -3427 1066 2361
12/20 -3317 1235 2082
12/20 -4557 704 3853
12/20 1947 -1264 -683
12/20 2042 -1113 -929
12/20 2464 -2303 -161
01/21 2231 -3178 947
01/21 2336 -3123 787
01/21 2314 -4499 2185
02/21 -1573 -2186 3759
03/21 -1832 -1770 3602
03/21 4211 -3920 -291
03/21 4222 -4204 -18
04/21 4548 -5553 1005
04/21 4222 -5436 1214
04/21 5558 -5496 -62
04/21 4567 -5102 535
05/21 2794 -3407 613
05/21 3001 -3662 661
05/21 3395 -2910 -485
05/21 3375 -4046 671
06/21 2488 -4091 1603
06/21 2582 -4557 1975
06/21 6464 -4848 -1616
06/21 6200 -5081 -1119
06/21 6283 -4846 -1437
07/21 6152 -4253 -1899
07/21 7480 -6291 -1189
07/21 7587 -5499 -2088
08/21 7387 -5440 -1947
08/21 7588 -5722 -1866
08/21 7464 -5952 -1512
08/21 5795 -4089 -1706
08/21 3855 -4003 148
09/21 5522 -8494 2972
09/21 10537 -9401 -1136
09/21 5627 -6693 1066
09/21 5284 -6948 1664
10/21 2255 -3944 1689
10/21 -2536 1194 1342
10/21 -3790 1212 2578
10/21 -1956 -262 2218
11/21 -2393 -146 2539
11/21 -2307 662 1645
11/21 -2277 1453 824
11/21 -2085 756 1329
11/21 -2099 1768 331
12/21 -3259 1211 2048
12/21 7429 -7814 385
12/21 6657 -7462 805
12/21 6861 -7795 934
01/22 6889 -7532 643
01/22 5187 -5905 718
01/22 2406 -3369 963
01/22 2711 -2329 -382
02/22 2807 -2518 -289
02/22 2611 -2386 -225
02/22 1586 -1428 -158
03/22 -641 2324 -1683
03/22 4181 -1925 -2256
05/22 3166 -1514 -1652
05/22 3612 -3092 -520
06/22 451 1460 -1911
06/22 2049 -2413 364
06/22 2139 -1592 -547
06/22 2101 -1615 -486
07/22 3210 -1745 -1465
07/22 3206 -1951 -1255
07/22 3341 -3127 -214
07/22 3684 -4390 706
08/22 3353 -4635 1282
08/22 3462 -4260 798
08/22 3271 -4563 1292
08/22 2949 -4641 1692
09/22 -1541 1520 21
10/22 -1574 1558 16
10/22 -1741 1639 102
10/22 -1447 1578 -131
10/22 -415 2 413
11/22 1819 -1756 -63
11/22 1835 -1919 84
11/22 1422 -1905 483
11/22 1668 -2539 871
11/22 1364 -2608 1244
12/22 1418 -2964 1546
12/22 4291 -4607 316
01/23 2892 -2974 82
01/23 2717 -2719 2
01/23 4340 -3825 -515
01/23 5546 -4712 -834
01/23 5452 -5072 -380
02/23 3501 -3112 -389
02/23 2407 -2282 -125
02/23 1824 -2022 198
02/23 2109 -2001 -108
03/23 2553 -3466 913
03/23 1251 -2368 1117
03/23 795 -930 135
03/23 1344 -1094 -250
04/23 1784 -3279 1495
04/23 1673 -2114 441
04/23 1555 -2556 1001
04/23 1806 -2572 766
05/23 1837 -3005 1168
05/23 1547 -2696 1149
05/23 2821 -4527 1706
05/23 4906 -5512 606
05/23 5673 -6890 1217
06/23 5123 -7277 2154
06/23 5111 -6608 1497
06/23 5392 -7029 1637
06/23 4562 -6246 1684
07/23 4671 -6185 1514
07/23 1916 -3871 1955
07/23 1564 -2864 1300
07/23 1803 -2599 796
08/23 -401 -846 1247
08/23 -453 -666 1119
08/23 -596 -700 1296
08/23 -610 -471 1081
08/23 -530 -733 1263
09/23 -1199 -142 1341
09/23 -918 514 404
09/23 -939 -414 1353
09/23 -1200 -610 1810
10/23 -1058 -43 1101
10/23 1658 -1603 -55
10/23 1284 -2255 971
10/23 695 -2128 1433
10/23 1084 -1875 791
11/23 1391 -2558 1167
11/23 1890 -2587 697
11/23 1432 -2239 807
11/23 1504 -2360 856
12/23 1036 -1690 654
12/23 1807 -2317 510
12/23 1784 -2343 559
12/23 1850 -2828 978
01/24 2012 -3420 1408
01/24 1724 -2658 934
01/24 3317 -4478 1161
01/24 2045 -3693 1648
01/24 1857 -3868 2011
02/24 1864 -3480 1616
02/24 1576 -3388 1812
02/24 2124 -3720 1596
02/24 3190 -5294 2104
03/24 2296 -4196 1900
03/24 501 -2592 2091
03/24 -313 -1421 1734
03/24 73 -2592 2519
04/24 275 -2506 2231
04/24 -323 -1918 2241
04/24 -678 -856 1534
04/24 11 -1384 1373
04/24 909 -1791 882
05/24 1621 -3407 1786
05/24 1346 -2756 1410
05/24 1103 -2245 1142
05/24 49 -1636 1587
06/24 -128 -1563 1691
06/24 -1626 -49 1675
06/24 3920 -5189 1269
06/24 3918 -4901 983
07/24 3344 -4369 1025
07/24 3218 -4792 1574
07/24 2794 -5293 2499
07/24 3596 -5725 2129
07/24 2096 -3863 1767
08/24 889 -1727 838
08/24 223 -75 -148
08/24 1342 -2391 1049
08/24 1288 -1853 565
09/24 1252 -2439 1187
09/24 -198 -1966 2164
09/24 1576 -2464 888
