01/86 -3845 2365 1480
01/86 -2630 1465 1165
02/86 -3670 1170 2500
02/86 -2990 -5 2995
03/86 -2510 245 2265
03/86 -3190 480 2710
04/86 -1780 505 1275
04/86 -1520 -725 2245
05/86 -1295 -1500 2795
05/86 -290 -1560 1850
06/86 -2405 330 2075
06/86 -940 -165 1105
07/86 -2055 650 1405
07/86 -2625 340 2285
08/86 -2630 -315 2945
08/86 -1165 -675 1840
09/86 -2385 -400 2785
09/86 -1880 830 1050
10/86 -3605 960 2645
10/86 -6110 385 5725
11/86 -7290 1145 6145
11/86 -8095 1605 6490
12/86 -7095 -45 7140
12/86 -6525 1130 5395
01/87 -4745 1060 3685
01/87 -2920 1665 1255
02/87 -5500 2855 2645
02/87 -155 1600 -1445
03/87 665 -765 100
03/87 1560 -1875 315
04/87 675 -770 95
04/87 235 -205 -30
05/87 -3250 125 3125
05/87 -1065 1365 -300
06/87 -3975 1170 2805
06/87 -1320 1910 -590
07/87 -875 1250 -375
07/87 -5430 3575 1855
08/87 -10840 3600 7240
08/87 -10380 6800 3580
09/87 -10860 8125 2735
09/87 -11400 5630 5770
10/87 -8665 6920 1745
10/87 -2555 -410 2965
11/87 -2685 1300 1385
11/87 -7150 2775 4375
12/87 -8040 2250 5790
12/87 -12390 2450 9940
01/88 -14850 2855 11995
01/88 -14775 3780 10995
02/88 -9425 3165 6260
02/88 -7175 2600 4575
03/88 -5400 1975 3425
03/88 -9505 3705 5800
04/88 -15110 3445 11665
04/88 -18270 4780 13490
05/88 -21905 2610 19295
05/88 -18020 2975 15045
06/88 -12815 2615 10200
06/88 -10120 410 9710
07/88 -10185 1590 8595
07/88 -10065 2665 7400
08/88 -11115 2555 8560
08/88 -11695 1845 9850
09/88 -12025 1375 10650
09/88 -10240 1840 8400
10/88 -12275 2440 9835
10/88 -11895 2905 8990
11/88 -16765 6705 10060
11/88 -15240 2880 12360
12/88 -14615 3065 11550
12/88 -15445 3485 11960
01/89 -16150 4145 12005
01/89 -19890 5440 14450
02/89 -19155 5200 13955
02/89 -19550 5660 13890
03/89 -24555 5905 18650
03/89 -20160 4890 15270
04/89 -23370 4560 18810
04/89 -20910 5055 15855
05/89 -22180 6310 15870
05/89 -15460 5655 9805
06/89 -20425 5040 15385
06/89 -16885 2840 14045
07/89 -18485 2130 16355
07/89 -16105 3705 12400
08/89 -18655 4090 14565
08/89 -17025 5810 11215
09/89 -22930 4405 18525
09/89 -27680 5110 22570
10/89 -26845 4415 22430
10/89 -25855 4605 21250
11/89 -30575 5210 25365
11/89 -28725 8280 20445
12/89 -34015 8890 25125
12/89 -29275 7280 21995
01/90 -22590 3965 18625
01/90 -17500 2170 15330
02/90 -21370 3830 17540
02/90 -17420 6660 10760
03/90 -29150 9075 20075
03/90 -31850 10585 21265
04/90 -35570 9825 25745
04/90 -41855 11745 30110
05/90 -39910 11080 28830
05/90 -30490 9900 20590
06/90 -26280 7905 18375
06/90 -23575 6415 17160
07/90 -25200 4830 20370
07/90 -26875 4145 22730
08/90 -28160 1030 27130
08/90 -33060 3980 29080
09/90 -39505 5895 33610
09/90 -41465 6500 34965
10/90 -43440 6960 36480
10/90 -42345 4940 37405
11/90 -33480 5065 28415
11/90 -24695 5695 19000
12/90 -30310 8950 21360
12/90 -30560 8610 21950
01/91 -30060 7645 22415
01/91 -31425 6825 24600
02/91 -31345 6750 24595
02/91 -28580 9235 19345
03/91 -35735 10285 25450
03/91 -37855 7725 30130
04/91 -41785 7255 34530
04/91 -36340 9425 26915
05/91 -35210 9505 25705
05/91 -29910 5965 23945
06/91 -23970 6405 17565
06/91 -17595 3655 13940
07/91 -21265 4875 16390
07/91 -28495 7430 21065
08/91 -27295 7640 19655
08/91 -28150 10490 17660
09/91 -28225 7015 21210
09/91 -30540 7625 22915
10/91 -34095 7600 26495
10/91 -37935 10030 27905
11/91 -33510 9080 24430
11/91 -21990 6420 15570
12/91 -19840 5575 14265
12/91 -20380 5465 14915
01/92 -23385 6380 17005
01/92 -35685 11010 24675
02/92 -55855 16280 39575
02/92 -42355 7435 34920
03/92 -47685 8355 39330
03/92 -47400 5270 42130
04/92 -44500 3225 41275
04/92 -39945 2340 37605
05/92 -47150 5540 41610
05/92 -43090 3515 39575
06/92 -41755 4515 37240
06/92 -29765 4845 24920
07/92 -29650 5850 23800
07/92 -26495 4305 22190
08/92 -19055 7225 11830
08/92 -17440 5920 11520
09/92 -20260 5305 14955
09/92 -18835 5365 13470
10/92 -15615 3960 11655
10/92 -15905 4945 10960
10/92 -15450 5415 10035
10/92 -14890 4570 10320
11/92 -14350 4160 10190
11/92 -15065 4485 10580
11/92 -19385 7700 11685
11/92 -17310 4345 12965
12/92 -16260 4530 11730
12/92 -16415 4120 12295
12/92 -18630 2205 16425
12/92 -14695 2295 12400
12/92 -12785 2620 10165
01/93 -11950 975 10975
01/93 -13825 770 13055
01/93 -11295 -75 11370
01/93 -7295 270 7025
02/93 -7145 -310 7455
02/93 -7045 775 6270
02/93 -6145 980 5165
02/93 -5710 335 5375
03/93 -5260 -410 5670
03/93 -6645 -160 6805
03/93 -6645 530 6115
03/93 -9785 1640 8145
03/93 -16825 3110 13715
04/93 -19870 3260 16610
04/93 -28780 5975 22805
04/93 -36785 5575 31210
04/93 -37790 4125 33665
05/93 -36875 3105 33770
05/93 -37850 2825 35025
05/93 -37375 3890 33485
05/93 -32880 275 32605
06/93 -33160 -145 33305
06/93 -31960 -515 32475
06/93 -30245 2210 28035
06/93 -29410 1340 28070
06/93 -27505 1380 26125
07/93 -30150 1190 28960
07/93 -29570 1425 28145
07/93 -30410 1465 28945
07/93 -33025 4915 28110
08/93 -33990 6430 27560
08/93 -29840 4380 25460
08/93 -29085 4850 24235
08/93 -27945 3465 24480
08/93 -24245 4365 19880
09/93 -21055 -225 21280
09/93 -20410 -1730 22140
09/93 -24705 830 23875
09/93 -24335 1965 22370
10/93 -27470 390 27080
10/93 -32320 1695 30625
10/93 -42910 4745 38165
10/93 -47035 5880 41155
11/93 -47935 -205 48140
11/93 -54510 945 53565
11/93 -59295 3065 56230
11/93 -59910 2145 57765
11/93 -54250 6355 47895
12/93 -55550 2385 53165
12/93 -53015 -1165 54180
12/93 -58075 4625 53450
12/93 -59790 4555 55235
01/94 -57255 2620 54635
01/94 -59995 -50 60045
01/94 -70180 7300 62880
01/94 -65080 8205 56875
02/94 -60955 9165 51790
02/94 -57150 4710 52440
02/94 -56090 1085 55005
02/94 -52570 655 51915
03/94 -45715 3045 42670
03/94 -45545 2315 43230
03/94 -44565 -170 44735
03/94 -47950 2680 45270
03/94 -54010 1600 52410
04/94 -49770 4950 44820
04/94 -47665 3000 44665
04/94 -48465 3790 44675
04/94 -47185 3120 44065
05/94 -40600 2030 38570
05/94 -41115 1270 39845
05/94 -43965 2055 41910
05/94 -46520 2825 43695
05/94 -45390 2085 43305
06/94 -47190 6720 40470
06/94 -36000 -1845 37845
06/94 -41565 6195 35370
06/94 -37030 5825 31205
07/94 -37360 7340 30020
07/94 -38415 7965 30450
07/94 -36825 8485 28340
07/94 -32790 2830 29960
08/94 -37170 6560 30610
08/94 -38970 5990 32980
08/94 -40995 6875 34120
08/94 -40285 4735 35550
08/94 -35975 4080 31895
09/94 -37005 4460 32545
09/94 -44710 10980 33730
09/94 -45675 13605 32070
09/94 -46920 13320 33600
10/94 -50425 18285 32140
10/94 -51135 18920 32215
10/94 -53935 19205 34730
10/94 -49835 16060 33775
11/94 -49890 16160 33730
11/94 -49175 14905 34270
11/94 -45655 13925 31730
11/94 -31780 11930 19850
11/94 -18735 3080 15655
12/94 -11480 -4380 15860
12/94 -14070 -3205 17275
12/94 -14200 -2970 17170
12/94 -15925 -2150 18075
01/95 -10315 -2640 12955
01/95 -15520 -255 15775
01/95 -15500 -930 16430
01/95 -16035 -2495 18530
01/95 -17575 -1515 19090
02/95 -16035 -3790 19825
02/95 -14320 -6270 20590
02/95 -12540 -7340 19880
02/95 -14265 -2070 16335
03/95 -17350 1305 16045
03/95 -21855 1445 20410
03/95 -28930 6300 22630
03/95 -30060 8170 21890
04/95 -33485 12380 21105
04/95 -39640 17850 21790
04/95 -38790 17005 21785
04/95 -38115 18530 19585
05/95 -37845 18405 19440
05/95 -40520 18890 21630
05/95 -43695 21745 21950
05/95 -43565 18620 24945
05/95 -43785 20310 23475
06/95 -41975 19000 22975
06/95 -27640 8985 18655
06/95 -26515 9250 17265
06/95 -25695 9125 16570
07/95 -23775 10795 12980
07/95 -24530 10025 14505
07/95 -29415 10595 18820
07/95 -27205 10925 16280
08/95 -26285 13120 13165
08/95 -23980 13005 10975
08/95 -24385 10320 14065
08/95 -23180 8675 14505
08/95 -25060 12630 12430
09/95 -24430 12730 11700
09/95 -25445 12205 13240
09/95 -31085 15590 15495
09/95 -27785 13035 14750
10/95 -32425 14465 17960
10/95 -31625 12855 18770
10/95 -30340 13020 17320
10/95 -30585 13400 17185
10/95 -30890 13710 17180
11/95 -28330 13610 14720
11/95 -21505 8920 12585
11/95 -22450 11160 11290
11/95 -19155 7400 11755
12/95 -19350 6205 13145
12/95 -24045 5845 18200
12/95 -28175 9275 18900
12/95 -28695 6580 22115
01/96 -32140 9450 22690
01/96 -29660 7670 21990
01/96 -28475 9265 19210
01/96 -26185 8760 17425
01/96 -25410 7275 18135
02/96 -25510 8430 17080
02/96 -22670 4345 18325
02/96 -24015 5525 18490
02/96 -24640 7810 16830
03/96 -26240 10735 15505
03/96 -28435 11930 16505
03/96 -27045 11025 16020
03/96 -28915 11955 16960
04/96 -31275 14385 16890
04/96 -34180 14655 19525
04/96 -31235 13220 18015
04/96 -33495 16645 16850
04/96 -38200 16730 21470
05/96 -37125 15125 22000
05/96 -34560 15075 19485
05/96 -32965 13520 19445
05/96 -31585 13745 17840
06/96 -25455 12690 12765
06/96 -22605 8055 14550
06/96 -21735 7715 14020
06/96 -16700 4200 12500
07/96 -17290 4670 12620
07/96 -17670 7540 10130
07/96 -19455 6335 13120
07/96 -22100 6445 15655
07/96 -16640 6720 9920
08/96 -16780 6155 10625
08/96 -16375 5870 10505
08/96 -16905 5940 10965
08/96 -18100 3860 14240
09/96 -17735 3675 14060
09/96 -19130 2830 16300
09/96 -17675 4250 13425
09/96 -18135 4195 13940
10/96 -19400 3185 16215
10/96 -19900 3400 16500
10/96 -19945 3665 16280
10/96 -22170 4730 17440
10/96 -20905 3955 16950
11/96 -13470 3205 10265
11/96 -15140 1670 13470
11/96 -11245 615 10630
11/96 -9915 275 9640
12/96 -5060 20 5040
12/96 -3695 -2215 5910
12/96 -4920 -2835 7755
12/96 -5950 -2510 8460
12/96 -4565 -2960 7525
01/97 -8535 -1070 9605
01/97 -12885 -1350 14235
01/97 -9695 -2070 11765
01/97 -10675 -2110 12785
02/97 -9595 -660 10255
02/97 -15370 -740 16110
02/97 -19740 3665 16075
02/97 -30135 5475 24660
03/97 -29665 2875 26790
03/97 -30805 2450 28355
03/97 -33905 5340 28565
03/97 -34370 5830 28540
04/97 -33035 6555 26480
04/97 -22235 3545 18690
04/97 -26105 4990 21115
04/97 -25335 5335 20000
04/97 -19090 4205 14885
05/97 -18135 3980 14155
05/97 -17685 4460 13225
05/97 -11810 2570 9240
05/97 -9870 1510 8360
06/97 -14330 3690 10640
06/97 -16010 6035 9975
06/97 -14585 7360 7225
06/97 -10555 4315 6240
07/97 -6935 2525 4410
07/97 -7650 2805 4845
07/97 -11260 2815 8445
07/97 -11220 3200 8020
07/97 -12725 5975 6750
08/97 -17335 11025 6310
08/97 -17410 11700 5710
08/97 -17170 13205 3965
08/97 -17710 12435 5275
09/97 -19910 14640 5270
09/97 -18500 12540 5960
09/97 -17195 11335 5860
09/97 -12300 9025 3275
09/97 -14560 7920 6640
10/97 -13715 2935 10780
10/97 -17815 7245 10570
10/97 -21405 9885 11520
10/97 -27830 15030 12800
11/97 -23800 11360 12440
11/97 -18480 8030 10450
11/97 -15590 5245 10345
11/97 -14740 3720 11020
12/97 -14030 3200 10830
12/97 -15130 3070 12060
12/97 -13535 3820 9715
12/97 -10680 3375 7305
12/97 -10850 3965 6885
12/97 -10565 2920 7645
01/98 -2547 914 1633
01/98 -2322 812 1510
01/98 -2279 279 2000
01/98 -3189 654 2535
02/98 -3799 478 3321
02/98 -4522 609 3913
02/98 -3471 828 2643
02/98 -3817 812 3005
03/98 -3190 1002 2188
03/98 -3687 1174 2513
03/98 -3963 778 3185
03/98 -3894 1273 2621
03/98 -4018 1254 2764
04/98 -3836 1080 2756
04/98 -4080 508 3572
04/98 -6964 226 6738
04/98 -5668 919 4749
05/98 -5611 921 4690
05/98 -5868 1597 4271
05/98 -5675 1432 4243
05/98 -5797 1999 3798
06/98 -5762 2061 3701
06/98 -5136 2228 2908
06/98 -4470 1780 2690
06/98 -4840 1161 3679
06/98 -5079 1931 3148
07/98 -4645 2299 2346
07/98 -4898 2304 2594
07/98 -4748 2143 2605
07/98 -4034 2085 1949
08/98 -3785 1901 1884
08/98 -3971 1534 2437
08/98 -4945 1945 3000
08/98 -6568 1726 4842
09/98 -6750 3201 3549
09/98 -7089 2776 4313
09/98 -7315 2461 4854
09/98 -8021 2187 5834
09/98 -8105 2616 5489
10/98 -8090 2348 5742
10/98 -8903 2357 6546
10/98 -9001 2371 6630
10/98 -9066 2375 6691
11/98 -8922 2302 6620
11/98 -8270 2070 6200
11/98 -7640 1415 6225
11/98 -5085 1377 3708
12/98 -3631 873 2758
12/98 -3558 1106 2452
12/98 -3061 1075 1986
12/98 -2619 648 1971
12/98 -2445 551 1894
01/99 -2802 351 2451
01/99 -3937 604 3333
01/99 -3896 194 3702
01/99 -3144 -876 4020
02/99 -3088 -1165 4253
02/99 -3182 -1277 4459
02/99 -2608 -708 3316
02/99 -1374 -1411 2785
03/99 -1077 -1760 2837
03/99 -1206 -1961 3167
03/99 -2591 -2363 4954
03/99 -4417 -2157 6574
03/99 -6328 -418 6746
04/99 -3817 -102 3919
04/99 -3736 198 3538
04/99 -2821 6 2815
04/99 -4032 1455 2577
05/99 -3739 1329 2410
05/99 -4258 1343 2915
05/99 -4066 1562 2504
05/99 -3904 2009 1895
06/99 -3755 1752 2003
06/99 -3810 1437 2373
06/99 -3975 2027 1948
06/99 -3945 2158 1787
06/99 -4175 2027 2148
07/99 -3024 1927 1097
07/99 -3208 1937 1271
07/99 -3198 1692 1506
07/99 -3523 1778 1745
08/99 -3646 1392 2254
08/99 -3966 1506 2460
08/99 -3706 1477 2229
08/99 -3824 1433 2391
08/99 -4066 1878 2188
09/99 -4074 1720 2354
09/99 -4212 1941 2271
09/99 -3881 2011 1870
09/99 -4599 2364 2235
10/99 -4479 2354 2125
10/99 -4246 1909 2337
10/99 -4563 1890 2673
10/99 -4966 1920 3046
11/99 -6002 1881 4121
11/99 -5604 2829 2775
11/99 -4545 2593 1952
11/99 -4053 2072 1981
11/99 -2769 1859 910
12/99 -2711 1102 1609
12/99 -2758 1313 1445
12/99 -2468 1048 1420
12/99 -2545 886 1659
01/00 -1630 -167 1797
01/00 -1687 -694 2381
01/00 -2747 -758 3505
01/00 -3964 -251 4215
02/00 -3721 266 3455
02/00 -3252 174 3078
02/00 -3358 -392 3750
02/00 -3270 -852 4122
02/00 -3908 -130 4038
03/00 -4619 73 4546
03/00 -5753 405 5348
03/00 -6800 1067 5733
03/00 -7149 1627 5522
04/00 -7113 1315 5798
04/00 -6956 1133 5823
04/00 -7582 1332 6250
04/00 -8454 1880 6574
05/00 -9165 1933 7232
05/00 -8995 2099 6896
05/00 -8517 1430 7087
05/00 -7996 1052 6944
05/00 -7415 1968 5447
06/00 -7266 1723 5543
06/00 -7008 1832 5176
06/00 -7078 1550 5528
06/00 -6844 1547 5297
07/00 -5837 1223 4614
07/00 -6319 785 5534
07/00 -6303 109 6194
07/00 -7403 122 7281
08/00 -7993 154 7839
08/00 -6820 458 6362
08/00 -6676 244 6432
08/00 -6760 4 6756
08/00 -6530 87 6443
09/00 -6303 711 5592
09/00 -6598 555 6043
09/00 -6309 886 5423
09/00 -6012 709 5303
10/00 -6142 816 5326
10/00 -6917 779 6138
10/00 -7309 965 6344
10/00 -8189 1772 6417
10/00 -7843 1652 6191
11/00 -7739 1324 6415
11/00 -6669 1011 5658
11/00 -5210 787 4423
11/00 -4941 1004 3937
12/00 -4181 535 3646
12/00 -4386 476 3910
12/00 -4307 503 3804
12/00 -4153 331 3822
01/01 -5103 596 4507
01/01 -5353 639 4714
01/01 -3769 268 3501
01/01 -3192 179 3013
01/01 -3327 38 3289
02/01 -3536 -180 3716
02/01 -3247 135 3112
02/01 -3162 -101 3263
02/01 -2819 123 2696
03/01 -3954 27 3927
03/01 -4868 264 4604
03/01 -4732 406 4326
03/01 -4118 88 4030
04/01 -4377 270 4107
04/01 -5544 1061 4483
04/01 -6471 1191 5280
04/01 -6015 1920 4095
05/01 -5801 2395 3406
05/01 -5850 2050 3800
05/01 -5528 2180 3348
05/01 -5184 1750 3434
05/01 -5531 2017 3514
06/01 -5529 2135 3394
06/01 -4975 1586 3389
06/01 -4232 1236 2996
06/01 -3620 695 2925
07/01 -4172 1354 2818
07/01 -4653 1185 3468
07/01 -5230 2712 2518
07/01 -4672 2508 2164
07/01 -4282 2037 2245
08/01 -4118 1728 2390
08/01 -4186 1837 2349
08/01 -3437 1253 2184
08/01 -3625 1456 2169
09/01 -4103 1912 2191
09/01 -3539 1878 1661
09/01 -3936 1842 2094
09/01 -3155 1758 1397
10/01 -3069 1447 1622
10/01 -3127 1043 2084
10/01 -2998 1098 1900
10/01 -2200 1011 1189
10/01 -2528 1009 1519
11/01 -2812 868 1944
11/01 -2605 633 1972
11/01 -1971 569 1402
11/01 -1928 917 1011
12/01 -2695 1220 1475
12/01 -2628 1389 1239
12/01 -2043 1363 680
12/01 -1474 1231 243
12/01 -1233 1248 -15
01/02 -2308 1678 630
01/02 -2385 1597 788
01/02 -2786 1539 1247
01/02 -2064 1839 225
02/02 -2822 1708 1114
02/02 -2581 1732 849
02/02 -2767 1834 933
02/02 -3837 3148 689
03/02 -4072 3048 1024
03/02 -4294 3266 1028
03/02 -3592 2758 834
03/02 -3356 2573 783
04/02 -4011 2612 1399
04/02 -4129 2831 1298
04/02 -3035 2337 698
04/02 -2723 1889 834
04/02 -1542 1570 -28
05/02 -1560 1287 273
05/02 -1593 1427 166
05/02 -2426 1951 475
05/02 -2704 2033 671
06/02 -3229 1791 1438
06/02 -3052 2078 974
06/02 -2906 1708 1198
06/02 -3939 2520 1419
07/02 -4190 2318 1872
07/02 -4301 2381 1920
07/02 -4551 2027 2524
07/02 -4164 1736 2428
07/02 -3737 1767 1970
08/02 -3535 1507 2028
08/02 -3169 1249 1920
08/02 -3355 1731 1624
08/02 -4129 2404 1725
09/02 -4177 2462 1715
09/02 -4417 2227 2190
09/02 -3772 1851 1921
09/02 -3763 1838 1925
10/02 -3894 1709 2185
10/02 -3757 1616 2141
10/02 -2229 1096 1133
10/02 -1903 1349 554
10/02 -2341 1328 1013
11/02 -2509 1239 1270
11/02 -1823 1251 572
11/02 -1256 626 630
11/02 -1223 539 684
12/02 -1350 336 1014
12/02 -1165 349 816
12/02 -1185 391 794
12/02 -1205 605 600
12/02 -1235 635 600
01/03 -1378 716 662
01/03 -2411 966 1445
01/03 -2409 1049 1360
01/03 -1625 575 1050
02/03 -829 -126 955
02/03 -1149 -277 1426
02/03 -1060 -8 1068
02/03 -2279 936 1343
03/03 -1677 337 1340
03/03 -1603 373 1230
03/03 -1236 487 749
03/03 -1087 653 434
04/03 -793 501 292
04/03 -1304 656 648
04/03 -1123 898 225
04/03 -1343 1172 171
04/03 -1282 1261 21
05/03 -1176 1335 -159
05/03 -1638 1249 389
05/03 -2750 1358 1392
05/03 -2217 1524 693
06/03 -2190 1452 738
06/03 -1934 1329 605
06/03 -2058 1369 689
06/03 -1935 1571 364
07/03 -1552 1596 -44
07/03 -1233 1121 112
07/03 -1327 1229 98
07/03 -1596 1231 365
07/03 -2656 1462 1194
08/03 -2902 1636 1266
08/03 -3180 1554 1626
08/03 -3244 1704 1540
08/03 -3301 1935 1366
09/03 -3596 2125 1471
09/03 -4634 2239 2395
09/03 -3862 2072 1790
09/03 -3409 1725 1684
09/03 -2947 1091 1856
10/03 -3347 1178 2169
10/03 -2706 1116 1590
10/03 -1003 35 968
10/03 -2240 723 1517
11/03 -1896 533 1363
11/03 -2290 726 1564
11/03 -1983 452 1531
11/03 748 -1285 537
12/03 358 -1060 702
12/03 -444 -773 1217
12/03 -551 -498 1049
12/03 -388 -642 1030
12/03 -272 -677 949
01/04 -1293 -317 1610
01/04 -3175 1102 2073
01/04 -3701 1313 2388
01/04 -4211 1145 3066
02/04 -3954 1042 2912
02/04 -3505 509 2996
02/04 -3484 419 3065
02/04 -3275 391 2884
03/04 -5113 1218 3895
03/04 -4658 1346 3312
03/04 -5801 1565 4236
03/04 -9066 1956 7110
03/04 -9790 2393 7397
04/04 -9430 2578 6852
04/04 -9363 2730 6633
04/04 -8049 2256 5793
04/04 -8800 3343 5457
05/04 -8938 3668 5270
05/04 -8798 3290 5508
05/04 -5829 1607 4222
05/04 -4570 1041 3529
06/04 -4362 963 3399
06/04 -4332 1163 3169
06/04 -4185 1169 3016
06/04 -4241 1304 2937
06/04 -3837 1115 2722
07/04 -2840 938 1902
07/04 -2873 827 2046
07/04 -2595 805 1790
07/04 -1308 194 1114
08/04 -979 -157 1136
08/04 -1253 -93 1346
08/04 -1237 -215 1452
08/04 -1579 -158 1737
08/04 -1133 -271 1404
09/04 -799 -161 960
09/04 -1196 -141 1337
09/04 -1939 768 1171
09/04 -1955 1004 951
10/04 -1982 783 1199
10/04 -2005 613 1392
10/04 -2372 539 1833
10/04 -1465 -58 1523
11/04 -1495 63 1432
11/04 -1221 -100 1321
11/04 -1788 -165 1953
11/04 -933 -582 1515
11/04 -701 -551 1252
12/04 -1340 -47 1387
12/04 -1562 -90 1652
12/04 -2240 308 1932
12/04 -2652 566 2086
01/05 -2593 731 1862
01/05 -3168 1283 1885
01/05 -4053 2443 1610
01/05 -4441 2846 1595
02/05 -4678 3158 1520
02/05 -4421 2631 1790
02/05 -4088 2234 1854
02/05 -3624 1647 1977
03/05 -3351 1468 1883
03/05 -3641 1475 2166
03/05 -4438 1596 2842
03/05 -4050 1463 2587
03/05 -4403 1650 2753
04/05 -5609 2561 3048
04/05 -5934 2755 3179
04/05 -5655 2868 2787
04/05 -5575 2489 3086
05/05 -3293 901 2392
05/05 -2598 505 2093
05/05 -2248 404 1844
05/05 -2080 -59 2139
05/05 -2124 22 2102
06/05 -2636 760 1876
06/05 -2446 1393 1053
06/05 -2881 1454 1427
06/05 -3298 2140 1158
07/05 -3840 2709 1131
07/05 -3847 2737 1110
07/05 -4240 3198 1042
07/05 -4316 3383 933
08/05 -4135 2928 1207
08/05 -4318 2934 1384
08/05 -3844 2705 1139
08/05 -3514 2473 1041
08/05 -2686 1971 715
09/05 -2275 1795 480
09/05 -2370 1687 683
09/05 -2338 1620 718
09/05 -2469 1974 495
10/05 -3615 2365 1250
10/05 -4030 2932 1098
10/05 -4412 3195 1217
10/05 -4712 3533 1179
11/05 -4130 2746 1384
11/05 -4270 3227 1043
11/05 -4078 3228 850
11/05 -4993 3442 1551
11/05 -5558 4460 1098
12/05 -5950 4438 1512
12/05 -6426 4846 1580
12/05 -5844 4370 1474
12/05 -5779 4253 1526
01/06 -5972 4523 1449
01/06 -5915 4469 1446
01/06 -6159 4587 1572
01/06 -5777 4331 1446
01/06 -6723 4854 1869
02/06 -7525 5801 1724
02/06 -7671 5700 1971
02/06 -7623 5578 2045
02/06 -7510 5485 2025
03/06 -7454 5400 2054
03/06 -7014 5081 1933
03/06 -4572 3363 1209
03/06 -4304 3059 1245
04/06 -4689 3357 1332
04/06 -4359 3200 1159
04/06 -4633 3225 1408
04/06 -4997 3749 1248
05/06 -5665 4464 1201
05/06 -6458 4978 1480
05/06 -7109 5516 1593
05/06 -7586 5759 1827
05/06 -6797 4876 1921
06/06 -6062 4759 1303
06/06 -6181 4965 1216
06/06 -6466 5426 1040
06/06 -7673 6648 1025
07/06 -7430 6191 1239
07/06 -8133 6391 1742
07/06 -8202 7014 1188
07/06 -7801 6151 1650
08/06 -7600 5945 1655
08/06 -6934 5525 1409
08/06 -6336 5196 1140
08/06 -6175 5037 1138
08/06 -5907 4925 982
09/06 -6663 5190 1473
09/06 -6177 5125 1052
09/06 -6681 5628 1053
09/06 -6499 6017 482
10/06 -6908 6202 706
10/06 -7866 6669 1197
10/06 -7335 6236 1099
10/06 -7261 6140 1121
10/06 -7071 5938 1133
11/06 -7200 5708 1492
11/06 -7049 5496 1553
11/06 -6479 5051 1428
11/06 -6422 4719 1703
12/06 -5927 4240 1687
12/06 -5940 4258 1682
12/06 -6261 4305 1956
12/06 -6837 4699 2138
01/07 -6780 4956 1824
01/07 -6067 4599 1468
01/07 -6299 4745 1554
01/07 -6718 5075 1643
01/07 -6897 5235 1662
02/07 -7121 5436 1685
02/07 -6656 5009 1647
02/07 -6180 4363 1817
02/07 -6799 4566 2233
03/07 -5923 3947 1976
03/07 -6939 4916 2023
03/07 -8493 6224 2269
03/07 -9846 6941 2905
04/07 -9534 6679 2855
04/07 -9838 6728 3110
04/07 -9250 6553 2697
04/07 -8142 5877 2265
05/07 -7981 6210 1771
05/07 -7786 5892 1894
05/07 -7447 5589 1858
05/07 -6860 4978 1882
05/07 -7630 5718 1912
06/07 -8462 6379 2083
06/07 -8558 6427 2131
06/07 -9405 7396 2009
06/07 -8936 7169 1767
07/07 -7793 6357 1436
07/07 -8061 6398 1663
07/07 -7385 5787 1598
07/07 -5962 4886 1076
07/07 -5774 4624 1150
08/07 -6056 4773 1283
08/07 -6075 4806 1269
08/07 -5227 4274 953
08/07 -3891 4494 -603
09/07 -3880 4741 -861
09/07 -4021 5011 -990
09/07 -3523 5238 -1715
09/07 -3263 4838 -1575
10/07 -3173 4471 -1298
10/07 -2930 4431 -1501
10/07 -2818 4130 -1312
10/07 -2012 3922 -1910
10/07 -2823 4172 -1349
11/07 -3394 4128 -734
11/07 -3111 4036 -925
11/07 -2584 3166 -582
11/07 -2905 2545 360
12/07 -3067 2036 1031
12/07 -3313 1902 1411
12/07 -3479 2335 1144
12/07 -3620 2294 1326
12/07 -3884 2406 1478
01/08 -5560 3516 2044
01/08 -5691 2944 2747
01/08 -4508 2026 2482
01/08 -4346 1992 2354
02/08 -4048 1801 2247
02/08 -4131 1954 2177
02/08 -4824 2110 2714
02/08 -5115 2445 2670
03/08 -5507 2800 2707
03/08 -4190 2097 2093
03/08 -3795 1348 2447
03/08 -3231 914 2317
04/08 -4194 2351 1843
04/08 -5199 2983 2216
04/08 -5715 3433 2282
04/08 -5697 3420 2277
04/08 -5431 3116 2315
05/08 -5728 3624 2104
05/08 -6169 3869 2300
05/08 -5755 3158 2597
05/08 -5342 2995 2347
06/08 -4706 2947 1759
06/08 -4731 2991 1740
06/08 -5559 3556 2003
06/08 -5906 3716 2190
07/08 -6401 4229 2172
07/08 -6002 3794 2208
07/08 -5501 3474 2027
07/08 -4398 2763 1635
07/08 -3458 2372 1086
08/08 -2450 1921 529
08/08 -2082 1591 491
08/08 -2509 1941 568
08/08 -2246 1794 452
09/08 -1981 1791 190
09/08 -1211 1363 -152
09/08 -690 1072 -382
09/08 -294 678 -384
09/08 261 668 -929
10/08 702 431 -1133
10/08 944 143 -1087
10/08 1342 -340 -1002
10/08 942 -373 -569
11/08 945 -348 -597
11/08 990 -170 -820
11/08 1318 -511 -807
11/08 1576 -917 -659
12/08 1587 -947 -640
12/08 1496 -742 -754
12/08 1257 -527 -730
12/08 1187 -572 -615
12/08 1044 -623 -421
01/09 942 -603 -339
01/09 1120 -675 -445
01/09 1190 -748 -442
01/09 1039 -850 -189
02/09 1492 -1250 -242
02/09 1430 -624 -806
02/09 1675 -1080 -595
02/09 1882 -1729 -153
03/09 2198 -1614 -584
03/09 1634 -1181 -453
03/09 923 -750 -173
03/09 260 -223 -37
03/09 480 -509 29
04/09 -244 -72 316
04/09 -198 -145 343
04/09 46 -348 302
04/09 0 -325 325
05/09 -259 -83 342
05/09 -2089 1569 520
05/09 -2107 1927 180
05/09 -2773 2456 317
06/09 -3360 2699 661
06/09 -3229 2470 759
06/09 -2680 1815 865
06/09 -1685 1500 185
06/09 -832 959 -127
07/09 -704 932 -228
07/09 -421 467 -46
07/09 -457 544 -87
07/09 445 -495 50
08/09 558 -578 20
08/09 472 -651 179
08/09 615 -642 27
08/09 183 -306 123
09/09 -453 457 -4
09/09 454 -591 137
09/09 274 -538 264
09/09 265 -414 149
09/09 -1095 1109 -14
10/09 -1102 924 178
10/09 -1768 1580 188
10/09 -2461 1854 607
10/09 -2912 2144 768
11/09 -3075 2226 849
11/09 -3080 1951 1129
11/09 -3688 2252 1436
11/09 -3981 2644 1337
12/09 -4372 2819 1553
12/09 -2947 1956 991
12/09 -2402 1415 987
12/09 -2159 1348 811
12/09 -2595 1477 1118
01/10 -4608 2977 1631
01/10 -4485 3441 1044
01/10 -2809 1693 1116
01/10 -1550 602 948
02/10 -1237 656 581
02/10 -1411 506 905
02/10 -1739 555 1184
02/10 -1318 212 1106
03/10 -1239 -230 1469
03/10 -1172 -512 1684
03/10 -974 -477 1451
03/10 -1074 -536 1610
03/10 -1155 -536 1691
04/10 -1174 -534 1708
04/10 -1386 -509 1895
04/10 -158 -1542 1700
04/10 81 -1459 1378
05/10 324 -1477 1153
05/10 554 -1904 1350
05/10 829 -2195 1366
05/10 583 -2023 1440
06/10 211 -1736 1525
06/10 392 -1795 1403
06/10 -867 490 377
06/10 -1673 1041 632
06/10 -2142 1177 965
07/10 -2089 1024 1065
07/10 -2034 997 1037
07/10 -2366 1039 1327
07/10 -2538 1277 1261
08/10 -2704 1418 1286
08/10 -3125 1721 1404
08/10 -3413 2090 1323
08/10 -3495 2068 1427
08/10 -2977 1936 1041
09/10 -3703 2332 1371
09/10 -4646 3349 1297
09/10 -5149 3672 1477
09/10 -5082 3673 1409
10/10 -5090 3978 1112
10/10 -4858 3377 1481
10/10 -4867 3502 1365
10/10 -5069 3559 1510
11/10 -5208 3645 1563
11/10 -5180 3607 1573
11/10 -4034 3150 884
11/10 -3781 3078 703
11/10 -3591 2871 720
12/10 -4357 3493 864
12/10 -5237 4293 944
12/10 -5761 4733 1028
12/10 -5822 4437 1385
01/11 -6317 4900 1417
01/11 -5539 3800 1739
01/11 -5957 4130 1827
01/11 -5628 3538 2090
02/11 -6513 4512 2001
02/11 -7048 4642 2406
02/11 -7416 4847 2569
02/11 -7738 5179 2559
03/11 -6189 3838 2351
03/11 -5964 3770 2194
03/11 -5177 3397 1780
03/11 -4353 2674 1679
03/11 -4012 2318 1694
04/11 -4262 2543 1719
04/11 -4868 3112 1756
04/11 -5221 3219 2002
04/11 -5998 3998 2000
05/11 -5275 3103 2172
05/11 -4228 2256 1972
05/11 -3907 2125 1782
05/11 -4087 2204 1883
05/11 -4554 2670 1884
06/11 -4990 3081 1909
06/11 -5477 3427 2050
06/11 -4693 2982 1711
06/11 -4254 2919 1335
07/11 -3710 2836 874
07/11 -3314 2253 1061
07/11 -3693 2307 1386
07/11 -3735 2358 1377
08/11 -3762 2355 1407
08/11 -3315 2292 1023
08/11 -3308 1983 1325
08/11 -3439 2377 1062
08/11 -4586 2835 1751
09/11 -4881 3071 1810
09/11 -3818 2171 1647
09/11 -3230 1696 1534
09/11 -2337 1292 1045
10/11 -1920 1038 882
10/11 -2251 1259 992
10/11 -2512 1434 1078
10/11 -2646 1527 1119
11/11 -2518 1651 867
11/11 -2250 1355 895
11/11 -1955 1381 574
11/11 -2131 1798 333
11/11 -353 429 -76
12/11 -563 501 62
12/11 -727 638 89
12/11 -616 532 84
12/11 -559 496 63
01/12 -359 206 153
01/12 -58 -222 280
01/12 176 -161 -15
01/12 232 -195 -37
01/12 290 -403 113
02/12 -997 1022 -25
02/12 -1280 1554 -274
02/12 -1370 1182 188
02/12 -917 458 459
03/12 -364 214 150
03/12 624 -802 178
03/12 -1145 841 304
03/12 -2132 1595 537
04/12 -2648 2042 606
04/12 -2831 2051 780
04/12 -2581 1983 598
04/12 -2739 2117 622
05/12 -3051 2374 677
05/12 -4114 3299 815
05/12 -3942 3430 512
05/12 -4236 3592 644
05/12 -1871 1362 509
06/12 -447 223 224
06/12 105 -66 -39
06/12 47 -76 29
06/12 -1122 821 301
07/12 -2863 2289 574
07/12 -3766 2918 848
07/12 -4029 2816 1213
07/12 -4206 2808 1398
07/12 -4012 2573 1439
08/12 -3989 2526 1463
08/12 -4070 2598 1472
08/12 -4255 2747 1508
08/12 -4475 3000 1475
09/12 -5317 3615 1702
09/12 -5083 3293 1790
09/12 -4914 3015 1899
09/12 -4384 2692 1692
10/12 -3066 1477 1589
10/12 -2742 1511 1231
10/12 -3715 2449 1266
10/12 -4224 3047 1177
10/12 -4412 3043 1369
11/12 -3075 1841 1234
11/12 -2778 1773 1005
11/12 -2767 1913 854
11/12 -3101 2175 926
12/12 -2529 1155 1374
12/12 -3587 2191 1396
12/12 -3448 2160 1288
12/12 -2032 593 1439
12/12 -1266 297 969
01/13 -501 -322 823
01/13 33 -592 559
01/13 249 -998 749
01/13 -266 -715 981
02/13 -920 -88 1008
02/13 -2319 1026 1293
02/13 -2846 1401 1445
02/13 -3159 2431 728
03/13 -3206 2170 1036
03/13 -3589 2629 960
03/13 -4571 3342 1229
03/13 -4668 3599 1069
04/13 -4712 3270 1442
04/13 -3468 1980 1488
04/13 -2868 1630 1238
04/13 -2935 1717 1218
04/13 -3128 1816 1312
05/13 -2965 1712 1253
05/13 -2815 1571 1244
05/13 -1848 815 1033
05/13 -1436 253 1183
06/13 -1156 9 1147
06/13 -4086 2779 1307
06/13 -5195 4090 1105
06/13 -5583 4532 1051
07/13 -3624 3057 567
07/13 -3136 2400 736
07/13 -2708 2172 536
07/13 -2283 2014 269
07/13 -1425 1518 -93
08/13 -819 1297 -478
08/13 -876 1317 -441
08/13 -998 1310 -312
08/13 -1811 1762 49
09/13 -2108 1923 185
09/13 -1620 1529 91
09/13 -1374 1005 369
09/13 -1491 1100 391
10/13 -1463 1025 438
10/13 -1504 1170 334
10/13 -1760 1292 468
10/13 -2518 2345 173
10/13 -2737 2677 60
11/13 -2406 2235 171
11/13 -2008 1866 142
11/13 -2062 1896 166
11/13 -3021 2476 545
12/13 -3300 2725 575
12/13 -3464 2828 636
12/13 -3516 2714 802
12/13 -3597 2677 920
12/13 -3605 2705 900
01/14 -3290 2602 688
01/14 -3482 3028 454
01/14 -3359 2900 459
01/14 -3296 2744 552
02/14 -2702 2493 209
02/14 -2432 1935 497
02/14 -2719 2185 534
02/14 -2781 2469 312
03/14 -2636 2141 495
03/14 -2852 2155 697
03/14 -2987 2020 967
03/14 -2180 1108 1072
04/14 -1656 922 734
04/14 -1957 966 991
04/14 -1712 942 770
04/14 -1691 806 885
04/14 -2043 838 1205
05/14 -2014 900 1114
05/14 -1962 905 1057
05/14 -1618 818 800
05/14 -1605 732 873
06/14 -2233 1201 1032
06/14 -2287 1203 1084
06/14 -2667 1742 925
06/14 -3414 2354 1060
07/14 -2945 2044 901
07/14 -3181 2165 1016
07/14 -3004 2009 995
07/14 -2724 1590 1134
07/14 -2440 1514 926
08/14 -2773 1771 1002
08/14 -2911 2041 870
08/14 -2786 1721 1065
08/14 -2750 1778 972
09/14 -3543 2380 1163
09/14 -3547 2209 1338
09/14 -3431 1964 1467
09/14 -2976 2194 782
09/14 -2793 2081 712
10/14 -3474 2501 973
10/14 -3460 2431 1029
10/14 -3435 2398 1037
10/14 -3433 1991 1442
11/14 -3354 2093 1261
11/14 -3639 2301 1338
11/14 -3289 2039 1250
11/14 -2969 1759 1210
12/14 -2104 1420 684
12/14 -2114 1520 594
12/14 -1861 1327 534
12/14 -1632 1167 465
12/14 -1619 1045 574
01/15 -1842 1161 681
01/15 -1210 781 429
01/15 -558 664 -106
01/15 -790 1017 -227
02/15 -532 670 -138
02/15 -212 508 -296
02/15 -109 185 -76
02/15 704 -547 -157
03/15 429 -380 -49
03/15 160 -326 166
03/15 369 -307 -62
03/15 164 -153 -11
03/15 -469 377 92
04/15 -873 791 82
04/15 -562 716 -154
04/15 -495 601 -106
04/15 675 -383 -292
05/15 194 85 -279
05/15 508 -72 -436
05/15 -295 514 -219
05/15 -209 506 -297
06/15 -206 291 -85
06/15 -259 266 -7
06/15 -288 267 21
06/15 -12 -25 37
06/15 668 -787 119
07/15 571 -569 -2
07/15 859 -854 -5
07/15 1351 -1176 -175
07/15 1532 -1293 -239
08/15 1605 -1474 -131
08/15 1523 -1474 -49
08/15 1554 -1479 -75
08/15 1528 -1508 -20
09/15 1339 -1317 -22
09/15 1267 -1293 26
09/15 525 -670 145
09/15 482 -445 -37
09/15 339 -354 15
10/15 -305 161 144
10/15 -482 283 199
10/15 -557 362 195
10/15 -582 267 315
11/15 -651 238 413
11/15 -583 304 279
11/15 -909 362 547
11/15 -1028 316 712
12/15 -1351 645 706
12/15 -2132 1306 826
12/15 -2263 1395 868
12/15 -2421 1611 810
12/15 -2240 1460 780
01/16 -1766 1077 689
01/16 -1275 571 704
01/16 -933 418 515
01/16 -1016 376 640
02/16 -739 32 707
02/16 -504 54 450
02/16 -282 -117 399
02/16 -759 -176 935
03/16 -433 -215 648
03/16 -354 -328 682
03/16 163 -650 487
03/16 -93 -481 574
03/16 52 -678 626
04/16 107 -690 583
04/16 28 -636 608
04/16 -49 -600 649
04/16 -562 -193 755
05/16 -719 113 606
05/16 -336 -649 985
05/16 -439 -834 1273
05/16 -596 -799 1395
05/16 -625 -814 1439
06/16 -777 -1024 1801
06/16 -1078 -658 1736
06/16 -1321 10 1311
06/16 -569 -782 1351
07/16 -302 -764 1066
07/16 -624 -545 1169
07/16 -776 -354 1130
07/16 -864 -49 913
08/16 -671 -355 1026
08/16 -373 -958 1331
08/16 -184 -1081 1265
08/16 -74 -1087 1161
08/16 -103 -828 931
09/16 84 -1163 1079
09/16 111 -1292 1181
09/16 60 -1406 1346
09/16 -55 -1250 1305
10/16 -288 -1362 1650
10/16 -800 -296 1096
10/16 -1446 199 1247
10/16 -1643 720 923
11/16 -1954 793 1161
11/16 -2072 1008 1064
11/16 -1653 518 1135
11/16 -1458 296 1162
11/16 -1555 471 1084
12/16 -1127 -17 1144
12/16 -1131 -109 1240
12/16 -1220 -38 1258
12/16 -1020 -75 1095
01/17 -1098 -22 1120
01/17 -1186 89 1097
01/17 -1392 -151 1543
01/17 -1847 362 1485
01/17 -1906 269 1637
02/17 -2015 211 1804
02/17 -2036 256 1780
02/17 -2183 292 1891
02/17 -2355 554 1801
03/17 -2444 732 1712
03/17 -2569 898 1671
03/17 -2727 1286 1441
03/17 -2875 1287 1588
04/17 -2551 939 1612
04/17 -2123 772 1351
04/17 -2059 774 1285
04/17 -1711 406 1305
05/17 -1660 413 1247
05/17 -1906 659 1247
05/17 -2218 938 1280
05/17 -2374 952 1422
05/17 -2336 949 1387
06/17 -2939 1239 1700
06/17 -3353 1402 1951
06/17 -3779 2121 1658
06/17 -3956 2058 1898
07/17 -3851 2206 1645
07/17 -3937 1995 1942
07/17 -3687 1886 1801
07/17 -3940 2148 1792
08/17 -4121 2295 1826
08/17 -3916 1836 2080
08/17 -3643 1884 1759
08/17 -3156 1573 1583
08/17 -2908 1237 1671
09/17 -2754 1031 1723
09/17 -2580 753 1827
09/17 -2588 1043 1545
09/17 -2552 1119 1433
10/17 -2577 1151 1426
10/17 -2615 1151 1464
10/17 -3087 1670 1417
10/17 -3217 1748 1469
10/17 -3561 2003 1558
11/17 -3838 2447 1391
11/17 -3813 2731 1082
11/17 -3826 2638 1188
11/17 -4201 2877 1324
12/17 -3916 2711 1205
12/17 -3256 2400 856
12/17 -2945 2316 629
12/17 -2950 2440 510
01/18 -2723 1963 760
01/18 -2539 1839 700
01/18 -2643 1860 783
01/18 -2828 2082 746
01/18 -3152 1903 1249
02/18 -3217 1842 1375
02/18 -3321 2196 1125
02/18 -3279 2213 1066
02/18 -3561 2314 1247
03/18 -3506 2175 1331
03/18 -3441 2319 1122
03/18 -2555 1347 1208
03/18 -2198 405 1793
04/18 -2010 396 1614
04/18 -1917 432 1485
04/18 -1909 336 1573
04/18 -1585 345 1240
05/18 -1220 172 1048
05/18 -948 -58 1006
05/18 -533 -214 747
05/18 -699 -32 731
05/18 -1096 75 1021
06/18 -1211 229 982
06/18 -605 -97 702
06/18 -209 -230 439
06/18 -359 -141 500
07/18 -366 -76 442
07/18 -505 28 477
07/18 -681 324 357
07/18 -715 238 477
07/18 -593 171 422
08/18 -1071 833 238
08/18 -1595 985 610
08/18 -1620 989 631
08/18 -1280 496 784
09/18 -1102 200 902
09/18 -331 -36 367
09/18 -599 247 352
10/18 -829 200 629
10/18 -1238 537 701
10/18 -1684 734 950
10/18 -1910 1060 850
10/18 -2196 1279 917
11/18 -2120 1278 842
11/18 -2274 1400 874
11/18 -3177 2133 1044
11/18 -3031 1893 1138
12/18 -2834 1926 908
12/18 -2684 1701 983
12/18 -2865 1899 966
12/18 -2678 1779 899
12/18 -2430 1450 980
01/19 -2499 1369 1130
01/19 -2973 1782 1191
01/19 -3098 2035 1063
01/19 -3298 2261 1037
02/19 -3554 2184 1370
02/19 -3450 2205 1245
02/19 -2737 1899 838
02/19 -1969 1392 577
03/19 -1454 1056 398
03/19 -1227 883 344
03/19 -1032 870 162
03/19 -1013 633 380
04/19 -1014 563 451
04/19 -1439 812 627
04/19 -2439 1611 828
04/19 -2789 2062 727
04/19 -3386 2525 861
05/19 -3460 2478 982
05/19 -3335 2441 894
05/19 -3559 2787 772
05/19 -4056 3164 892
06/19 -4240 3409 831
06/19 -4148 3179 969
06/19 -3990 3006 984
06/19 -3019 2196 823
07/19 -3013 2207 806
07/19 -2944 2232 712
07/19 -2799 2125 674
07/19 -2798 2204 594
07/19 -2446 1761 685
08/19 -2342 1597 745
08/19 -2242 1668 574
08/19 -2339 1698 641
08/19 -2276 1714 562
09/19 -2285 1696 589
09/19 -2448 1640 808
09/19 -3008 1998 1010
09/19 -2908 1919 989
10/19 -2743 1716 1027
10/19 -3094 2071 1023
10/19 -3332 2493 839
10/19 -3217 2599 618
10/19 -3096 2524 572
11/19 -3084 2473 611
11/19 -3160 2570 590
11/19 -3048 2580 468
11/19 -3457 3264 193
12/19 -3885 3213 672
12/19 -3446 2687 759
12/19 -3332 2572 760
12/19 -2613 1789 824
01/20 -2444 1687 757
01/20 -2660 2034 626
01/20 -2796 2225 571
01/20 -3071 2667 404
02/20 -3061 2645 416
02/20 -3059 2682 377
02/20 -3025 2532 493
02/20 -2835 2406 429
03/20 -1785 1230 555
03/20 -1591 1193 398
03/20 -1274 1212 62
05/20 -1813 1297 516
05/20 -2110 1636 474
05/20 -2348 1953 395
06/20 -2484 2246 238
06/20 -2334 2015 319
06/20 -2243 1757 486
06/20 -2442 2032 410
06/20 -2751 2286 465
07/20 -2781 2370 411
07/20 -2648 2208 440
07/20 -2683 2029 654
07/20 -2875 2232 643
08/20 -2780 2274 506
08/20 -2456 1967 489
08/20 -2662 1648 1014
08/20 -2821 1525 1296
09/20 -3130 1706 1424
09/20 -3053 1635 1418
09/20 -3110 1577 1533
09/20 -3438 1855 1583
09/20 -3132 1905 1227
10/20 -3267 2030 1237
10/20 -3372 2178 1194
10/20 -3295 2110 1185
10/20 -3404 2314 1090
11/20 -3074 2098 976
11/20 -3122 2099 1023
11/20 -2981 1961 1020
11/20 -2946 2088 858
12/20 -2539 1851 688
12/20 -2678 2004 674
12/20 -2816 2081 735
01/21 -3122 1989 1133
01/21 -3192 1967 1225
01/21 -3228 1963 1265
01/21 -2569 1739 830
02/21 -2475 1630 845
02/21 -2557 1441 1116
02/21 -2363 1584 779
02/21 -2305 1389 916
03/21 -2338 1411 927
03/21 -2617 1559 1058
03/21 -2313 1439 874
03/21 -2100 1273 827
03/21 -2038 1246 792
04/21 -2087 1221 866
04/21 -2162 1171 991
04/21 -2425 1320 1105
04/21 -2863 1506 1357
05/21 -2851 1756 1095
05/21 -2973 1773 1200
05/21 -1988 1202 786
05/21 -1724 745 979
06/21 -1838 611 1227
06/21 -2110 777 1333
06/21 -1879 853 1026
06/21 -1696 538 1158
07/21 -2266 667 1599
07/21 -2124 624 1500
08/21 -1757 628 1129
08/21 -1924 667 1257
08/21 -1868 842 1026
08/21 -1710 759 951
08/21 -1684 768 916
09/21 -1759 885 874
09/21 -1379 760 619
09/21 -1313 774 539
09/21 -1156 740 416
10/21 -1108 747 361
10/21 -969 626 343
10/21 -739 594 145
10/21 -828 585 243
11/21 -896 605 291
11/21 -673 601 72
11/21 -685 694 -9
11/21 -505 698 -193
11/21 -697 734 -37
12/21 -448 729 -281
12/21 -191 670 -479
12/21 98 672 -770
12/21 -82 685 -603
01/22 -69 557 -488
06/22 -269 224 45
08/22 -385 144 241
09/22 -454 -28 482
09/22 -623 75 548
09/22 -735 -11 746
09/22 -838 25 813
10/22 -815 -36 851
10/22 -900 -14 914
10/22 -812 59 753
10/22 -262 -516 778
11/22 -132 -611 743
11/22 -30 -487 517
11/22 -30 -531 561
11/22 -113 -342 455
11/22 -95 -380 475
12/22 131 -690 559
12/22 126 -996 870
12/22 148 -1226 1078
12/22 28 -1010 982
01/23 -150 -669 819
01/23 -116 -866 982
01/23 -47 -761 808
01/23 -748 -279 1027
02/23 -976 44 932
02/23 -594 -340 934
02/23 -23 -724 747
03/23 297 -1257 960
03/23 26 -685 659
03/23 -97 -434 531
03/23 -956 -28 984
04/23 -749 -33 782
04/23 -432 -235 667
04/23 -373 -589 962
04/23 -71 -613 684
05/23 174 -987 813
05/23 -191 -614 805
05/23 -344 -429 773
05/23 -164 -380 544
05/23 -145 -166 311
06/23 -254 -278 532
06/23 -1282 660 622
07/23 -1855 892 963
07/23 -1954 940 1014
08/23 -1804 749 1055
08/23 -1655 736 919
08/23 -1550 636 914
08/23 -1709 830 879
08/23 -1833 1323 510
09/23 -2026 1318 708
09/23 -2229 1480 749
09/23 -1929 1270 659
09/23 -1658 902 756
10/23 -1568 818 750
10/23 -1469 689 780
10/23 -1017 429 588
10/23 -921 213 708
10/23 -917 332 585
11/23 -369 -22 391
11/23 -156 -28 184
11/23 -157 -235 392
12/23 -371 -202 573
12/23 7 -566 559
12/23 46 -499 453
12/23 103 -549 446
01/24 -248 -343 591
04/24 -353 -536 889
04/24 -211 -937 1148
04/24 -424 -701 1125
05/24 -2586 1142 1444
06/24 -2302 1208 1094
06/24 -840 24 816
06/24 -510 -494 1004
07/24 -195 -662 857
07/24 8 -1121 1113
07/24 308 -1260 952
07/24 512 -1343 831
07/24 636 -1261 625
08/24 724 -1277 553
08/24 738 -1353 615
08/24 682 -1522 840
08/24 670 -1156 486
09/24 194 -793 599
09/24 -771 159 612
09/24 -1178 506 672
09/24 -1431 737 694
10/24 -1658 819 839
10/24 -1738 975 763
01/24 -248 -343 591
04/24 -353 -536 889
04/24 -211 -937 1148
04/24 -424 -701 1125
05/24 -2586 1142 1444
06/24 -2302 1208 1094
06/24 -840 24 816
06/24 -510 -494 1004
07/24 -195 -662 857
07/24 8 -1121 1113
07/24 308 -1260 952
07/24 512 -1343 831
07/24 636 -1261 625
08/24 724 -1277 553
08/24 738 -1353 615
08/24 682 -1522 840
08/24 670 -1156 486
09/24 194 -793 599
09/24 -771 159 612
09/24 -1178 506 672
09/24 -1431 737 694
10/24 -1658 819 839
10/24 -1738 975 763
