01/86 -3848 1452 2396
01/86 -3721 1561 2160
02/86 -2672 981 1691
02/86 -3344 1512 1832
03/86 -3416 1438 1978
03/86 -3521 1262 2259
04/86 -2764 831 1933
04/86 -2782 993 1789
05/86 -2560 833 1727
05/86 -2304 963 1341
06/86 -3238 1388 1850
06/86 -2482 1416 1066
07/86 -2739 1258 1481
07/86 -3188 1381 1807
08/86 -3557 1692 1865
08/86 -3419 1453 1966
09/86 -3598 1733 1865
09/86 -3437 1788 1649
10/86 -3532 1938 1594
10/86 -3450 1533 1917
11/86 -3273 1463 1810
11/86 -2650 1170 1480
12/86 -3199 1255 1944
12/86 -3364 1285 2079
01/87 -3923 1619 2304
01/87 -3860 1741 2119
02/87 -3479 1551 1928
02/87 -3315 1258 2057
03/87 -2996 1172 1824
03/87 -3903 1393 2510
04/87 -4371 1554 2817
04/87 -3852 1235 2617
05/87 -4105 1059 3046
05/87 -4198 788 3410
06/87 -3738 1081 2657
06/87 -3561 954 2607
07/87 -4301 1379 2922
07/87 -4182 1675 2507
08/87 -4885 1758 3127
08/87 -4785 1854 2931
09/87 -5804 1837 3967
09/87 -4418 1627 2791
10/87 -4712 1730 2982
10/87 -2859 719 2140
11/87 -2701 880 1821
11/87 -3053 1129 1924
12/87 -3046 1304 1742
12/87 -3246 1479 1767
01/88 -3389 1938 1451
01/88 -2556 1138 1418
02/88 -2504 1240 1264
02/88 -2278 1320 958
03/88 -2560 1300 1260
03/88 -3120 1303 1817
04/88 -2634 1157 1477
04/88 -2698 1274 1424
05/88 -2966 1343 1623
05/88 -3649 1850 1799
06/88 -4304 2151 2153
06/88 -3451 1403 2048
07/88 -3729 1551 2178
07/88 -3211 1368 1843
08/88 -3404 1489 1915
08/88 -3306 1344 1962
09/88 -3494 1421 2073
09/88 -3259 1355 1904
10/88 -3502 1540 1962
10/88 -3263 1478 1785
11/88 -3727 1861 1866
11/88 -3455 2000 1455
12/88 -3688 2011 1677
12/88 -3694 1645 2049
01/89 -3553 1583 1970
01/89 -3720 1723 1997
02/89 -3819 1988 1831
02/89 -3666 1870 1796
03/89 -3575 1700 1875
03/89 -3947 1354 2593
04/89 -5761 2267 3494
04/89 -4738 1852 2886
05/89 -4183 2012 2171
05/89 -4130 1785 2345
06/89 -4590 2097 2493
06/89 -4454 1947 2507
07/89 -3973 1784 2189
07/89 -3500 1328 2172
08/89 -3235 1194 2041
08/89 -3014 1161 1853
09/89 -3939 1516 2423
09/89 -3809 1807 2002
10/89 -3608 1531 2077
10/89 -3430 1657 1773
11/89 -3759 1812 1947
11/89 -4140 2293 1847
12/89 -3910 2353 1557
12/89 -3404 1932 1472
01/90 -3472 1862 1610
01/90 -3433 1911 1522
02/90 -3514 1822 1692
02/90 -2865 1665 1200
03/90 -2924 1650 1274
03/90 -2917 1644 1273
04/90 -2870 1615 1255
04/90 -2528 1427 1101
05/90 -2702 1608 1094
05/90 -2614 1493 1121
06/90 -2734 1658 1076
06/90 -2916 1676 1240
07/90 -2818 1516 1302
07/90 -2847 1610 1237
08/90 -2878 1639 1239
08/90 -2686 1658 1028
09/90 -2201 1180 1021
09/90 -2089 1029 1060
10/90 -1899 1035 864
10/90 -1978 1003 975
11/90 -1814 938 876
11/90 -1366 717 649
12/90 -1417 804 613
12/90 -1545 758 787
01/91 -1581 746 835
01/91 -1512 706 806
02/91 -1680 675 1005
02/91 -1806 691 1115
03/91 -1837 691 1146
03/91 -1826 715 1111
04/91 -2181 810 1371
04/91 -2208 790 1418
05/91 -1998 751 1247
05/91 -1868 822 1046
06/91 -2009 811 1198
06/91 -1999 778 1221
07/91 -1913 727 1186
07/91 -1667 681 986
08/91 -1805 818 987
08/91 -1818 871 947
09/91 -1935 847 1088
09/91 -1988 904 1084
10/91 -1937 739 1198
10/91 -1765 601 1164
11/91 -1600 658 942
11/91 -1576 559 1017
12/91 -1455 597 858
12/91 -1343 601 742
01/92 -1456 647 809
01/92 -1661 829 832
02/92 -1611 790 821
02/92 -1294 749 545
03/92 -1482 922 560
03/92 -1645 947 698
04/92 -1592 865 727
04/92 -1302 722 580
05/92 -1268 671 597
05/92 -1327 708 619
06/92 -1238 519 719
06/92 -1189 432 757
07/92 -1372 643 729
07/92 -1496 814 682
08/92 -1139 553 586
08/92 -686 277 409
09/92 -1313 732 581
09/92 -1366 624 742
10/92 -1246 615 631
10/92 -1202 615 587
10/92 -871 320 551
10/92 -932 318 614
11/92 -922 349 573
11/92 -1203 577 626
11/92 -1286 562 724
11/92 -1350 570 780
12/92 -1192 625 567
12/92 -1596 946 650
12/92 -1671 892 779
12/92 -1461 727 734
12/92 -1335 533 802
01/93 -1138 227 911
01/93 -1232 326 906
01/93 -1039 242 797
01/93 -1423 571 852
02/93 -1436 616 820
02/93 -1663 490 1173
02/93 -1699 466 1233
02/93 -1338 577 761
03/93 -1459 500 959
03/93 -1567 445 1122
03/93 -1516 411 1105
03/93 -1674 431 1243
03/93 -2560 1133 1427
04/93 -2430 1240 1190
04/93 -2414 1201 1213
04/93 -2593 1469 1124
04/93 -2925 1835 1090
05/93 -2618 1760 858
05/93 -2149 1241 908
05/93 -2260 1288 972
05/93 -2279 1437 842
06/93 -2588 1468 1120
06/93 -2302 1480 822
06/93 -2297 1313 984
06/93 -2427 1490 937
06/93 -2458 1561 897
07/93 -2942 1742 1200
07/93 -2897 1825 1072
07/93 -3011 1974 1037
07/93 -2923 1973 950
08/93 -3455 2409 1046
08/93 -3176 2259 917
08/93 -3198 2244 954
08/93 -3063 2239 824
08/93 -1801 1172 629
09/93 -1820 1211 609
09/93 -1553 1079 474
09/93 -1585 1020 565
09/93 -1747 1053 694
10/93 -1482 770 712
10/93 -2548 1662 886
10/93 -2478 1675 803
10/93 -2347 1544 803
11/93 -2150 1528 622
11/93 -2281 1518 763
11/93 -2366 1497 869
11/93 -2276 1392 884
11/93 -1706 783 923
12/93 -1950 951 999
12/93 -2070 955 1115
12/93 -2017 903 1114
12/93 -1940 865 1075
01/94 -1746 632 1114
01/94 -1292 522 770
01/94 -1432 575 857
01/94 -1390 631 759
02/94 -1745 902 843
02/94 -2663 1523 1140
02/94 -3406 2291 1115
02/94 -3426 2367 1059
03/94 -3597 2448 1149
03/94 -3117 2069 1048
03/94 -3336 2228 1108
03/94 -3356 2244 1112
03/94 -3379 2353 1026
04/94 -3304 2438 866
04/94 -2971 2203 768
04/94 -2662 1911 751
04/94 -2600 1974 626
05/94 -3621 2703 918
05/94 -3232 2452 780
05/94 -3321 2384 937
05/94 -3540 2555 985
05/94 -2963 2259 704
06/94 -2757 2076 681
06/94 -3040 2256 784
06/94 -3279 2474 805
06/94 -3251 2492 759
07/94 -3940 2945 995
07/94 -4257 3201 1056
07/94 -4311 3224 1087
07/94 -4665 3561 1104
08/94 -4625 3789 836
08/94 -4620 3733 887
08/94 -4565 3687 878
08/94 -4185 3324 861
08/94 -3843 2979 864
09/94 -4023 3140 883
09/94 -2374 2488 -114
09/94 -3033 2301 732
09/94 -3162 2409 753
10/94 -2982 2320 662
10/94 -2909 2295 614
10/94 -3023 2346 677
10/94 -3176 2578 598
11/94 -4029 3110 919
11/94 -3977 3200 777
11/94 -3599 2767 832
11/94 -3123 2594 529
11/94 -3123 2543 580
12/94 -2864 2457 407
12/94 -3169 2513 656
12/94 -3311 2516 795
12/94 -3490 2677 813
01/95 -3957 2932 1025
01/95 -3546 2839 707
01/95 -3680 2866 814
01/95 -4037 3067 970
01/95 -4000 2979 1021
02/95 -3780 2954 826
02/95 -3583 2734 849
02/95 -3047 2494 553
02/95 -1964 1811 153
03/95 -1014 661 353
03/95 -1295 690 605
03/95 -3675 2554 1121
03/95 -3827 2897 930
04/95 -4035 3117 918
04/95 -3861 2944 917
04/95 -3828 2818 1010
04/95 -2741 2041 700
05/95 -2310 1617 693
05/95 -2212 1490 722
05/95 -2201 1689 512
05/95 -2005 1498 507
05/95 -2241 1624 617
06/95 -926 432 494
06/95 -901 256 645
06/95 -988 363 625
06/95 -788 322 466
07/95 -868 548 320
07/95 -604 144 460
07/95 -170 -179 349
07/95 221 -569 348
08/95 193 -491 298
08/95 115 -474 359
08/95 210 -397 187
08/95 114 -417 303
08/95 140 -494 354
09/95 432 -587 155
09/95 243 -452 209
09/95 -160 -158 318
09/95 198 -542 344
10/95 188 -590 402
10/95 303 -704 401
10/95 464 -789 325
10/95 627 -1028 401
10/95 449 -865 416
11/95 225 -754 529
11/95 -79 -658 737
11/95 -16 -657 673
11/95 52 -620 568
12/95 629 -899 270
12/95 -193 -67 260
12/95 181 -576 395
12/95 217 -662 445
01/96 153 -429 276
01/96 52 -336 284
01/96 -41 -290 331
01/96 -239 -225 464
01/96 -80 -343 423
02/96 -2059 1191 868
02/96 -2281 1274 1007
02/96 -3100 1923 1177
02/96 -3075 2327 748
03/96 -1823 1238 585
03/96 -2087 1392 695
03/96 -2205 1437 768
03/96 -2701 1858 843
04/96 -2705 1916 789
04/96 -2732 1695 1037
04/96 -2331 1699 632
04/96 -1419 691 728
04/96 -240 -180 420
05/96 -434 102 332
05/96 -455 92 363
05/96 338 -522 184
05/96 280 -569 289
06/96 341 -486 145
06/96 430 -478 48
06/96 236 -352 116
06/96 -224 154 70
07/96 -1782 1375 407
07/96 -1719 1338 381
07/96 -2159 1394 765
07/96 -2287 1600 687
07/96 -1341 1084 257
08/96 -886 514 372
08/96 -1112 748 364
08/96 -126 -154 280
08/96 172 -516 344
09/96 275 -574 299
09/96 187 -501 314
09/96 444 -753 309
09/96 695 -978 283
10/96 814 -1088 274
10/96 663 -1004 341
10/96 832 -1122 290
10/96 657 -1013 356
10/96 621 -947 326
11/96 362 -641 279
11/96 -8 -419 427
11/96 -947 436 511
11/96 80 -482 402
12/96 550 -806 256
12/96 -227 -253 480
12/96 -697 347 350
12/96 -653 237 416
12/96 -1430 786 644
01/97 -1975 1154 821
01/97 -2713 1512 1201
01/97 -2747 1545 1202
01/97 -2845 1658 1187
02/97 -3789 2542 1247
02/97 -4728 3517 1211
02/97 -4798 3479 1319
02/97 -4716 3440 1276
03/97 -5248 4060 1188
03/97 -6327 4927 1400
03/97 -4176 3267 909
03/97 -3608 2763 845
04/97 -4020 3139 881
04/97 -3756 2802 954
04/97 -3600 2767 833
04/97 -3776 2810 966
04/97 -3959 3042 917
05/97 -4067 3051 1016
05/97 -4749 3656 1093
05/97 -4946 4125 821
05/97 -4968 4176 792
06/97 -3507 2722 785
06/97 -3386 2418 968
06/97 -3531 2616 915
06/97 -2812 1987 825
07/97 -2874 2199 675
07/97 -2391 1846 545
07/97 -389 207 182
07/97 -412 290 122
07/97 -1976 1681 295
08/97 -1856 1524 332
08/97 -1725 1519 206
08/97 -960 1122 -162
08/97 -898 973 -75
09/97 -387 582 -195
09/97 -717 638 79
09/97 -951 650 301
09/97 -787 527 260
09/97 -995 796 199
10/97 -1128 902 226
10/97 -1838 1500 338
10/97 -1676 1573 103
10/97 -1448 1283 165
11/97 -1507 1362 145
11/97 -1408 1272 136
11/97 -1375 1237 138
11/97 -1318 1247 71
12/97 -1480 1270 210
12/97 -1733 1349 384
12/97 372 -120 -252
12/97 526 -330 -196
12/97 461 -274 -187
01/98 282 -208 -74
01/98 -1045 814 231
01/98 -1254 1181 73
01/98 -912 1255 -343
02/98 -902 1315 -413
02/98 -946 1397 -451
02/98 -1220 1434 -214
02/98 -784 690 94
03/98 -120 -90 210
03/98 -738 510 228
03/98 -588 320 268
03/98 -582 392 190
03/98 -451 73 378
04/98 -248 -37 285
04/98 -141 -97 238
04/98 -219 139 80
04/98 -366 288 78
05/98 -274 355 -81
05/98 -108 231 -123
05/98 -6 -61 67
05/98 385 -352 -33
06/98 1247 -1097 -150
06/98 1180 -1307 127
06/98 1149 -1358 209
06/98 1082 -1137 55
06/98 1075 -1149 74
07/98 818 -909 91
07/98 896 -944 48
07/98 506 -673 167
07/98 275 -468 193
08/98 328 -437 109
08/98 278 -385 107
08/98 768 -673 -95
08/98 675 -657 -18
09/98 1063 -872 -191
09/98 776 -605 -171
09/98 317 -310 -7
09/98 272 -248 -24
09/98 156 -100 -56
10/98 460 -352 -108
10/98 645 -424 -221
10/98 795 -698 -97
10/98 1012 -777 -235
11/98 959 -768 -191
11/98 1152 -856 -296
11/98 910 -798 -112
11/98 -91 -45 136
12/98 121 -301 180
12/98 693 -636 -57
12/98 80 -337 257
12/98 -351 8 343
12/98 -390 3 387
01/99 -397 43 354
01/99 -496 223 273
01/99 -468 213 255
01/99 -418 173 245
02/99 -463 182 281
02/99 -597 199 398
02/99 -600 196 404
02/99 -500 213 287
03/99 -567 322 245
03/99 -621 241 380
03/99 -231 -168 399
03/99 -502 29 473
03/99 -514 87 427
04/99 -302 -42 344
04/99 -278 -1 279
04/99 -178 -1 179
04/99 144 -277 133
05/99 640 -490 -150
05/99 767 -579 -188
05/99 831 -643 -188
05/99 874 -624 -250
06/99 724 -602 -122
06/99 672 -578 -94
06/99 674 -718 44
06/99 850 -755 -95
06/99 812 -671 -141
07/99 887 -271 -616
07/99 477 -478 1
07/99 281 -339 58
07/99 303 -253 -50
08/99 338 -332 -6
08/99 159 -133 -26
08/99 210 -146 -64
08/99 -109 170 -61
08/99 -53 101 -48
09/99 -728 323 405
09/99 -983 523 460
09/99 -938 522 416
09/99 -1001 504 497
10/99 -968 520 448
10/99 -937 498 439
10/99 -997 514 483
10/99 -1158 693 465
11/99 -1112 679 433
11/99 -1212 777 435
11/99 -1204 872 332
11/99 -1028 630 398
11/99 -1071 706 365
12/99 -917 623 294
12/99 -1173 718 455
12/99 -1151 685 466
12/99 -1300 774 526
01/00 -1244 735 509
01/00 -1282 860 422
01/00 -1312 974 338
01/00 -1316 889 427
02/00 -1300 935 365
02/00 -693 359 334
02/00 -551 231 320
02/00 -58 -106 164
02/00 80 -141 61
03/00 269 -179 -90
03/00 302 -227 -75
03/00 370 -262 -108
03/00 458 -318 -140
04/00 430 -322 -108
04/00 446 -330 -116
04/00 489 -376 -113
04/00 514 -397 -117
05/00 508 -414 -94
05/00 552 -511 -41
05/00 615 -493 -122
05/00 426 -379 -47
05/00 357 -343 -14
06/00 272 -256 -16
06/00 100 -230 130
06/00 84 -224 140
06/00 110 -157 47
07/00 155 -122 -33
07/00 92 -104 12
07/00 55 -117 62
07/00 159 -127 -32
08/00 108 -99 -9
10/00 146 -1 -145
10/00 -69 81 -12
11/00 30 56 -86
11/00 -46 61 -15
11/00 -1 63 -62
11/00 -67 55 12
12/00 -150 86 64
12/00 -45 19 26
12/00 2 -43 41
12/00 -2 -66 68
01/01 -16 -54 70
01/01 68 -55 -13
01/01 -90 94 -4
01/01 0 57 -57
01/01 68 0 -68
07/01 361 -88 -273
07/01 321 -56 -265
04/02 366 -134 -232
04/02 433 -199 -234
04/02 391 -146 -245
04/02 513 -251 -262
05/02 771 -350 -421
05/02 802 -393 -409
05/02 366 -212 -154
05/02 662 -373 -289
06/02 723 -367 -356
06/02 707 -371 -336
06/02 1215 -454 -761
06/02 1343 -517 -826
07/02 1429 -635 -794
07/02 1416 -681 -735
07/02 1396 -669 -727
07/02 1443 -692 -751
07/02 1393 -704 -689
08/02 1635 -828 -807
08/02 1594 -811 -783
08/02 1529 -804 -725
08/02 828 -445 -383
10/02 740 -534 -206
10/02 816 -575 -241
10/02 737 -570 -167
10/02 714 -521 -193
10/02 794 -513 -281
11/02 848 -527 -321
11/02 878 -19 -859
11/02 827 37 -864
11/02 669 30 -699
12/02 714 26 -740
12/02 787 -100 -687
12/02 749 -185 -564
12/02 704 -241 -463
12/02 698 -244 -454
01/03 652 -203 -449
01/03 361 -43 -318
01/03 385 -81 -304
01/03 81 -68 -13
02/03 -18 64 -46
02/03 46 -11 -35
02/03 26 2 -28
02/03 105 -6 -99
03/03 80 84 -164
03/03 51 52 -103
03/03 105 93 -198
03/03 169 121 -290
04/03 122 198 -320
04/03 -158 299 -141
04/03 -280 377 -97
04/03 -366 373 -7
04/03 -535 461 74
05/03 -503 345 158
05/03 -424 294 130
05/03 -590 383 207
05/03 -693 480 213
06/03 -808 517 291
06/03 -858 574 284
06/03 -910 679 231
06/03 -944 732 212
07/03 -975 741 234
07/03 -1157 776 381
07/03 -1072 750 322
07/03 -900 791 109
07/03 -973 804 169
08/03 -1119 795 324
08/03 -1486 955 531
08/03 -1710 1169 541
08/03 -2377 1150 1227
09/03 -2787 1175 1612
09/03 -3262 1310 1952
09/03 -3751 1972 1779
09/03 -3962 2088 1874
09/03 -3205 1269 1936
10/03 -3473 1541 1932
10/03 -3848 1859 1989
10/03 -3008 1920 1088
10/03 -3099 2046 1053
11/03 -3279 2176 1103
11/03 -3435 2272 1163
11/03 -3558 2365 1193
11/03 -3544 2357 1187
12/03 -3274 2130 1144
12/03 -4026 2583 1443
12/03 -4540 3036 1504
12/03 -4910 3230 1680
12/03 -5120 3342 1778
01/04 -5324 3421 1903
01/04 -6355 3988 2367
01/04 -6784 4323 2461
01/04 -8373 5134 3239
02/04 -8155 5215 2940
02/04 -8810 5759 3051
02/04 -9429 5997 3432
02/04 -9192 6055 3137
03/04 -8806 5685 3121
03/04 -9435 6063 3372
03/04 -8945 5690 3255
03/04 -8427 5049 3378
03/04 -9031 5588 3443
04/04 -9726 6017 3709
04/04 -9865 6133 3732
04/04 -8786 5788 2998
04/04 -6652 4090 2562
05/04 -5737 3454 2283
05/04 -4881 2634 2247
05/04 -4822 2730 2092
05/04 -4592 2386 2206
06/04 -4928 2852 2076
06/04 -5464 3456 2008
06/04 -5333 3419 1914
06/04 -5033 3130 1903
06/04 -4927 3071 1856
07/04 -4797 2899 1898
07/04 -4896 2884 2012
07/04 -5172 3049 2123
07/04 -4945 2926 2019
08/04 -4966 3007 1959
08/04 -4980 2983 1997
08/04 -5033 3031 2002
08/04 -5428 3158 2270
08/04 -5263 3106 2157
09/04 -5017 3034 1983
09/04 -4844 2946 1898
09/04 -4751 2915 1836
09/04 -5623 3501 2122
10/04 -6212 3810 2402
10/04 -7474 4714 2760
10/04 -7185 4648 2537
10/04 -7427 4774 2653
11/04 -6579 4136 2443
11/04 -6805 4154 2651
11/04 -7389 4686 2703
11/04 -8124 5324 2800
11/04 -7755 5250 2505
12/04 -6856 4638 2218
12/04 -6486 5151 1335
12/04 -6386 4751 1635
12/04 -6318 4713 1605
01/05 -6168 4598 1570
01/05 -6686 4918 1768
01/05 -7114 5461 1653
01/05 -7152 5593 1559
02/05 -7080 5471 1609
02/05 -6785 5189 1596
02/05 -7265 5548 1717
02/05 -7424 5520 1904
03/05 -7141 5432 1709
03/05 -8843 6483 2360
03/05 -9742 7161 2581
03/05 -9959 7442 2517
03/05 -8980 6723 2257
04/05 -9291 7007 2284
04/05 -9363 7013 2350
04/05 -8937 6507 2430
04/05 -8561 6064 2497
05/05 -7872 5813 2059
05/05 -7062 5028 2034
05/05 -6688 4827 1861
05/05 -6445 4472 1973
05/05 -5015 3608 1407
06/05 -5241 3415 1826
06/05 -4845 2805 2040
06/05 -5129 2988 2141
06/05 -4864 2896 1968
07/05 -4278 2858 1420
07/05 -4537 2993 1544
07/05 -4511 2949 1562
07/05 -6369 4282 2087
08/05 -6823 4607 2216
08/05 -6552 4444 2108
08/05 -5621 3535 2086
08/05 -4890 3055 1835
08/05 -4095 2479 1616
09/05 -3324 1694 1630
09/05 -3258 1636 1622
09/05 -6050 3925 2125
09/05 -7104 4916 2188
10/05 -7345 5016 2329
10/05 -8136 5662 2474
10/05 -8733 6610 2123
10/05 -9304 7135 2169
11/05 -8979 6930 2049
11/05 -9338 7150 2188
11/05 -8714 6328 2386
11/05 -9285 6429 2856
11/05 -9228 6688 2540
12/05 -9802 7027 2775
12/05 -8200 5423 2777
12/05 -8736 5781 2955
12/05 -8847 5909 2938
01/06 -8780 5553 3227
01/06 -8206 5027 3179
01/06 -8647 5253 3394
01/06 -8465 5290 3175
01/06 -9959 6431 3528
02/06 -10474 6715 3759
02/06 -9823 6423 3400
02/06 -9676 6385 3291
02/06 -9728 6521 3207
03/06 -9989 6734 3255
03/06 -9234 6411 2823
03/06 -9617 6989 2628
03/06 -10821 8150 2671
04/06 -11454 8686 2768
04/06 -11741 8760 2981
04/06 -11508 8407 3101
04/06 -10479 7560 2919
05/06 -11177 8318 2859
05/06 -10813 7922 2891
05/06 -10833 7739 3094
05/06 -9340 6705 2635
05/06 -9892 7357 2535
06/06 -9081 6718 2363
06/06 -7749 5595 2154
06/06 -6994 5362 1632
06/06 -6570 4845 1725
07/06 -6716 4901 1815
07/06 -7301 5424 1877
07/06 -7761 5974 1787
07/06 -7725 5973 1752
08/06 -7019 5194 1825
08/06 -6154 4248 1906
08/06 -6725 4850 1875
08/06 -7175 5202 1973
08/06 -6830 4950 1880
09/06 -6525 4550 1975
09/06 -5254 3632 1622
09/06 -4144 2730 1414
09/06 -4303 2966 1337
10/06 -4293 2988 1305
10/06 -4078 2819 1259
10/06 -4151 2790 1361
10/06 -4718 3123 1595
10/06 -5024 3284 1740
11/06 -5671 3675 1996
11/06 -5543 3544 1999
11/06 -4484 2947 1537
11/06 -4365 2491 1874
12/06 -4160 2102 2058
12/06 -4172 2087 2085
12/06 -3882 1904 1978
12/06 -3883 1861 2022
01/07 -4920 2898 2022
01/07 -5640 3494 2146
01/07 -6021 3710 2311
01/07 -7657 5420 2237
01/07 -8932 6510 2422
02/07 -9128 6611 2517
02/07 -8821 6264 2557
02/07 -8292 5785 2507
02/07 -8890 6647 2243
03/07 -8777 6790 1987
03/07 -8972 7020 1952
03/07 -8809 6787 2022
03/07 -8923 6650 2273
04/07 -9246 6958 2288
04/07 -10001 7512 2489
04/07 -12342 9771 2571
04/07 -13526 10821 2705
05/07 -14118 11476 2642
05/07 -14357 11873 2484
05/07 -13076 10665 2411
05/07 -12431 10190 2241
05/07 -12332 10025 2307
06/07 -12724 10215 2509
06/07 -12804 10436 2368
06/07 -12676 10239 2437
06/07 -13767 11610 2157
07/07 -13149 10951 2198
07/07 -13427 11219 2208
07/07 -13747 11502 2245
07/07 -14199 11878 2321
07/07 -13444 11401 2043
08/07 -13242 11304 1938
08/07 -11676 10024 1652
08/07 -9453 8215 1238
08/07 -8738 7731 1007
09/07 -8428 7507 921
09/07 -7771 6752 1019
09/07 -6834 5857 977
09/07 -7612 6268 1344
10/07 -8057 6484 1573
10/07 -8726 7227 1499
10/07 -9620 7848 1772
10/07 -9985 8213 1772
10/07 -9329 7435 1894
11/07 -10156 8051 2105
11/07 -10560 8432 2128
11/07 -10237 8330 1907
11/07 -8702 7263 1439
12/07 -8380 7166 1214
12/07 -8093 6887 1206
12/07 -8560 7265 1295
12/07 -8504 7172 1332
12/07 -9858 8254 1604
01/08 -11821 9934 1887
01/08 -12335 10344 1991
01/08 -12308 10530 1778
01/08 -14303 12037 2266
02/08 -13561 10912 2649
02/08 -13347 9956 3391
02/08 -13636 10307 3329
02/08 -13600 10187 3413
03/08 -12987 9690 3297
03/08 -12851 9982 2869
03/08 -12460 9734 2726
03/08 -12553 10319 2234
04/08 -11630 9539 2091
04/08 -10709 8488 2221
04/08 -10984 8629 2355
04/08 -10946 8858 2088
04/08 -9989 7928 2061
05/08 -10236 8525 1711
05/08 -10357 8534 1823
05/08 -10042 8077 1965
05/08 -9884 7830 2054
06/08 -9268 7503 1765
06/08 -8612 7194 1418
06/08 -9622 7781 1841
06/08 -9460 7401 2059
07/08 -10062 7822 2240
07/08 -9336 7397 1939
07/08 -9717 7929 1788
07/08 -6787 5633 1154
07/08 -5348 4238 1110
08/08 -4697 3709 988
08/08 -4336 3520 816
08/08 -4153 3334 819
08/08 -4389 3283 1106
09/08 -5000 4249 751
09/08 -4048 3075 973
09/08 -5909 5177 732
09/08 -6954 5945 1009
09/08 -7240 6173 1067
10/08 -7019 5780 1239
10/08 -7884 6795 1089
10/08 -7024 6167 857
10/08 -6771 5931 840
11/08 -6700 5490 1210
11/08 -6732 5753 979
11/08 -6959 5996 963
11/08 -6905 5960 945
12/08 -6475 5805 670
12/08 -5948 5371 577
12/08 -6073 5407 666
12/08 -6018 5403 615
12/08 -5789 4962 827
01/09 -6073 4968 1105
01/09 -6181 5224 957
01/09 -5775 4860 915
01/09 -6053 5095 958
02/09 -6186 5132 1054
02/09 -7069 5764 1305
02/09 -6991 5713 1278
02/09 -6133 5067 1066
03/09 -5154 4242 912
03/09 -5275 4417 858
03/09 -5054 4411 643
03/09 -5834 4799 1035
03/09 -7122 5736 1386
04/09 -7423 5768 1655
04/09 -8646 6826 1820
04/09 -8028 6165 1863
04/09 -7348 5859 1489
05/09 -7084 5877 1207
05/09 -8573 6825 1748
05/09 -8698 6874 1824
05/09 -8553 6778 1775
06/09 -10009 8050 1959
06/09 -10316 8353 1963
06/09 -10296 8430 1866
06/09 -9591 8085 1506
06/09 -10519 8927 1592
07/09 -10035 8676 1359
07/09 -8939 7948 991
07/09 -10722 9140 1582
07/09 -12070 10283 1787
08/09 -13456 11259 2197
08/09 -13321 11053 2268
08/09 -12990 11230 1760
08/09 -14131 12188 1943
09/09 -13918 12110 1808
09/09 -14510 12473 2037
09/09 -14605 12474 2131
09/09 -15530 13164 2366
09/09 -12728 10555 2173
10/09 -13746 11357 2389
10/09 -14242 11727 2515
10/09 -14649 12169 2480
10/09 -15386 12904 2482
11/09 -14761 12536 2225
11/09 -14992 12684 2308
11/09 -15845 13367 2478
11/09 -15778 13258 2520
12/09 -15921 13630 2291
12/09 -15727 13521 2206
12/09 -16187 13854 2333
12/09 -16365 14342 2023
12/09 -16128 13986 2142
01/10 -16407 14118 2289
01/10 -15447 12820 2627
01/10 -14838 12299 2539
01/10 -14340 12036 2304
02/10 -14584 12328 2256
02/10 -14247 12306 1941
02/10 -15044 13074 1970
02/10 -15252 13133 2119
03/10 -14589 12337 2252
03/10 -15123 12596 2527
03/10 -16075 13361 2714
03/10 -15969 13604 2365
03/10 -15221 12503 2718
04/10 -16111 13282 2829
04/10 -16364 13780 2584
04/10 -16097 13611 2486
04/10 -16983 14417 2566
05/10 -16850 14401 2449
05/10 -18326 16185 2141
05/10 -16726 14457 2269
05/10 -13965 12308 1657
06/10 -14400 13272 1128
06/10 -14450 13197 1253
06/10 -15187 13860 1327
06/10 -15369 13846 1523
06/10 -13847 12467 1380
07/10 -13271 11952 1319
07/10 -13973 12715 1258
07/10 -13426 12218 1208
07/10 -14613 13329 1284
08/10 -15883 14238 1645
08/10 -14187 12345 1842
08/10 -14202 12452 1750
08/10 -13437 11667 1770
08/10 -14743 13263 1480
09/10 -15876 14107 1769
09/10 -16133 14329 1804
09/10 -16445 14236 2209
09/10 -17776 15590 2186
10/10 -17706 15359 2347
10/10 -17510 15166 2344
10/10 -17583 15283 2300
10/10 -18380 16134 2246
11/10 -18846 16389 2457
11/10 -19574 16850 2724
11/10 -16929 14781 2148
11/10 -16084 13830 2254
11/10 -15968 13848 2120
12/10 -16045 13759 2286
12/10 -16689 14530 2159
12/10 -16674 14432 2242
12/10 -17334 14984 2350
01/11 -16562 14423 2139
01/11 -16045 13999 2046
01/11 -16377 14493 1884
01/11 -15779 13887 1892
02/11 -16411 14490 1921
02/11 -17505 15331 2174
02/11 -17483 15220 2263
02/11 -17663 15493 2170
03/11 -17172 15121 2051
03/11 -16506 14622 1884
03/11 -12346 11183 1163
03/11 -12406 10946 1460
03/11 -11794 10397 1397
04/11 -13671 11910 1761
04/11 -14499 12533 1966
04/11 -12511 10927 1584
04/11 -12980 11353 1627
05/11 -13462 11797 1665
05/11 -10345 9314 1031
05/11 -9189 8308 881
05/11 -9767 8590 1177
05/11 -11545 10367 1178
06/11 -14496 13569 927
06/11 -15280 13730 1550
06/11 -13837 12288 1549
06/11 -12513 11094 1419
07/11 -13555 12075 1480
07/11 -14984 13399 1585
07/11 -16150 14237 1913
07/11 -18258 16213 2045
08/11 -18872 16888 1984
08/11 -13630 12121 1509
08/11 -14365 13044 1321
08/11 -14206 12798 1408
08/11 -13595 12296 1299
09/11 -14092 12637 1455
09/11 -11538 10567 971
09/11 -10510 9996 514
09/11 -6775 6976 -201
10/11 -5787 6194 -407
10/11 -6739 6953 -214
10/11 -6693 7162 -469
10/11 -6433 6642 -209
11/11 -6605 6777 -172
11/11 -7279 7105 174
11/11 -7683 7476 207
11/11 -5851 6154 -303
11/11 -5234 5675 -441
12/11 -6052 6369 -317
12/11 -5998 6016 -18
12/11 -5786 5816 -30
12/11 -5857 5910 -53
01/12 -5339 5184 155
01/12 -4618 4502 116
01/12 -5503 5189 314
01/12 -8231 7671 560
01/12 -9558 8695 863
02/12 -12029 10544 1485
02/12 -11835 10597 1238
02/12 -12426 10763 1663
02/12 -13205 11475 1730
03/12 -11097 9800 1297
03/12 -12272 10952 1320
03/12 -12017 10757 1260
03/12 -9111 8141 970
04/12 -7132 6596 536
04/12 -5297 5157 140
04/12 -5314 4963 351
04/12 -6321 5745 576
05/12 -7684 6778 906
05/12 -5175 5053 122
05/12 -2650 2919 -269
05/12 -2384 2581 -197
05/12 -2710 2743 -33
06/12 -3286 3450 -164
06/12 -4980 5057 -77
06/12 -5828 5773 55
06/12 -4138 4462 -324
07/12 -4369 4583 -214
07/12 -4111 4546 -435
07/12 -4506 4835 -329
07/12 -3669 4216 -547
07/12 -4191 4411 -220
08/12 -4720 4859 -139
08/12 -4454 4691 -237
08/12 -6246 6343 -97
08/12 -8533 7803 730
09/12 -9320 8391 929
09/12 -9907 8682 1225
09/12 -11751 10094 1657
09/12 -13508 11918 1590
10/12 -13372 11779 1593
10/12 -13599 12189 1410
10/12 -12995 11842 1153
10/12 -11273 10356 917
10/12 -9394 8758 636
11/12 -9608 9357 251
11/12 -10298 9886 412
11/12 -11407 11278 129
11/12 -14336 13104 1232
12/12 -17102 15646 1456
12/12 -18408 16682 1726
12/12 -19023 17685 1338
12/12 -19072 17300 1772
12/12 -21383 19542 1841
01/13 -18651 17154 1497
01/13 -20116 18127 1989
01/13 -22497 20087 2410
01/13 -26072 23629 2443
02/13 -27110 24805 2305
02/13 -28394 25884 2510
02/13 -28855 26200 2655
02/13 -27069 25104 1965
03/13 -26580 24874 1706
03/13 -29296 27171 2125
03/13 -28751 26660 2091
03/13 -27770 26033 1737
04/13 -29682 27970 1712
04/13 -26890 25018 1872
04/13 -22416 21279 1137
04/13 -20221 19711 510
04/13 -20153 19450 703
05/13 -19965 19299 666
05/13 -21781 20727 1054
05/13 -22665 21381 1284
05/13 -22997 21582 1415
06/13 -24023 22486 1537
06/13 -25124 23468 1656
06/13 -24173 22740 1433
06/13 -20083 19536 547
07/13 -19437 19127 310
07/13 -20665 20372 293
07/13 -22281 21672 609
07/13 -24206 23158 1048
07/13 -24750 23822 928
08/13 -26022 24951 1071
08/13 -26852 25448 1404
08/13 -27587 25925 1662
08/13 -27354 25824 1530
09/13 -24581 23423 1158
09/13 -22803 22035 768
09/13 -22446 21923 523
09/13 -23974 23467 507
10/13 -24729 24117 612
10/13 -23892 23493 399
10/13 -23424 23000 424
10/13 -26551 25399 1152
10/13 -27402 26222 1180
11/13 -27326 26221 1105
11/13 -28824 27661 1163
11/13 -25377 24327 1050
11/13 -23105 22225 880
12/13 -22557 21807 750
12/13 -22928 21788 1140
12/13 -21380 20455 925
12/13 -18151 17185 966
12/13 -17900 16958 942
01/14 -20329 19271 1058
01/14 -21661 20360 1301
01/14 -23446 21996 1450
01/14 -20878 19705 1173
02/14 -18112 17413 699
02/14 -17958 16936 1022
02/14 -18525 17328 1197
02/14 -19535 17930 1605
03/14 -23430 21883 1547
03/14 -25203 23308 1895
03/14 -25358 23310 2048
03/14 -25042 22599 2443
04/14 -24666 22297 2369
04/14 -24036 21850 2186
04/14 -24935 22579 2356
04/14 -24624 22590 2034
04/14 -25389 23219 2170
05/14 -24775 22646 2129
05/14 -23996 21972 2024
05/14 -23794 21821 1973
05/14 -25543 23588 1955
06/14 -25635 23709 1926
06/14 -25117 23023 2094
06/14 -23965 21488 2477
06/14 -25333 22781 2552
07/14 -26134 23373 2761
07/14 -26619 24098 2521
07/14 -26966 24745 2221
07/14 -27738 25414 2324
07/14 -28181 26073 2108
08/14 -25956 23807 2149
08/14 -25635 23360 2275
08/14 -30314 27991 2323
08/14 -30587 28182 2405
09/14 -31050 28582 2468
09/14 -32356 30090 2266
09/14 -31602 29505 2097
09/14 -24135 22185 1950
09/14 -22724 20922 1802
10/14 -23338 21953 1385
10/14 -23593 21959 1634
10/14 -22120 20641 1479
10/14 -21908 20584 1324
11/14 -22774 21472 1302
11/14 -22457 21276 1181
11/14 -20940 19757 1183
11/14 -22515 21232 1283
12/14 -21814 20765 1049
12/14 -22055 20715 1340
12/14 -20770 19746 1024
12/14 -22018 20928 1090
12/14 -22384 21129 1255
01/15 -22333 21080 1253
01/15 -22557 21190 1367
01/15 -21099 20259 840
01/15 -20149 19520 629
02/15 -19683 18900 783
02/15 -18770 18056 714
02/15 -19579 18692 887
02/15 -20204 19263 941
03/15 -22705 21222 1483
03/15 -22831 21637 1194
03/15 -19881 19173 708
03/15 -18907 18312 595
03/15 -15449 15766 -317
04/15 -16157 16064 93
04/15 -17132 17069 63
04/15 -17498 17431 67
04/15 -18123 18053 70
05/15 -18930 18621 309
05/15 -18207 17986 221
05/15 -17482 17242 240
05/15 -17811 17783 28
06/15 -16655 16819 -164
06/15 -13977 14270 -293
06/15 -12119 12311 -192
06/15 -9108 9872 -764
06/15 -8101 8744 -643
07/15 -6823 7347 -524
07/15 -6766 7012 -246
07/15 -5754 6046 -292
07/15 -5292 5592 -300
08/15 -4206 4599 -393
08/15 -4567 4736 -169
08/15 -5928 5971 -43
08/15 -3991 4291 -300
09/15 -5461 5816 -355
09/15 -4893 5421 -528
09/15 -4691 5110 -419
09/15 -5690 6395 -705
09/15 -9080 9351 -271
10/15 -11857 11845 12
10/15 -12212 12207 5
10/15 -12490 12445 45
10/15 -13283 13288 -5
11/15 -12757 12814 -57
11/15 -11059 11077 -18
11/15 -8290 8397 -107
11/15 -6426 6482 -56
12/15 -6592 6574 18
12/15 -7753 7679 74
12/15 -7142 7135 7
12/15 -7691 7723 -32
12/15 -7745 7744 1
01/16 -6660 6616 44
01/16 -3264 3881 -617
01/16 -4550 5078 -528
01/16 -3670 4055 -385
02/16 -3522 3923 -401
02/16 -4970 5184 -214
02/16 -5364 5688 -324
02/16 -3269 3833 -564
03/16 -1828 2257 -429
03/16 -5222 5263 -41
03/16 -6333 6298 35
03/16 -8497 8200 297
03/16 -7063 6892 171
04/16 -5396 5456 -60
04/16 -2794 2889 -95
04/16 -3685 3612 73
04/16 -6749 6452 297
05/16 -7677 7195 482
05/16 -6752 6754 -2
05/16 -6345 6344 1
05/16 -3983 4142 -159
05/16 -3461 3951 -490
06/16 -3643 3963 -320
06/16 -2490 2883 -393
06/16 -1818 1918 -100
06/16 -3983 4116 -133
07/16 -6796 6430 366
07/16 -8899 8039 860
07/16 -11308 10292 1016
07/16 -14565 13455 1110
08/16 -16306 15229 1077
08/16 -16526 15766 760
08/16 -16400 15223 1177
08/16 -16172 14890 1282
08/16 -14640 13798 842
09/16 -14447 13252 1195
09/16 -13040 12867 173
09/16 -13918 12520 1398
09/16 -14775 13627 1148
10/16 -15167 14051 1116
10/16 -12933 12439 494
10/16 -10219 9502 717
10/16 -8369 7770 599
11/16 -5547 4969 578
11/16 -6931 6285 646
11/16 -9951 9130 821
11/16 -13217 12367 850
11/16 -14972 14259 713
12/16 -16588 15624 964
12/16 -16173 15139 1034
12/16 -15648 15037 611
12/16 -14954 14186 768
01/17 -15287 14264 1023
01/17 -17323 16296 1027
01/17 -17401 16393 1008
01/17 -18622 17577 1045
01/17 -16755 15773 982
02/17 -16952 15963 989
02/17 -17609 16715 894
02/17 -17592 16691 901
02/17 -17574 16541 1033
03/17 -17667 17036 631
03/17 -17031 16578 453
03/17 -18802 18165 637
03/17 -21282 20532 750
04/17 -21912 21067 845
04/17 -21613 20970 643
04/17 -19829 19375 454
04/17 -20292 19917 375
05/17 -21990 21493 497
05/17 -20935 20609 326
05/17 -20227 19901 326
05/17 -18107 17530 577
05/17 -18465 17916 549
06/17 -21747 21314 433
06/17 -22012 21597 415
06/17 -21940 21746 194
06/17 -21472 21039 433
07/17 -20687 20434 253
07/17 -19046 18654 392
07/17 -19613 19099 514
07/17 -19692 19289 403
08/17 -21436 20735 701
08/17 -21805 21266 539
08/17 -22102 21466 636
08/17 -23910 23273 637
08/17 -24188 23469 719
09/17 -25741 24968 773
09/17 -24129 23306 823
09/17 -22937 22416 521
09/17 -21412 20643 769
10/17 -21104 20518 586
10/17 -21421 20789 632
10/17 -23675 23058 617
10/17 -22308 21615 693
10/17 -22095 21347 748
11/17 -23440 22788 652
11/17 -23104 22463 641
11/17 -23173 22519 654
11/17 -24872 24531 341
12/17 -24013 23582 431
12/17 -24410 23816 594
12/17 -25234 24463 771
12/17 -26226 25498 728
01/18 -27406 27037 369
01/18 -28220 27614 606
01/18 -27426 26786 640
01/18 -26355 25663 692
01/18 -24390 23731 659
02/18 -20236 19527 709
02/18 -16632 15891 741
02/18 -17509 16631 878
02/18 -17805 16983 822
03/18 -15008 14295 713
03/18 -13935 13080 855
03/18 -13120 12341 779
03/18 -12783 12047 736
04/18 -10315 10217 98
04/18 -8349 8160 189
04/18 -10738 10548 190
04/18 -11430 10961 469
05/18 -10992 10765 227
05/18 -10688 10296 392
05/18 -11083 10684 399
05/18 -11469 10715 754
05/18 -10512 9993 519
06/18 -11952 11575 377
06/18 -13908 13362 546
06/18 -11376 11064 312
06/18 -8709 8591 118
07/18 -8910 8871 39
07/18 -7980 7568 412
07/18 -5292 5353 -61
07/18 -3203 3447 -244
07/18 -4410 4596 -186
08/18 -3030 3542 -512
08/18 -1438 2011 -573
08/18 -210 982 -772
08/18 -3236 3884 -648
09/18 -5245 5963 -718
09/18 -6015 6487 -472
09/18 -6922 7008 -86
09/18 -9700 9690 10
10/18 -10459 10112 347
10/18 -11677 11361 316
10/18 -11828 11526 302
10/18 -13280 13251 29
10/18 -12252 12143 109
11/18 -13394 13249 145
11/18 -13385 13380 5
11/18 -14544 14264 280
11/18 -14663 14476 187
12/18 -15306 14971 335
12/18 -14622 14245 377
12/18 -14380 13803 577
12/18 -14106 13706 400
12/18 -14596 14259 337
01/19 -14998 14799 199
01/19 -14904 14820 84
01/19 -13926 13772 154
01/19 -13717 13533 184
02/19 -13847 13838 9
02/19 -13881 13962 -81
02/19 -14566 14544 22
02/19 -14400 14264 136
03/19 -13584 13628 -44
03/19 -13234 13069 165
03/19 -13079 12584 495
03/19 -12501 12168 333
04/19 -10287 10079 208
04/19 -9567 9491 76
04/19 -8810 8824 -14
04/19 -9055 8941 114
04/19 -9622 9408 214
05/19 -8114 7980 134
05/19 -7649 7621 28
05/19 -8265 8049 216
05/19 -8896 9022 -126
06/19 -9045 9183 -138
06/19 -9729 9535 194
06/19 -10305 10205 100
06/19 -10740 10849 -109
07/19 -12107 12017 90
07/19 -12730 12896 -166
07/19 -12364 12435 -71
07/19 -12321 12471 -150
07/19 -12840 12846 -6
08/19 -9356 9573 -217
08/19 -9164 9171 -7
08/19 -9880 9824 56
08/19 -9873 9805 68
09/19 -11269 11071 198
09/19 -11822 11621 201
09/19 -12273 12154 119
09/19 -12631 12617 14
10/19 -12476 12806 -330
10/19 -13387 13710 -323
10/19 -13233 13292 -59
10/19 -13101 13085 16
10/19 -12500 13258 -758
11/19 -12241 12290 -49
11/19 -11035 11106 -71
11/19 -10704 10867 -163
11/19 -12202 12085 117
12/19 -12244 12311 -67
12/19 -12436 12507 -71
12/19 -12825 13004 -179
12/19 -11291 11007 284
12/19 -11630 11322 308
01/20 -11576 11577 -1
01/20 -11334 11340 -6
01/20 -9705 9844 -139
01/20 -7227 6912 315
02/20 -6523 6028 495
02/20 -5481 5165 316
02/20 -5429 4995 434
02/20 -4179 3814 365
03/20 -3270 2996 274
03/20 -2775 2789 -14
03/20 -1317 1255 62
03/20 -412 291 121
03/20 -1031 912 119
04/20 -975 721 254
04/20 -1080 816 264
04/20 -918 794 124
04/20 -912 632 280
05/20 -817 665 152
05/20 -598 390 208
05/20 -1154 645 509
05/20 -1223 720 503
06/20 -1045 400 645
06/20 -1174 664 510
06/20 -1099 677 422
06/20 -1130 681 449
06/20 -1590 1119 471
07/20 -2024 1514 510
07/20 -2311 1701 610
07/20 -3509 2682 827
07/20 -4010 3116 894
08/20 -3648 2972 676
08/20 -3522 2698 824
08/20 -3470 2556 914
08/20 -3453 2555 898
09/20 -3710 2778 932
09/20 -3684 2838 846
09/20 -4053 3152 901
09/20 -3536 3050 486
09/20 -3269 2638 631
10/20 -3616 3194 422
10/20 -3911 3391 520
10/20 -3926 3413 513
10/20 -3932 3468 464
11/20 -2851 2416 435
11/20 -4447 3611 836
11/20 -3668 3063 605
11/20 -3676 3027 649
12/20 -3886 3024 862
12/20 -3196 2611 585
12/20 -3196 2591 605
12/20 -3181 2602 579
12/20 -3441 2714 727
01/21 -4302 3739 563
01/21 -3407 2962 445
01/21 -2966 2563 403
01/21 -2467 2141 326
02/21 -892 699 193
02/21 -1220 737 483
02/21 -1657 1021 636
02/21 -1328 388 940
03/21 -1593 1132 461
03/21 -974 825 149
03/21 -2077 1562 515
03/21 -3192 2364 828
03/21 -3135 2343 792
04/21 -3411 2538 873
04/21 -3550 2853 697
04/21 -3329 2695 634
04/21 -3733 3004 729
05/21 -3861 3085 776
05/21 -3655 2781 874
05/21 -3186 2537 649
05/21 -2598 1893 705
06/21 -3289 2362 927
06/21 -3329 2475 854
06/21 -3276 2403 873
06/21 -1626 1072 554
06/21 -1969 1408 561
07/21 -2976 2303 673
07/21 -3024 2381 643
07/21 -1748 1283 465
07/21 -1764 1175 589
08/21 -1571 1088 483
08/21 -1984 1508 476
08/21 -1347 1151 196
08/21 194 -366 172
08/21 89 -181 92
09/21 236 -335 99
09/21 2060 -1727 -333
09/21 3043 -2713 -330
09/21 3614 -3250 -364
10/21 3510 -3230 -280
10/21 2625 -2496 -129
10/21 2355 -2416 61
10/21 2962 -2954 -8
11/21 3574 -3391 -183
11/21 3003 -2954 -49
11/21 1976 -2038 62
11/21 1913 -1766 -147
11/21 3277 -2973 -304
12/21 3036 -2731 -305
12/21 4125 -3774 -351
12/21 3985 -3639 -346
12/21 3230 -3109 -121
01/22 3344 -3192 -152
01/22 3292 -2978 -314
01/22 3409 -3309 -100
01/22 2274 -1988 -286
02/22 965 -992 27
02/22 1035 -1230 195
02/22 903 -1000 97
02/22 1118 -1429 311
03/22 423 -904 481
03/22 -563 -272 835
03/22 220 -1009 789
03/22 238 -1208 970
03/22 1364 -2011 647
04/22 1443 -2041 598
04/22 1402 -2033 631
04/22 1560 -2182 622
04/22 2121 -2507 386
05/22 2455 -2752 297
05/22 3434 -3245 -189
05/22 3621 -3215 -406
05/22 3800 -3472 -328
05/22 3221 -3133 -88
06/22 3581 -3461 -120
06/22 4354 -4057 -297
06/22 4511 -4046 -465
06/22 4441 -3825 -616
07/22 4104 -3410 -694
07/22 3252 -2802 -450
07/22 4302 -3751 -551
07/22 3894 -3408 -486
08/22 2743 -2560 -183
08/22 2044 -1970 -74
08/22 1536 -1599 63
08/22 2112 -1794 -318
08/22 1323 -1129 -194
09/22 2129 -1602 -527
09/22 1455 -1273 -182
09/22 1261 -1081 -180
09/22 1236 -831 -405
10/22 364 -596 232
10/22 810 -754 -56
10/22 1444 -1209 -235
10/22 2228 -1745 -483
11/22 2221 -1867 -354
11/22 2573 -2410 -163
11/22 1231 -1072 -159
11/22 1186 -1108 -78
11/22 1687 -1631 -56
12/22 1226 -1372 146
12/22 854 -883 29
12/22 2663 -2627 -36
12/22 2308 -2206 -102
01/23 2422 -2542 120
01/23 2337 -2490 153
01/23 2902 -2751 -151
01/23 3534 -3297 -237
01/23 4632 -4271 -361
02/23 4391 -4098 -293
02/23 5259 -4989 -270
02/23 5552 -5188 -364
02/23 6515 -6027 -488
03/23 7419 -7097 -322
03/23 6989 -6468 -521
03/23 7369 -7018 -351
03/23 7193 -6764 -429
04/23 7011 -6646 -365
04/23 7491 -7073 -418
04/23 6151 -5637 -514
04/23 6309 -5877 -432
05/23 6685 -6444 -241
05/23 5965 -5647 -318
05/23 5388 -4916 -472
05/23 5669 -5289 -380
05/23 6472 -6050 -422
06/23 7192 -6602 -590
06/23 7652 -7136 -516
06/23 7214 -6635 -579
06/23 7830 -7324 -506
07/23 8358 -7890 -468
07/23 8765 -8272 -493
07/23 8837 -8350 -487
07/23 8899 -8377 -522
08/23 9556 -9297 -259
08/23 10299 -10192 -107
08/23 9722 -9423 -299
08/23 9695 -9360 -335
08/23 10155 -9976 -179
09/23 10888 -11021 133
09/23 10761 -10712 -49
09/23 10372 -10230 -142
09/23 10458 -10302 -156
10/23 9861 -9718 -143
10/23 11414 -11233 -181
10/23 11463 -11495 32
10/23 11085 -11240 155
10/23 10163 -10253 90
11/23 10801 -11023 222
11/23 11283 -11230 -53
11/23 10535 -10287 -248
11/23 10348 -10171 -177
12/23 11277 -11252 -25
12/23 10920 -10638 -282
12/23 8898 -8380 -518
12/23 8198 -7801 -397
01/24 8250 -8155 -95
01/24 9404 -9472 68
01/24 10874 -11449 575
01/24 11002 -11617 615
01/24 10302 -10700 398
02/24 10879 -11002 123
02/24 13042 -13511 469
02/24 12557 -12453 -104
02/24 12273 -12315 42
03/24 12585 -12597 12
03/24 10743 -10581 -162
03/24 10234 -10019 -215
03/24 10013 -9900 -113
04/24 10184 -10202 18
04/24 8989 -8766 -223
04/24 9024 -9034 10
04/24 9187 -9158 -29
04/24 10780 -11070 290
05/24 10600 -11088 488
05/24 10276 -10900 624
05/24 10060 -10424 364
05/24 10681 -11079 398
06/24 12189 -12672 483
06/24 13463 -13914 451
06/24 12927 -13556 629
06/24 12138 -12906 768
07/24 10618 -10685 67
07/24 9369 -9557 188
07/24 10136 -10451 315
07/24 11454 -12255 801
07/24 11713 -13091 1378
08/24 12083 -13244 1161
08/24 11676 -12224 548
08/24 11908 -12265 357
08/24 11921 -11860 -61
09/24 11622 -11633 11
09/24 11049 -10988 -61
09/24 7226 -7000 -226
09/24 6631 -6733 102
10/24 7493 -7863 370
10/24 6829 -7317 488
10/24 6032 -6698 666
