01/86 -6599 2655 3944
01/86 -8171 4257 3914
02/86 -7731 3510 4221
02/86 -9041 3900 5141
03/86 -10529 4736 5793
03/86 -10277 3339 6938
04/86 -9723 3813 5910
04/86 -7780 2070 5710
05/86 -7612 2569 5043
05/86 -7632 2672 4960
06/86 -9137 4011 5126
06/86 -7668 3992 3676
07/86 -10397 4471 5926
07/86 -10162 4720 5442
08/86 -10266 3799 6467
08/86 -12676 5354 7322
09/86 -13352 5685 7667
09/86 -11348 3478 7870
10/86 -10949 4541 6408
10/86 -12003 5624 6379
11/86 -9486 3406 6080
11/86 -8106 2217 5889
12/86 -7696 1704 5992
12/86 -7460 2142 5318
01/87 -9146 2881 6265
01/87 -8611 2990 5621
02/87 -7837 3048 4789
02/87 -8772 3688 5084
03/87 -6232 3707 2525
03/87 -10579 4740 5839
04/87 -11149 5877 5272
04/87 -10435 3497 6938
05/87 -12352 3686 8666
05/87 -9577 2871 6706
06/87 -9763 3223 6540
06/87 -7731 1922 5809
07/87 -9408 2731 6677
07/87 -13160 4860 8300
08/87 -14088 5334 8754
08/87 -11437 3700 7737
09/87 -13519 3756 9763
09/87 -9504 2926 6578
10/87 -9243 2985 6258
10/87 -5946 2085 3861
11/87 -4599 1530 3069
11/87 -6170 2072 4098
12/87 -5269 1594 3675
12/87 -5361 1763 3598
01/88 -3992 1262 2730
01/88 -2026 -913 2939
02/88 -1963 -481 2444
02/88 -1567 -923 2490
03/88 -3834 1216 2618
03/88 -3618 1226 2392
04/88 -3065 916 2149
04/88 -3065 776 2289
05/88 -4751 943 3808
05/88 -5563 2455 3108
06/88 -5638 2162 3476
06/88 -4103 1987 2116
07/88 -4794 1365 3429
07/88 -3419 965 2454
08/88 -4632 1623 3009
08/88 -7477 3847 3630
09/88 -5330 2688 2642
09/88 -4134 1331 2803
10/88 -6042 1828 4214
10/88 -6921 1956 4965
11/88 -11163 6240 4923
11/88 -12092 8385 3707
12/88 -11517 6403 5114
12/88 -6177 2761 3416
01/89 -4857 1816 3041
01/89 -4030 1474 2556
02/89 -4567 1368 3199
02/89 -5738 1511 4227
03/89 -6658 2682 3976
03/89 -1901 605 1296
04/89 -7568 4798 2770
04/89 -7226 4349 2877
05/89 -5747 3671 2076
05/89 -603 -304 907
06/89 -988 -1115 2103
06/89 -2156 -345 2501
07/89 -3108 606 2502
07/89 -174 -1295 1469
08/89 294 -2427 2133
08/89 871 -2918 2047
09/89 -188 -2371 2559
09/89 -3655 670 2985
10/89 -4177 1171 3006
10/89 -5209 1796 3413
11/89 -7705 4257 3448
11/89 -8769 4789 3980
12/89 -6482 3273 3209
12/89 -4349 2016 2333
01/90 -1339 -143 1482
01/90 -5147 3149 1998
02/90 -7909 4530 3379
02/90 -4088 1629 2459
03/90 -3810 626 3184
03/90 -2985 57 2928
04/90 -2519 -503 3022
04/90 -756 -1639 2395
05/90 -2410 -710 3120
05/90 -5947 2494 3453
06/90 -2976 885 2091
06/90 -3416 853 2563
07/90 -2814 416 2398
07/90 -4436 1616 2820
08/90 -6881 3513 3368
08/90 -2021 -11 2032
09/90 -120 -1936 2056
09/90 -178 -1652 1830
10/90 -184 -1446 1630
10/90 -22 -668 690
11/90 -653 -707 1360
11/90 -662 -330 992
12/90 -631 622 9
12/90 -318 -686 1004
01/91 -746 -977 1723
01/91 768 -1919 1151
02/91 -65 -2016 2081
02/91 -1726 -551 2277
03/91 -3942 696 3246
03/91 -937 -1293 2230
04/91 -2049 -877 2926
04/91 -1461 -1118 2579
05/91 -2456 -171 2627
05/91 -2563 -761 3324
06/91 -1459 -1500 2959
06/91 265 -2499 2234
07/91 -959 -1188 2147
07/91 111 -3043 2932
08/91 -1783 -1587 3370
08/91 -2113 -1156 3269
09/91 -2905 -253 3158
09/91 -1956 -466 2422
10/91 -6288 3255 3033
10/91 -4535 1819 2716
11/91 -2665 288 2377
11/91 -5174 2009 3165
12/91 -1291 -880 2171
12/91 -794 -1951 2745
01/92 -1706 -1758 3464
01/92 -4898 759 4139
02/92 -6759 3909 2850
02/92 -5518 2390 3128
03/92 -5597 2642 2955
03/92 -4035 1640 2395
04/92 -2734 92 2642
04/92 -1855 -833 2688
05/92 -5221 2406 2815
05/92 -10499 7422 3077
06/92 -9915 6346 3569
06/92 -11032 7344 3688
07/92 -14298 10031 4267
07/92 -9544 7004 2540
08/92 -1324 -275 1599
08/92 -422 -343 765
09/92 -2197 608 1589
09/92 -6278 4293 1985
10/92 -5342 3692 1650
10/92 -2988 1499 1489
10/92 -3598 1690 1908
10/92 -3376 1874 1502
11/92 -3446 1889 1557
11/92 -3967 2590 1377
11/92 -3174 1379 1795
11/92 -5354 3570 1784
12/92 -5326 3148 2178
12/92 -9459 6792 2667
12/92 -9459 6968 2491
12/92 -7832 5851 1981
12/92 -6816 5472 1344
01/93 -5017 3218 1799
01/93 -6395 4571 1824
01/93 -6654 4747 1907
01/93 -9108 6715 2393
02/93 -7971 5924 2047
02/93 -9506 6697 2809
02/93 -12098 9144 2954
02/93 -4453 3077 1376
03/93 -3959 2695 1264
03/93 -3911 2484 1427
03/93 -4420 3178 1242
03/93 -5810 4555 1255
03/93 -7574 6028 1546
04/93 -9139 7496 1643
04/93 -8806 7288 1518
04/93 -12016 9419 2597
04/93 -12940 10071 2869
05/93 -13579 10129 3450
05/93 -11699 8714 2985
05/93 -12342 8492 3850
05/93 -12028 8206 3822
06/93 -11655 8444 3211
06/93 -11108 7888 3220
06/93 -8830 6548 2282
06/93 -9207 6410 2797
06/93 -10778 7450 3328
07/93 -13117 9397 3720
07/93 -14928 11312 3616
07/93 -15103 11347 3756
07/93 -15162 11476 3686
08/93 -16207 12105 4102
08/93 -12067 9719 2348
08/93 -9928 7783 2145
08/93 -9852 7483 2369
08/93 -8888 6411 2477
09/93 -5559 3518 2041
09/93 -5199 3225 1974
09/93 -6119 3987 2132
09/93 -6997 4700 2297
10/93 -6149 3943 2206
10/93 -8231 5077 3154
10/93 -9137 5861 3276
10/93 -10431 6756 3675
11/93 -9807 6694 3113
11/93 -11306 7433 3873
11/93 -12400 7879 4521
11/93 -11238 6592 4646
11/93 -11099 6876 4223
12/93 -12411 8002 4409
12/93 -16622 11002 5620
12/93 -17279 11761 5518
12/93 -17149 11563 5586
01/94 -17457 12478 4979
01/94 -16015 10589 5426
01/94 -15870 10618 5252
01/94 -12520 8033 4487
02/94 -12961 9043 3918
02/94 -13200 8957 4243
02/94 -15570 11333 4237
02/94 -15881 11142 4739
03/94 -12050 7959 4091
03/94 -12227 8225 4002
03/94 -16837 12128 4709
03/94 -16180 11190 4990
03/94 -18364 13030 5334
04/94 -18966 13362 5604
04/94 -15292 11322 3970
04/94 -13050 9129 3921
04/94 -12243 8134 4109
05/94 -12513 8146 4367
05/94 -12459 8808 3651
05/94 -13635 9537 4098
05/94 -15660 11021 4639
05/94 -13901 9682 4219
06/94 -13354 9613 3741
06/94 -14689 10971 3718
06/94 -16718 12317 4401
06/94 -12975 9443 3532
07/94 -17927 14005 3922
07/94 -15185 11741 3444
07/94 -18734 14428 4306
07/94 -19684 15259 4425
08/94 -18135 14933 3202
08/94 -14105 11118 2987
08/94 -14189 10829 3360
08/94 -14169 10079 4090
08/94 -14832 10153 4679
09/94 -17226 11527 5699
09/94 -16874 11542 5332
09/94 -15481 10760 4721
09/94 -15621 10764 4857
10/94 -15352 11266 4086
10/94 -15054 10879 4175
10/94 -12301 8818 3483
10/94 -15407 11676 3731
11/94 -12704 8987 3717
11/94 -7210 4264 2946
11/94 -5592 2975 2617
11/94 -5283 2508 2775
11/94 -4952 1851 3101
12/94 -2381 621 1760
12/94 -3512 939 2573
12/94 -7232 4271 2961
12/94 -7216 4715 2501
01/95 -8073 5362 2711
01/95 -3959 1049 2910
01/95 -5890 3301 2589
01/95 -6723 3854 2869
01/95 -6225 3920 2305
02/95 -4297 1767 2530
02/95 -4739 2407 2332
02/95 -5463 2944 2519
02/95 -4692 2471 2221
03/95 -2927 1765 1162
03/95 -5117 3180 1937
03/95 -4801 2427 2374
03/95 -5055 2968 2087
04/95 -11558 8730 2828
04/95 -12916 9575 3341
04/95 -13211 9465 3746
04/95 -9721 6696 3025
05/95 -9040 5853 3187
05/95 -7401 5445 1956
05/95 -4534 2869 1665
05/95 -3910 2470 1440
05/95 -4475 2807 1668
06/95 -3927 2338 1589
06/95 -6644 4291 2353
06/95 -9357 6147 3210
06/95 -8959 6628 2331
07/95 -7029 5392 1637
07/95 -5418 3869 1549
07/95 -8194 5697 2497
07/95 -2695 1261 1434
08/95 -262 -567 829
08/95 -467 -796 1263
08/95 -1064 -675 1739
08/95 -5847 3880 1967
08/95 -6439 4506 1933
09/95 -6002 4002 2000
09/95 -8282 5655 2627
09/95 -10942 7841 3101
09/95 -6570 3988 2582
10/95 -2301 457 1844
10/95 -2290 -226 2516
10/95 -1662 -931 2593
10/95 -1764 -1028 2792
10/95 -2182 -718 2900
11/95 -5283 1786 3497
11/95 -7622 3591 4031
11/95 -7322 3650 3672
11/95 -6900 3225 3675
12/95 -5689 2798 2891
12/95 -6988 3570 3418
12/95 -4604 1678 2926
12/95 -4395 1629 2766
01/96 -2295 -362 2657
01/96 -9234 6040 3194
01/96 -11522 8164 3358
01/96 -15942 11608 4334
01/96 -14793 10897 3896
02/96 -15444 11217 4227
02/96 -13846 9565 4281
02/96 -13638 9866 3772
02/96 -10649 7127 3522
03/96 -8748 5226 3522
03/96 -9065 5367 3698
03/96 -9171 5316 3855
03/96 -10299 6589 3710
04/96 -6857 3232 3625
04/96 -6581 2786 3795
04/96 -5342 1373 3969
04/96 -5923 1664 4259
04/96 -6149 1553 4596
05/96 -6968 1832 5136
05/96 -6870 1795 5075
05/96 -6035 1251 4784
05/96 -6939 1333 5606
06/96 -6727 1260 5467
06/96 -6466 1468 4998
06/96 -6770 1493 5277
06/96 -6474 2164 4310
07/96 -6174 1969 4205
07/96 -5687 1596 4091
07/96 -7163 2946 4217
07/96 -9511 5261 4250
07/96 -9785 5450 4335
08/96 -13004 8411 4593
08/96 -12652 7828 4824
08/96 -11945 6774 5171
08/96 -11800 6678 5122
09/96 -7430 2855 4575
09/96 -5812 1636 4176
09/96 -3523 -1077 4600
09/96 -3758 -844 4602
10/96 -3341 -661 4002
10/96 -4112 -432 4544
10/96 -5567 1069 4498
10/96 -6840 1526 5314
10/96 -5718 1202 4516
11/96 -5389 661 4728
11/96 -8072 2572 5500
11/96 -8271 2755 5516
11/96 -5103 378 4725
12/96 -2744 -1384 4128
12/96 -4462 -943 5405
12/96 -6279 0 6279
12/96 -7177 530 6647
12/96 -7689 1102 6587
01/97 -5705 -689 6394
01/97 -5651 -115 5766
01/97 -5507 -203 5710
01/97 -5263 -489 5752
02/97 -5057 87 4970
02/97 -6223 1362 4861
02/97 -7864 3251 4613
02/97 -10590 5524 5066
03/97 -12499 7113 5386
03/97 -12617 7189 5428
03/97 -11832 6787 5045
03/97 -11917 7169 4748
04/97 -7743 4102 3641
04/97 -5360 2015 3345
04/97 -5140 1872 3268
04/97 -6022 2782 3240
04/97 -6676 2994 3682
05/97 -6354 2935 3419
05/97 -9114 6337 2777
05/97 -10956 7520 3436
05/97 -11809 8338 3471
06/97 -12415 8953 3462
06/97 -11088 8268 2820
06/97 -9709 6949 2760
06/97 -8374 5381 2993
07/97 -7712 4924 2788
07/97 -6920 4840 2080
07/97 -5585 4024 1561
07/97 -6248 4006 2242
07/97 -7706 5281 2425
08/97 -9575 6699 2876
08/97 -9694 6797 2897
08/97 -7854 5381 2473
08/97 -7381 4682 2699
09/97 -6971 4438 2533
09/97 -7549 4843 2706
09/97 -8229 5679 2550
09/97 -9791 6695 3096
09/97 -9796 6784 3012
10/97 -10201 7402 2799
10/97 -10659 7522 3137
10/97 -10383 7817 2566
10/97 -5065 3144 1921
11/97 -4206 3025 1181
11/97 -1263 77 1186
11/97 -32 -1135 1167
11/97 -333 -1300 1633
12/97 -722 -1081 1803
12/97 545 -1636 1091
12/97 1299 -3101 1802
12/97 1326 -2664 1338
12/97 572 -2036 1464
01/98 609 -1725 1116
01/98 -767 -1270 2037
01/98 -3538 1112 2426
01/98 -4045 1504 2541
02/98 -4934 2597 2337
02/98 -7123 4535 2588
02/98 -6243 3859 2384
02/98 -4424 2758 1666
03/98 -4927 2959 1968
03/98 -5477 3334 2143
03/98 -6866 4738 2128
03/98 -9743 7561 2182
03/98 -10103 7636 2467
04/98 -10034 7551 2483
04/98 -10799 8417 2382
04/98 -10330 7813 2517
04/98 -9793 7936 1857
05/98 -9173 7404 1769
05/98 -6608 4933 1675
05/98 -6539 5182 1357
05/98 -4635 3542 1093
06/98 -2381 1268 1113
06/98 -2012 639 1373
06/98 -1231 -436 1667
06/98 -1645 -22 1667
06/98 -1999 592 1407
07/98 -4198 2008 2190
07/98 -5230 3264 1966
07/98 -6382 4492 1890
07/98 -6356 4462 1894
08/98 -5137 3925 1212
08/98 -5532 4101 1431
08/98 -3501 2732 769
08/98 -2966 2274 692
09/98 -435 -249 684
09/98 -23 -558 581
09/98 -1062 -160 1222
09/98 -1066 -286 1352
09/98 865 -2519 1654
10/98 3666 -5034 1368
10/98 3631 -5016 1385
10/98 2779 -4581 1802
10/98 2325 -4177 1852
11/98 2690 -4821 2131
11/98 1535 -3735 2200
11/98 -1495 -1228 2723
11/98 -5002 2042 2960
12/98 -4550 1844 2706
12/98 -3408 1429 1979
12/98 -3421 1538 1883
12/98 -1417 -207 1624
12/98 -2197 537 1660
01/99 -6300 4371 1929
01/99 -7543 5099 2444
01/99 -6738 4397 2341
01/99 -5230 3300 1930
02/99 -1415 -269 1684
02/99 -2877 916 1961
02/99 -7375 5323 2052
02/99 -10996 8633 2363
03/99 -11882 9533 2349
03/99 -12086 9415 2671
03/99 -10879 8554 2325
03/99 -11878 9533 2345
03/99 -7464 5946 1518
04/99 -5876 5048 828
04/99 -4913 3539 1374
04/99 -5210 3726 1484
04/99 -2715 1735 980
05/99 -135 -1079 1214
05/99 -289 -1030 1319
05/99 -142 -1076 1218
05/99 -286 -983 1269
06/99 -2011 359 1652
06/99 -4999 3181 1818
06/99 -5671 4217 1454
06/99 1222 -2561 1339
06/99 1267 -2519 1252
07/99 1411 -2929 1518
07/99 1455 -2894 1439
07/99 996 -2587 1591
07/99 1391 -3089 1698
08/99 2129 -3607 1478
08/99 -23 -1705 1728
08/99 1805 -3296 1491
08/99 694 -2414 1720
08/99 1146 -2679 1533
09/99 213 -1939 1726
09/99 -9960 8138 1822
09/99 -11993 10236 1757
09/99 -11547 10014 1533
10/99 -12338 10859 1479
10/99 -12360 10555 1805
10/99 -11705 10495 1210
10/99 -10871 9848 1023
11/99 -10206 8856 1350
11/99 -10137 8896 1241
11/99 -11228 9873 1355
11/99 -9044 7615 1429
11/99 -8378 7307 1071
12/99 -8491 6996 1495
12/99 -8251 6933 1318
12/99 -7770 6262 1508
12/99 -8468 7307 1161
01/00 -8101 6668 1433
01/00 -5724 4661 1063
01/00 -6424 5124 1300
01/00 -7976 6484 1492
02/00 -7746 6293 1453
02/00 -5477 4155 1322
02/00 -5795 4486 1309
02/00 -5576 4301 1275
02/00 -4551 3327 1224
03/00 -4336 3387 949
03/00 -4659 3649 1010
03/00 -5088 3886 1202
03/00 -4374 3790 584
04/00 -5586 4258 1328
04/00 -4067 2934 1133
04/00 -3912 3068 844
04/00 -2220 1659 561
05/00 -2577 1778 799
05/00 -2734 1849 885
05/00 -2654 1704 950
05/00 -4291 3102 1189
05/00 -5127 3818 1309
06/00 -5694 4665 1029
06/00 -4930 3928 1002
06/00 -5101 3836 1265
06/00 -4573 3787 786
07/00 -4227 3198 1029
07/00 -4539 3165 1374
07/00 -4535 3721 814
07/00 -5006 4083 923
08/00 -4704 3812 892
08/00 -4283 3231 1052
08/00 -4175 3202 973
08/00 -4067 3103 964
08/00 -4126 3220 906
09/00 -4168 3165 1003
09/00 -4108 3022 1086
09/00 -3663 2839 824
09/00 -2569 2341 228
10/00 -2512 1719 793
10/00 -2606 1833 773
10/00 -2370 1696 674
10/00 -2538 1941 597
10/00 -2563 1901 662
11/00 -3488 2461 1027
11/00 -3592 2613 979
11/00 -3476 2484 992
11/00 -3730 2860 870
12/00 -4397 3245 1152
12/00 -4373 3103 1270
12/00 -4257 3009 1248
12/00 -4193 3050 1143
01/01 -4514 3187 1327
01/01 -4971 3380 1591
01/01 -6063 4462 1601
01/01 -5189 4018 1171
01/01 -4062 2997 1065
02/01 -3954 2725 1229
02/01 -2750 1944 806
02/01 -2809 1997 812
02/01 -2986 2219 767
03/01 -1783 1374 409
03/01 -1248 1258 -10
03/01 -456 768 -312
03/01 315 100 -415
04/01 1892 -1103 -789
04/01 2034 -1412 -622
04/01 396 -395 -1
04/01 -331 137 194
05/01 -962 436 526
05/01 -2361 1744 617
05/01 -2475 1901 574
05/01 -2911 2335 576
05/01 -3224 2703 521
06/01 -1204 1164 40
06/01 -1053 992 61
06/01 -560 553 7
06/01 121 107 -228
07/01 1134 -801 -333
07/01 1557 -1127 -430
07/01 1655 -1192 -463
07/01 1587 -1141 -446
07/01 1562 -1074 -488
08/01 1097 -575 -522
08/01 749 -432 -317
08/01 595 -308 -287
08/01 694 -303 -391
09/01 837 -523 -314
09/01 1008 -421 -587
09/01 507 -11 -496
09/01 389 -83 -306
10/01 672 -398 -274
10/01 834 -599 -235
10/01 819 -596 -223
10/01 1135 -628 -507
10/01 994 -619 -375
11/01 1206 -859 -347
11/01 736 -576 -160
11/01 247 -237 -10
11/01 47 -93 46
12/01 -601 312 289
12/01 -915 575 340
12/01 -1206 750 456
12/01 -1435 864 571
12/01 -2146 1528 618
01/02 -2671 1884 787
01/02 -3159 2240 919
01/02 -3102 2306 796
01/02 -1643 1137 506
02/02 -1133 619 514
02/02 -906 618 288
02/02 -1548 1256 292
02/02 -2183 1742 441
03/02 -2926 2032 894
03/02 -2958 2083 875
03/02 -3193 2329 864
03/02 -3232 2288 944
04/02 -3442 2370 1072
04/02 -3471 2546 925
04/02 -3572 2573 999
04/02 -4079 2925 1154
04/02 -4447 3456 991
05/02 -2757 1804 953
05/02 -3018 1732 1286
05/02 -3229 2124 1105
05/02 -3083 2007 1076
06/02 -3346 2447 899
06/02 -3433 2458 975
06/02 -4087 2876 1211
06/02 -4263 3121 1142
07/02 -3074 2045 1029
07/02 -2190 1362 828
07/02 -1813 946 867
07/02 -885 370 515
07/02 -663 393 270
08/02 -726 387 339
08/02 -2687 1736 951
08/02 -4137 3408 729
08/02 -4251 3428 823
09/02 -4337 3246 1091
09/02 -3614 2154 1460
09/02 -4126 2719 1407
09/02 -4218 2925 1293
10/02 -4039 3006 1033
10/02 -4323 3180 1143
10/02 -4489 3396 1093
10/02 -4492 3596 896
10/02 -4715 3631 1084
11/02 -4254 3202 1052
11/02 -4060 3220 840
11/02 -4786 3607 1179
11/02 -4585 3609 976
12/02 -4751 3614 1137
12/02 -5446 4068 1378
12/02 -5949 4612 1337
12/02 -4532 3310 1222
12/02 -4479 3118 1361
01/03 -5226 3835 1391
01/03 -5910 4464 1446
01/03 -5761 4459 1302
01/03 -5865 4441 1424
02/03 -5624 4062 1562
02/03 -5522 4133 1389
02/03 -5224 3850 1374
02/03 -4380 3203 1177
03/03 -4735 3358 1377
03/03 -5493 4111 1382
03/03 -4808 3728 1080
03/03 -2213 1608 605
04/03 -2180 1542 638
04/03 -2634 1983 651
04/03 -2279 1567 712
04/03 -2119 1548 571
04/03 -1889 1704 185
05/03 -2001 1491 510
05/03 -3378 2425 953
05/03 -4442 3251 1191
05/03 -4894 3874 1020
06/03 -4525 3637 888
06/03 -4191 3208 983
06/03 -4261 3110 1151
06/03 -4809 3842 967
07/03 -4602 3883 719
07/03 -4767 4090 677
07/03 -5441 4776 665
07/03 -5790 5069 721
07/03 -6013 5256 757
08/03 -5984 5201 783
08/03 -6210 5444 766
08/03 -6271 5673 598
08/03 -6642 5842 800
09/03 -6987 5944 1043
09/03 -6938 5873 1065
09/03 -6180 5361 819
09/03 -5859 5194 665
09/03 -5937 5099 838
10/03 -6708 5604 1104
10/03 -6398 5050 1348
10/03 -6421 5178 1243
10/03 -6388 5183 1205
11/03 -6673 5270 1403
11/03 -6640 5296 1344
11/03 -6885 5180 1705
11/03 -6549 5079 1470
12/03 -6906 5300 1606
12/03 -6487 4950 1537
12/03 -6169 4406 1763
12/03 -5433 3622 1811
12/03 -5309 3743 1566
01/04 -5812 3967 1845
01/04 -5894 3790 2104
01/04 -5567 3936 1631
01/04 -5548 3686 1862
02/04 -3699 2524 1175
02/04 -4046 2555 1491
02/04 -4859 3277 1582
02/04 -4887 3378 1509
03/04 -6202 4548 1654
03/04 -6250 4609 1641
03/04 -5835 4342 1493
03/04 -5867 4188 1679
03/04 -4986 3559 1427
04/04 -4953 3957 996
04/04 -4618 3834 784
04/04 -4503 3624 879
04/04 -1698 1113 585
05/04 -1414 829 585
05/04 -1091 849 242
05/04 -780 409 371
05/04 -680 337 343
06/04 -530 230 300
06/04 -692 219 473
06/04 -207 -73 280
06/04 -1 -81 82
06/04 319 -403 84
07/04 518 -500 -18
07/04 -23 -170 193
07/04 -744 469 275
07/04 -1127 905 222
08/04 -1306 976 330
08/04 -2202 1842 360
08/04 -3566 2934 632
08/04 -3217 2737 480
08/04 -3234 2698 536
09/04 -2728 2483 245
09/04 -2194 1828 366
09/04 -2436 1889 547
09/04 -3923 3225 698
10/04 -2904 1882 1022
10/04 -2703 1881 822
10/04 -2692 1746 946
10/04 -3158 2141 1017
11/04 -1611 916 695
11/04 -2854 2034 820
11/04 -4364 3370 994
11/04 -4734 3603 1131
11/04 -5122 3765 1357
12/04 -6200 4748 1452
12/04 -1380 717 663
12/04 -1273 715 558
12/04 -2674 2143 531
01/05 -2779 2126 653
01/05 -2593 1850 743
01/05 -3170 2408 762
01/05 -3878 3033 845
02/05 -4580 3913 667
02/05 -4468 3567 901
02/05 -4396 3307 1089
02/05 -4326 3418 908
03/05 -4080 2972 1108
03/05 -4509 3443 1066
03/05 -4717 3771 946
03/05 -5791 4389 1402
03/05 -5447 4051 1396
04/05 -5236 3928 1308
04/05 -5171 3934 1237
04/05 -5624 4379 1245
04/05 -6413 5176 1237
05/05 -5852 4731 1121
05/05 -6115 5158 957
05/05 -4181 3345 836
05/05 -4234 3451 783
05/05 -4076 3466 610
06/05 -5669 5123 546
06/05 -6438 5680 758
06/05 -7830 6996 834
06/05 -8329 7438 891
07/05 -6298 4783 1515
07/05 -4285 3229 1056
07/05 -4230 3270 960
07/05 -6109 4814 1295
08/05 -8135 6752 1383
08/05 -9203 7931 1272
08/05 -8985 7476 1509
08/05 -8571 6943 1628
08/05 -8080 6729 1351
09/05 -8241 6964 1277
09/05 -8754 7469 1285
09/05 -10151 9343 808
09/05 -10102 8930 1172
10/05 -10712 9589 1123
10/05 -10959 9781 1178
10/05 -9822 8825 997
10/05 -10126 9270 856
11/05 -8543 7552 991
11/05 -9003 8038 965
11/05 -9974 9140 834
11/05 -10483 9408 1075
11/05 -10334 9192 1142
12/05 -8895 8027 868
12/05 -8508 7460 1048
12/05 -7255 5626 1629
12/05 -6867 5459 1408
01/06 -6283 4826 1457
01/06 -6494 5200 1294
01/06 -7011 6021 990
01/06 -7630 6373 1257
01/06 -8114 6658 1456
02/06 -7201 5892 1309
02/06 -5403 3793 1610
02/06 -4488 3129 1359
02/06 -4474 3133 1341
03/06 -4414 3360 1054
03/06 -3806 2525 1281
03/06 -3798 2944 854
03/06 -4332 3418 914
04/06 -4988 3818 1170
04/06 -5297 3903 1394
04/06 -5601 4217 1384
04/06 -6031 4458 1573
05/06 -6154 4517 1637
05/06 -6069 4302 1767
05/06 -4817 3153 1664
05/06 -4214 3057 1157
05/06 -4488 2867 1621
06/06 -3310 1881 1429
06/06 -1554 455 1099
06/06 -2162 1206 956
06/06 -2352 1368 984
07/06 -3330 2187 1143
07/06 -4921 3443 1478
07/06 -5444 4056 1388
07/06 -5280 3975 1305
08/06 -6091 4803 1288
08/06 -6757 5257 1500
08/06 -6571 5209 1362
08/06 -6471 5150 1321
08/06 -6017 4843 1174
09/06 -6740 5245 1495
09/06 -5849 5047 802
09/06 -4694 4221 473
09/06 -4415 3867 548
10/06 -3922 3339 583
10/06 -2261 1769 492
10/06 -2248 1748 500
10/06 -2151 1796 355
10/06 -2006 1482 524
11/06 -3312 2564 748
11/06 -3823 2748 1075
11/06 -3867 2838 1029
11/06 -4244 2442 1802
12/06 -3939 1941 1998
12/06 -3566 1888 1678
12/06 -3416 2031 1385
12/06 -3378 1712 1666
01/07 -3869 2572 1297
01/07 -3165 2062 1103
01/07 -3800 2505 1295
01/07 -4885 3409 1476
01/07 -5423 3946 1477
02/07 -5460 3919 1541
02/07 -5517 4195 1322
02/07 -5820 4544 1276
02/07 -6747 5346 1401
03/07 -6156 4732 1424
03/07 -6298 5014 1284
03/07 -6590 5186 1404
03/07 -7016 5553 1463
04/07 -7313 5706 1607
04/07 -8122 6341 1781
04/07 -9668 7976 1692
04/07 -10549 8263 2286
05/07 -11010 8558 2452
05/07 -11244 9122 2122
05/07 -12133 10119 2014
05/07 -10919 8965 1954
05/07 -10554 8460 2094
06/07 -10507 8712 1795
06/07 -11009 9258 1751
06/07 -11080 9224 1856
06/07 -10225 8103 2122
07/07 -10429 8541 1888
07/07 -11998 9534 2464
07/07 -13042 10809 2233
07/07 -14725 12276 2449
07/07 -10371 8159 2212
08/07 -10236 7952 2284
08/07 -8269 6382 1887
08/07 -5140 4389 751
08/07 -5296 4372 924
09/07 -5299 4294 1005
09/07 -6564 5095 1469
09/07 -7609 5955 1654
09/07 -9517 7931 1586
10/07 -10302 7855 2447
10/07 -10028 7861 2167
10/07 -10570 8238 2332
10/07 -10924 8810 2114
10/07 -10704 8318 2386
11/07 -11428 8992 2436
11/07 -9034 7178 1856
11/07 -8920 7247 1673
11/07 -8363 6289 2074
12/07 -8091 5989 2102
12/07 -8696 6503 2193
12/07 -11162 8203 2959
12/07 -11864 9209 2655
12/07 -13125 10388 2737
01/08 -14633 11753 2880
01/08 -12799 10158 2641
01/08 -12189 9783 2406
01/08 -11169 8736 2433
02/08 -10089 7869 2220
02/08 -9392 7092 2300
02/08 -9007 7035 1972
02/08 -9295 6195 3100
03/08 -8790 5866 2924
03/08 -7984 5607 2377
03/08 -7015 4452 2563
03/08 -7005 4797 2208
04/08 -7228 5603 1625
04/08 -7772 5926 1846
04/08 -8676 6443 2233
04/08 -9847 7687 2160
04/08 -9420 7592 1828
05/08 -9217 8064 1153
05/08 -10949 8875 2074
05/08 -12120 9746 2374
05/08 -12163 9647 2516
06/08 -9443 7332 2111
06/08 -10207 8082 2125
06/08 -10356 8317 2039
06/08 -10520 8279 2241
07/08 -10218 7739 2479
07/08 -8566 6509 2057
07/08 -8503 6335 2168
07/08 -6290 4459 1831
07/08 -4827 3419 1408
08/08 -3252 2160 1092
08/08 -2758 1990 768
08/08 -3665 2990 675
08/08 -3901 3411 490
09/08 -4053 3542 511
09/08 -3795 3369 426
09/08 -4364 3541 823
09/08 -5332 4676 656
09/08 -6724 6089 635
10/08 -7273 6739 534
10/08 -7487 6898 589
10/08 -7539 6930 609
10/08 -8108 7184 924
11/08 -7989 6797 1192
11/08 -8341 7749 592
11/08 -8790 8087 703
11/08 -8439 7749 690
12/08 -7895 6885 1010
12/08 -6629 5922 707
12/08 -8245 7130 1115
12/08 -8850 7689 1161
12/08 -8709 7335 1374
01/09 -9439 7992 1447
01/09 -9835 8139 1696
01/09 -8940 7243 1697
01/09 -9503 7384 2119
02/09 -10653 8613 2040
02/09 -11552 9200 2352
02/09 -12505 10129 2376
02/09 -11531 9429 2102
03/09 -10134 8151 1983
03/09 -10098 8250 1848
03/09 -8938 6952 1986
03/09 -10929 7989 2940
03/09 -10264 7342 2922
04/09 -10835 7499 3336
04/09 -10802 7434 3368
04/09 -9034 6495 2539
04/09 -8610 6371 2239
05/09 -8854 6817 2037
05/09 -8955 6972 1983
05/09 -8933 7108 1825
05/09 -10150 7780 2370
06/09 -10848 7524 3324
06/09 -12611 8931 3680
06/09 -12332 9143 3189
06/09 -12581 9918 2663
06/09 -12289 9985 2304
07/09 -11723 10123 1600
07/09 -10338 9168 1170
07/09 -11463 9740 1723
07/09 -12586 10015 2571
08/09 -14990 12001 2989
08/09 -15990 12972 3018
08/09 -17401 14283 3118
08/09 -18255 14732 3523
09/09 -17505 14035 3470
09/09 -18840 15148 3692
09/09 -20965 16521 4444
09/09 -22196 18224 3972
09/09 -20660 17371 3289
10/09 -21753 17955 3798
10/09 -23491 19409 4082
10/09 -23269 19197 4072
10/09 -23482 19427 4055
11/09 -23334 19304 4030
11/09 -24140 20315 3825
11/09 -26184 21845 4339
11/09 -26164 21583 4581
12/09 -27079 22480 4599
12/09 -25388 21114 4274
12/09 -24104 20243 3861
12/09 -23282 19532 3750
12/09 -23435 19259 4176
01/10 -24593 20378 4215
01/10 -24598 20159 4439
01/10 -23587 19428 4159
01/10 -22552 18514 4038
02/10 -22632 19023 3609
02/10 -22529 19334 3195
02/10 -23530 20057 3473
02/10 -24150 20277 3873
03/10 -25273 21103 4170
03/10 -25302 21490 3812
03/10 -25943 22309 3634
03/10 -27532 23463 4069
03/10 -26772 22858 3914
04/10 -27675 23645 4030
04/10 -28350 24060 4290
04/10 -27266 22947 4319
04/10 -27854 23718 4136
05/10 -27551 23469 4082
05/10 -26605 22417 4188
05/10 -26925 23052 3873
05/10 -18075 14988 3087
06/10 -17862 15163 2699
06/10 -18291 15474 2817
06/10 -18833 15799 3034
06/10 -19332 16154 3178
06/10 -17967 15200 2767
07/10 -15846 13836 2010
07/10 -16027 13903 2124
07/10 -15759 13421 2338
07/10 -18144 15481 2663
08/10 -21028 17915 3113
08/10 -19970 17566 2404
08/10 -19344 16917 2427
08/10 -17979 16260 1719
08/10 -18193 15525 2668
09/10 -20172 16455 3717
09/10 -23083 19913 3170
09/10 -26892 22978 3914
09/10 -27279 23102 4177
10/10 -28375 23649 4726
10/10 -29870 25247 4623
10/10 -29417 25562 3855
10/10 -31080 26743 4337
11/10 -31459 27041 4418
11/10 -32628 28104 4524
11/10 -26649 22685 3964
11/10 -25297 21666 3631
11/10 -25454 21391 4063
12/10 -27627 23354 4273
12/10 -26623 22634 3989
12/10 -27327 23294 4033
12/10 -29067 24685 4382
01/11 -30152 25782 4370
01/11 -29505 24727 4778
01/11 -33831 29817 4014
01/11 -33434 28859 4575
02/11 -34140 29667 4473
02/11 -34909 30123 4786
02/11 -33350 28884 4466
02/11 -32928 28389 4539
03/11 -32380 27744 4636
03/11 -31618 26792 4826
03/11 -23319 19998 3321
03/11 -21471 18503 2968
03/11 -22048 19028 3020
04/11 -24703 20994 3709
04/11 -27456 23321 4135
04/11 -27079 23310 3769
04/11 -29332 25116 4216
05/11 -31389 26992 4397
05/11 -28021 23727 4294
05/11 -25435 22215 3220
05/11 -24224 21108 3116
05/11 -25318 21741 3577
06/11 -27239 23208 4031
06/11 -27318 23849 3469
06/11 -23062 19463 3599
06/11 -18670 16471 2199
07/11 -18830 16840 1990
07/11 -18827 17117 1710
07/11 -22239 19327 2912
07/11 -25092 21544 3548
08/11 -27039 22973 4066
08/11 -22287 18685 3602
08/11 -28039 23327 4712
08/11 -34169 28307 5862
08/11 -32772 26576 6196
09/11 -35249 28008 7241
09/11 -33462 26776 6686
09/11 -30166 23840 6326
09/11 -24619 20867 3752
10/11 -23059 20413 2646
10/11 -22107 19677 2430
10/11 -22574 20180 2394
10/11 -22275 19712 2563
11/11 -23296 20602 2694
11/11 -24561 21602 2959
11/11 -24765 21749 3016
11/11 -23596 20803 2793
11/11 -23405 20268 3137
12/11 -23926 20746 3180
12/11 -22578 19735 2843
12/11 -21907 19121 2786
12/11 -21466 18559 2907
01/12 -21919 19486 2433
01/12 -22486 20037 2449
01/12 -23527 21061 2466
01/12 -25682 22084 3598
01/12 -29472 24976 4496
02/12 -29948 25639 4309
02/12 -32436 28075 4361
02/12 -32955 28348 4607
02/12 -33555 27761 5794
03/12 -31611 26740 4871
03/12 -30926 25967 4959
03/12 -30530 25658 4872
03/12 -28290 23520 4770
04/12 -27895 23955 3940
04/12 -24278 20788 3490
04/12 -21868 19002 2866
04/12 -17939 14923 3016
05/12 -19970 16601 3369
05/12 -17984 15728 2256
05/12 -16703 14370 2333
05/12 -15805 13097 2708
05/12 -16116 14087 2029
06/12 -17303 14734 2569
06/12 -17990 16193 1797
06/12 -21770 19252 2518
06/12 -20995 18797 2198
07/12 -22493 20028 2465
07/12 -21640 19697 1943
07/12 -21968 19356 2612
07/12 -20471 18564 1907
07/12 -20442 18281 2161
08/12 -21813 18955 2858
08/12 -21427 18527 2900
08/12 -28265 24887 3378
08/12 -32675 28663 4012
09/12 -34557 30483 4074
09/12 -37935 33752 4183
09/12 -40894 36134 4760
09/12 -44017 38723 5294
10/12 -47081 42120 4961
10/12 -51622 46825 4797
10/12 -52267 47676 4591
10/12 -48557 43601 4956
10/12 -45580 41006 4574
11/12 -42818 37675 5143
11/12 -41883 35955 5928
11/12 -40381 34418 5963
11/12 -43504 36861 6643
12/12 -44407 38470 5937
12/12 -46941 40610 6331
12/12 -48653 42975 5678
12/12 -43821 38364 5457
12/12 -40622 36056 4566
01/13 -41629 37873 3756
01/13 -47648 42919 4729
01/13 -50998 45460 5538
01/13 -54421 48504 5917
02/13 -56048 49466 6582
02/13 -57036 50138 6898
02/13 -55477 48748 6729
02/13 -47420 41404 6016
03/13 -44560 39158 5402
03/13 -43912 38113 5799
03/13 -39346 34263 5083
03/13 -39890 35493 4397
04/13 -41892 36995 4897
04/13 -36919 33243 3676
04/13 -31617 29204 2413
04/13 -30817 29649 1168
04/13 -32827 31844 983
05/13 -32422 31479 943
05/13 -33563 32698 865
05/13 -29241 28635 606
05/13 -25492 24862 630
06/13 -27518 26989 529
06/13 -30519 29536 983
06/13 -25934 25702 232
06/13 -21532 21873 -341
07/13 -21084 20982 102
07/13 -21812 22253 -441
07/13 -23744 23877 -133
07/13 -24414 24351 63
07/13 -28390 27946 444
08/13 -31916 31526 390
08/13 -35454 33675 1779
08/13 -37943 35946 1997
08/13 -40643 37731 2912
09/13 -40603 37784 2819
09/13 -39202 36933 2269
09/13 -34191 32936 1255
09/13 -34315 33244 1071
10/13 -31458 31187 271
10/13 -29602 28384 1218
10/13 -28218 27934 284
10/13 -30640 29212 1428
10/13 -33796 32087 1709
11/13 -37122 35089 2033
11/13 -38091 36257 1834
11/13 -33980 32586 1394
11/13 -28234 26719 1515
12/13 -24243 23437 806
12/13 -25083 23621 1462
12/13 -24902 23456 1446
12/13 -22285 21155 1130
12/13 -24236 22847 1389
01/14 -29319 27195 2124
01/14 -35543 32380 3163
01/14 -38619 34997 3622
01/14 -39724 36889 2835
02/14 -35956 33316 2640
02/14 -35155 32398 2757
02/14 -36636 33458 3178
02/14 -38423 35076 3347
03/14 -42731 39647 3084
03/14 -48838 44720 4118
03/14 -48701 44833 3868
03/14 -47906 44394 3512
04/14 -42873 40848 2025
04/14 -45779 43260 2519
04/14 -46871 44247 2624
04/14 -44598 42351 2247
04/14 -41979 40143 1836
05/14 -44845 42807 2038
05/14 -47637 46205 1432
05/14 -49725 46825 2900
05/14 -48658 45687 2971
06/14 -48833 45806 3027
06/14 -44607 42044 2563
06/14 -43720 41278 2442
06/14 -46351 43435 2916
07/14 -49976 46254 3722
07/14 -54069 50152 3917
07/14 -52660 48650 4010
07/14 -51796 48010 3786
07/14 -50869 47593 3276
08/14 -48891 46493 2398
08/14 -49812 46934 2878
08/14 -47578 45593 1985
08/14 -41990 40572 1418
09/14 -41463 40547 916
09/14 -38508 37624 884
09/14 -33697 33316 381
09/14 -28073 27841 232
09/14 -23786 23667 119
10/14 -24834 24379 455
10/14 -24414 24547 -133
10/14 -23039 22496 543
10/14 -22754 20950 1804
11/14 -21908 21320 588
11/14 -23548 22133 1415
11/14 -22670 20297 2373
11/14 -24834 22322 2512
12/14 -28626 25826 2800
12/14 -31527 27403 4124
12/14 -30740 26741 3999
12/14 -29950 26291 3659
12/14 -30879 27144 3735
01/15 -31179 27300 3879
01/15 -32663 28532 4131
01/15 -37620 33072 4548
01/15 -38685 34843 3842
02/15 -35328 32396 2932
02/15 -32123 29327 2796
02/15 -30122 27160 2962
02/15 -26724 24182 2542
03/15 -26518 23541 2977
03/15 -24322 22018 2304
03/15 -22656 20934 1722
03/15 -24232 22160 2072
03/15 -26284 24773 1511
04/15 -30361 28394 1967
04/15 -31113 29367 1746
04/15 -29232 27379 1853
04/15 -27454 25235 2219
05/15 -27452 25316 2136
05/15 -27174 25083 2091
05/15 -31849 29659 2190
05/15 -31529 29176 2353
06/15 -26573 24917 1656
06/15 -24607 23049 1558
06/15 -25527 23316 2211
06/15 -21983 19482 2501
06/15 -23898 21295 2603
07/15 -23307 21517 1790
07/15 -22331 20426 1905
07/15 -21885 20139 1746
07/15 -20609 19083 1526
08/15 -20455 18546 1909
08/15 -22035 19543 2492
08/15 -24167 22079 2088
08/15 -24885 23291 1594
09/15 -26100 24583 1517
09/15 -27057 25366 1691
09/15 -24051 23032 1019
09/15 -24635 22842 1793
09/15 -21511 19896 1615
10/15 -22647 20191 2456
10/15 -28781 26372 2409
10/15 -32218 29819 2399
10/15 -36058 33516 2542
11/15 -36970 35263 1707
11/15 -32610 29878 2732
11/15 -26223 22756 3467
11/15 -22359 18426 3933
12/15 -23050 18745 4305
12/15 -25711 21471 4240
12/15 -24811 21220 3591
12/15 -26776 22926 3850
12/15 -27355 23343 4012
01/16 -28082 23857 4225
01/16 -25689 22564 3125
01/16 -23018 20283 2735
01/16 -23992 21500 2492
02/16 -24282 21654 2628
02/16 -31768 28502 3266
02/16 -35588 32094 3494
02/16 -37226 33507 3719
03/16 -35036 31519 3517
03/16 -37615 33524 4091
03/16 -35928 31865 4063
03/16 -37022 32364 4658
03/16 -34048 30006 4042
04/16 -32324 28623 3701
04/16 -32993 28842 4151
04/16 -36778 31939 4839
04/16 -40278 34853 5425
05/16 -42631 36878 5753
05/16 -43477 38377 5100
05/16 -44603 39404 5199
05/16 -40959 36496 4463
05/16 -36011 32260 3751
06/16 -35569 31101 4468
06/16 -34665 30376 4289
06/16 -34357 29299 5058
06/16 -34537 29817 4720
07/16 -41787 36369 5418
07/16 -47336 42403 4933
07/16 -52351 47393 4958
07/16 -56002 50922 5080
08/16 -59374 53771 5603
08/16 -60317 55949 4368
08/16 -59569 54337 5232
08/16 -59054 54269 4785
08/16 -53324 48612 4712
09/16 -50887 45061 5826
09/16 -45383 41055 4328
09/16 -42635 38302 4333
09/16 -42126 37257 4869
10/16 -37387 33064 4323
10/16 -30465 26278 4187
10/16 -26020 21437 4583
10/16 -24621 20098 4523
11/16 -27937 23140 4797
11/16 -33238 29619 3619
11/16 -27039 24691 2348
11/16 -27564 24809 2755
11/16 -27192 24168 3024
12/16 -28370 24257 4113
12/16 -28616 25616 3000
12/16 -29777 26268 3509
12/16 -28864 25414 3450
01/17 -28807 24754 4053
01/17 -34772 30171 4601
01/17 -37383 33032 4351
01/17 -40602 36489 4113
01/17 -43149 38973 4176
02/17 -45031 40132 4899
02/17 -44568 39648 4920
02/17 -44456 39642 4814
02/17 -49993 44610 5383
03/17 -43527 38627 4900
03/17 -34192 30175 4017
03/17 -33510 28955 4555
03/17 -32157 27629 4528
04/17 -31491 26713 4778
04/17 -30677 26159 4518
04/17 -34493 29227 5266
04/17 -31426 27238 4188
05/17 -22811 17541 5270
05/17 -15161 10240 4921
05/17 -17256 12169 5087
05/17 -21033 16287 4746
05/17 -22021 17046 4975
06/17 -25113 19683 5430
06/17 -20154 15236 4918
06/17 -17519 12811 4708
06/17 -15203 10533 4670
07/17 -12598 8210 4388
07/17 -10254 5397 4857
07/17 -13870 8541 5329
07/17 -15067 10183 4884
08/17 -17920 12812 5108
08/17 -29127 24501 4626
08/17 -31866 27181 4685
08/17 -36415 31824 4591
08/17 -41007 35830 5177
09/17 -45299 37973 7326
09/17 -45171 37997 7174
09/17 -38665 31648 7017
09/17 -32118 25363 6755
10/17 -27921 21929 5992
10/17 -28848 22015 6833
10/17 -30343 24085 6258
10/17 -27083 20948 6135
10/17 -25448 19612 5836
11/17 -28072 22204 5868
11/17 -30978 25476 5502
11/17 -32057 26521 5536
11/17 -37804 32046 5758
12/17 -32886 27028 5858
12/17 -19188 12824 6364
12/17 -19454 12840 6614
12/17 -22461 16313 6148
01/18 -24111 17415 6696
01/18 -34655 28654 6001
01/18 -40656 34698 5958
01/18 -48846 42916 5930
01/18 -49316 43393 5923
02/18 -47028 41819 5209
02/18 -44411 38371 6040
02/18 -47367 41753 5614
02/18 -47458 41751 5707
03/18 -42345 35641 6704
03/18 -39882 33433 6449
03/18 -34525 29071 5454
03/18 -32979 28039 4940
04/18 -28491 23743 4748
04/18 -24106 19000 5106
04/18 -23232 17647 5585
04/18 -22857 17832 5025
05/18 -16672 10764 5908
05/18 -16073 10388 5685
05/18 -13765 8196 5569
05/18 -7987 1462 6525
05/18 -10172 4016 6156
06/18 -8638 2146 6492
06/18 -10168 3561 6607
06/18 -2076 -5161 7237
06/18 -656 -6115 6771
07/18 520 -6902 6382
07/18 366 -6867 6501
07/18 3170 -9644 6474
07/18 1817 -8116 6299
07/18 1430 -8183 6753
08/18 1490 -8143 6653
08/18 3600 -10182 6582
08/18 4448 -10992 6544
08/18 3885 -10976 7091
09/18 5690 -11916 6226
09/18 1140 -7568 6428
09/18 -3848 -2210 6058
09/18 -8222 2690 5532
10/18 -11659 7049 4610
10/18 -12808 8226 4582
10/18 -18744 13080 5664
10/18 -16298 11662 4636
10/18 -19579 14723 4856
11/18 -29293 23924 5369
11/18 -26722 21991 4731
11/18 -26702 21785 4917
11/18 -27731 22815 4916
12/18 -20688 14626 6062
12/18 -17073 10991 6082
12/18 -17831 11387 6444
12/18 -18798 11670 7128
12/18 -19424 12457 6967
01/19 -20221 11986 8235
01/19 -15778 7729 8049
01/19 -11315 2435 8880
01/19 -12732 4617 8115
02/19 -14124 5994 8130
02/19 -6670 -1606 8276
02/19 -9501 1547 7954
02/19 -23665 15745 7920
03/19 -27761 21463 6298
03/19 -23509 16348 7161
03/19 -24668 17581 7087
03/19 -30613 24207 6406
04/19 -29389 23355 6034
04/19 -39157 31844 7313
04/19 -38132 31111 7021
04/19 -38427 31080 7347
04/19 -40825 33322 7503
05/19 -35137 28693 6444
05/19 -32055 25750 6305
05/19 -22326 15490 6836
05/19 -15225 7891 7334
06/19 -14989 7069 7920
06/19 -15181 6952 8229
06/19 -11239 1970 9269
06/19 -11403 1986 9417
07/19 -17298 9297 8001
07/19 -14386 6693 7693
07/19 -22943 15592 7351
07/19 -27833 20890 6943
07/19 -33575 25768 7807
08/19 -30457 21944 8513
08/19 -29217 21676 7541
08/19 -27148 19615 7533
08/19 -31206 22987 8219
09/19 -41396 33159 8237
09/19 -42774 34919 7855
09/19 -41690 33648 8042
09/19 -43584 34979 8605
10/19 -35432 26598 8834
10/19 -36196 26814 9382
10/19 -42877 33601 9276
10/19 -45087 35716 9371
10/19 -48376 42297 6079
11/19 -53912 45695 8217
11/19 -47384 38459 8925
11/19 -50705 42085 8620
11/19 -54036 45069 8967
12/19 -54576 45529 9047
12/19 -58106 49577 8529
12/19 -62408 54276 8132
12/19 -64306 56492 7814
12/19 -70417 62163 8254
01/20 -70857 62281 8576
01/20 -72607 64525 8082
01/20 -76142 67391 8751
01/20 -75338 67596 7742
02/20 -70896 62780 8116
02/20 -69336 61840 7496
02/20 -70285 61615 8670
02/20 -58864 50201 8663
03/20 -40679 34037 6642
03/20 -39297 33247 6050
03/20 -31879 27647 4232
03/20 -27479 22296 5183
03/20 -23838 19848 3990
04/20 -22688 19021 3667
04/20 -21779 17796 3983
04/20 -18278 15287 2991
04/20 -20214 17334 2880
05/20 -20977 18246 2731
05/20 -20938 18155 2783
05/20 -25790 22013 3777
05/20 -26794 23023 3771
06/20 -26051 21592 4459
06/20 -24470 19715 4755
06/20 -22489 19111 3378
06/20 -21898 17763 4135
06/20 -19268 15848 3420
07/20 -21243 17315 3928
07/20 -20918 16304 4614
07/20 -24863 20412 4451
07/20 -27314 22412 4902
08/20 -25569 19506 6063
08/20 -27912 22272 5640
08/20 -28078 21812 6266
08/20 -26395 19913 6482
09/20 -27026 19455 7571
09/20 -22276 15271 7005
09/20 -26086 19437 6649
09/20 -17482 10260 7222
09/20 -15157 9824 5333
10/20 -14219 8595 5624
10/20 -14518 8911 5607
10/20 -13986 7825 6161
10/20 -15993 10051 5942
11/20 -15784 9763 6021
11/20 -17232 11599 5633
11/20 -22025 16172 5853
11/20 -24467 18765 5702
12/20 -28157 22026 6131
12/20 -32802 24502 8300
12/20 -33667 25076 8591
12/20 -32613 24705 7908
12/20 -33313 25829 7484
01/21 -35120 27622 7498
01/21 -35212 27459 7753
01/21 -35416 27886 7530
01/21 -37056 29538 7518
02/21 -37826 30210 7616
02/21 -43429 36200 7229
02/21 -45209 36577 8632
02/21 -43619 34967 8652
03/21 -38897 30533 8364
03/21 -36779 28037 8742
03/21 -39773 31443 8330
03/21 -38252 30226 8026
03/21 -38376 30606 7770
04/21 -40981 32748 8233
04/21 -34266 24632 9634
04/21 -34420 25685 8735
04/21 -37784 29296 8488
05/21 -36907 28231 8676
05/21 -36792 27267 9525
05/21 -35696 25814 9882
05/21 -32422 22987 9435
06/21 -33616 24045 9571
06/21 -29929 20164 9765
06/21 -28799 20057 8742
06/21 -20925 12940 7985
06/21 -21889 14744 7145
07/21 -21181 13576 7605
07/21 -22492 15361 7131
07/21 -20411 12113 8298
07/21 -19109 11795 7314
08/21 -16734 8804 7930
08/21 -13160 5819 7341
08/21 -14997 8358 6639
08/21 -15311 9143 6168
08/21 -14101 8057 6044
09/21 -13503 6349 7154
09/21 -6348 -1067 7415
09/21 -6995 1218 5777
09/21 -10185 5653 4532
10/21 -10403 5515 4888
10/21 -16756 10919 5837
10/21 -21176 14844 6332
10/21 -21280 14902 6378
11/21 -21964 15364 6600
11/21 -24263 17630 6633
11/21 -28225 21013 7212
11/21 -20272 13135 7137
11/21 -14696 8948 5748
12/21 -12138 6062 6076
12/21 -9661 3731 5930
12/21 -7717 1268 6449
12/21 -10655 4469 6186
01/22 -12185 6762 5423
01/22 -10952 5289 5663
01/22 -12911 7229 5682
01/22 -19227 13792 5435
02/22 -19786 14581 5205
02/22 -16638 11759 4879
02/22 -16020 10132 5888
02/22 -22887 17540 5347
03/22 -24196 16890 7306
03/22 -32358 25833 6525
03/22 -25692 17932 7760
03/22 -27047 19815 7232
03/22 -20754 14001 6753
04/22 -17905 11290 6615
04/22 -13233 6415 6818
04/22 -13812 7537 6275
04/22 -3986 -2357 6343
05/22 -3667 -1541 5208
05/22 -5373 1363 4010
05/22 -6697 2203 4494
05/22 -6683 1485 5198
05/22 -6501 2363 4138
06/22 -9742 5933 3809
06/22 -6793 2214 4579
06/22 -6397 1491 4906
06/22 -3381 -1306 4687
07/22 -1670 -2734 4404
07/22 1235 -5911 4676
07/22 -273 -4282 4555
07/22 -171 -4468 4639
08/22 -1708 -2541 4249
08/22 -4055 846 3209
08/22 -6361 2940 3421
08/22 -3049 -576 3625
08/22 646 -5378 4732
09/22 3152 -6751 3599
09/22 -2051 -1879 3930
09/22 -5496 2390 3106
09/22 -2525 161 2364
10/22 -7137 3281 3856
10/22 -8690 5928 2762
10/22 -11632 8494 3138
10/22 -14971 11381 3590
11/22 -19690 15987 3703
11/22 -23295 19449 3846
11/22 -27037 22544 4493
11/22 -27538 22490 5048
11/22 -28762 24259 4503
12/22 -30148 25636 4512
12/22 -32624 28445 4179
12/22 -29524 24052 5472
12/22 -29564 24666 4898
01/23 -33157 30503 2654
01/23 -34346 30702 3644
01/23 -28913 23544 5369
01/23 -25819 20261 5558
01/23 -22213 16137 6076
02/23 -16529 10620 5909
02/23 -12265 5998 6267
02/23 -8394 2905 5489
02/23 -9876 5297 4579
03/23 -8857 5145 3712
03/23 -14322 10573 3749
03/23 -14141 9526 4615
03/23 -14781 10374 4407
04/23 -19201 15423 3778
04/23 -18511 13333 5178
04/23 -28202 24319 3883
04/23 -34316 29617 4699
05/23 -31394 26687 4707
05/23 -32484 28084 4400
05/23 -30405 25823 4582
05/23 -32157 27479 4678
05/23 -27973 23406 4567
06/23 -28747 24613 4134
06/23 -27285 21972 5313
06/23 -25052 19472 5580
06/23 -18627 12160 6467
07/23 -13570 8067 5503
07/23 -13912 7787 6125
07/23 -19674 15736 3938
07/23 -20441 15487 4954
08/23 -17459 12290 5169
08/23 -8591 2992 5599
08/23 -5866 1 5865
08/23 -6313 834 5479
08/23 -18431 15038 3393
09/23 -19001 14602 4399
09/23 -12396 6721 5675
09/23 -14632 9994 4638
09/23 -12349 7326 5023
10/23 -7514 2616 4898
10/23 -5138 -36 5174
10/23 -5451 349 5102
10/23 -4832 -480 5312
10/23 -14186 10826 3360
11/23 -11996 6958 5038
11/23 -2365 -3996 6361
11/23 -11257 7136 4121
11/23 -14272 10034 4238
12/23 -9183 5133 4050
12/23 -11713 7709 4004
12/23 -21545 16998 4547
12/23 -27645 23662 3983
01/24 -32850 29039 3811
01/24 -28380 23541 4839
01/24 -18498 12557 5941
01/24 -15097 8341 6756
01/24 -17074 11549 5525
02/24 -15729 9534 6195
02/24 -8229 1938 6291
02/24 -14471 8495 5976
02/24 -9201 3601 5600
03/24 -3266 -4364 7630
03/24 -13041 7419 5622
03/24 -13078 6280 6798
03/24 -12475 7195 5280
04/24 -13982 8589 5393
04/24 -24316 19007 5309
04/24 -23614 18241 5373
04/24 -14798 7464 7334
04/24 -12570 6797 5773
05/24 -18348 13660 4688
05/24 -28194 24447 3747
05/24 -31634 27649 3985
05/24 -32140 27567 4573
06/24 -28123 22566 5557
06/24 -23011 15698 7313
06/24 -23348 15864 7484
06/24 -27352 20603 6749
07/24 -30013 23956 6057
07/24 -29563 22666 6897
07/24 -29083 21948 7135
07/24 -20175 12208 7967
07/24 -21025 14314 6711
08/24 -15925 10291 5634
08/24 -18610 11939 6671
08/24 -21273 14826 6447
08/24 -22157 15733 6424
09/24 -10141 1388 8753
09/24 -16416 10003 6413
09/24 -27031 21978 5053
09/24 -29540 24401 5139
10/24 -33718 28132 5586
10/24 -31009 23657 7352
10/24 -34539 28387 6152
