10/94 199 -145 -54
10/94 216 -401 185
10/94 334 -419 85
10/94 326 -278 -48
11/94 283 -151 -132
11/94 14 98 -112
11/94 90 94 -184
11/94 139 14 -153
11/94 154 -3 -151
12/94 -51 1 50
12/94 -92 88 4
12/94 -178 142 36
12/94 -163 123 40
01/95 45 -25 -20
01/95 108 -159 51
01/95 -606 493 113
01/95 -308 319 -11
01/95 -370 267 103
02/95 18 34 -52
02/95 93 -29 -64
02/95 76 70 -146
02/95 125 101 -226
03/95 -109 159 -50
03/95 -90 92 -2
03/95 -112 59 53
03/95 -139 86 53
04/95 -247 79 168
04/95 -100 -155 255
04/95 -461 100 361
04/95 -726 498 228
05/95 -590 516 74
05/95 -610 274 336
05/95 -1074 670 404
05/95 -1199 811 388
05/95 -1006 930 76
06/95 -1580 1262 318
06/95 -466 253 213
06/95 -605 197 408
06/95 -530 16 514
07/95 -512 170 342
07/95 -683 -73 756
07/95 -713 128 585
07/95 -697 24 673
08/95 -713 -85 798
08/95 -414 -338 752
08/95 -417 -246 663
08/95 -467 -477 944
08/95 -448 -459 907
09/95 -540 -117 657
09/95 -472 -70 542
09/95 -118 -212 330
09/95 -46 -388 434
10/95 -94 -188 282
10/95 -245 -388 633
10/95 -188 -543 731
10/95 -305 -446 751
10/95 -535 -34 569
11/95 -797 -7 804
11/95 -853 -4 857
11/95 -518 114 404
11/95 -591 165 426
12/95 -369 118 251
12/95 -371 140 231
12/95 -491 236 255
12/95 -486 177 309
01/96 -354 -27 381
01/96 -371 204 167
01/96 -298 363 -65
01/96 217 45 -262
01/96 382 -104 -278
02/96 236 -106 -130
02/96 92 -38 -54
02/96 -334 219 115
02/96 -299 10 289
03/96 -354 161 193
03/96 -339 92 247
03/96 -464 108 356
03/96 -829 305 524
04/96 -972 223 749
04/96 -1127 -88 1215
04/96 -1382 17 1365
04/96 -1311 241 1070
04/96 -1426 401 1025
05/96 -1292 546 746
05/96 -1242 470 772
05/96 -1174 526 648
05/96 -1172 422 750
06/96 -1081 640 441
06/96 -1182 398 784
06/96 -1271 619 652
06/96 -1185 467 718
07/96 -1258 561 697
07/96 -1304 577 727
07/96 -1394 589 805
07/96 -1310 613 697
07/96 -1399 583 816
08/96 -1223 467 756
08/96 -1320 347 973
08/96 -1260 206 1054
08/96 -1328 373 955
09/96 -1295 353 942
09/96 -1297 443 854
09/96 -936 247 689
09/96 -1034 252 782
10/96 -797 146 651
10/96 -813 155 658
10/96 -790 130 660
10/96 -753 -98 851
10/96 -850 78 772
11/96 -1267 396 871
11/96 -1312 421 891
11/96 -1155 756 399
11/96 -992 703 289
12/96 -956 644 312
12/96 -940 701 239
12/96 -794 610 184
12/96 -949 890 59
12/96 -1077 1114 -37
01/97 -978 1092 -114
01/97 -1294 1125 169
01/97 -1199 1052 147
01/97 -1065 870 195
02/97 -1180 856 324
02/97 -1010 548 462
02/97 -802 595 207
02/97 -576 603 -27
03/97 -643 524 119
03/97 -571 187 384
03/97 -746 179 567
03/97 -678 -93 771
04/97 -842 136 706
04/97 -767 -341 1108
04/97 -807 -152 959
04/97 -789 -148 937
04/97 -715 -571 1286
05/97 -477 -841 1318
05/97 -722 -347 1069
05/97 -906 -62 968
05/97 -1138 46 1092
06/97 -1003 9 994
06/97 -1010 91 919
06/97 -1014 131 883
06/97 -1722 1060 662
07/97 -1380 -38 1418
07/97 -1166 -153 1319
07/97 -1302 150 1152
07/97 -1522 428 1094
07/97 -64 310 -246
08/97 -170 383 -213
08/97 -446 633 -187
08/97 -880 1066 -186
08/97 -787 957 -170
09/97 -550 755 -205
09/97 -778 857 -79
09/97 -1396 1070 326
09/97 -1446 1207 239
09/97 -1057 1184 -127
10/97 -1531 1142 389
10/97 -1588 1306 282
10/97 -1515 1514 1
10/97 -1346 1630 -284
11/97 -1307 1631 -324
11/97 -1367 1559 -192
11/97 -1290 1363 -73
11/97 -1073 1370 -297
12/97 -1068 1320 -252
12/97 -1063 1218 -155
12/97 -1371 1325 46
12/97 -1167 1255 -88
12/97 -1255 1416 -161
12/97 -1203 1400 -197
01/98 -462 778 -316
01/98 22 457 -479
01/98 -120 525 -405
01/98 -85 364 -279
02/98 -64 400 -336
02/98 -215 486 -271
02/98 -222 592 -370
02/98 220 363 -583
03/98 -139 599 -460
03/98 65 801 -866
03/98 -21 718 -697
03/98 10 556 -566
03/98 -151 661 -510
04/98 -431 526 -95
04/98 -185 377 -192
04/98 -127 313 -186
04/98 -79 397 -318
05/98 -523 593 -70
05/98 -709 517 192
05/98 -649 816 -167
05/98 -764 973 -209
06/98 -42 445 -403
06/98 315 181 -496
06/98 420 75 -495
06/98 662 -115 -547
06/98 1176 -591 -585
07/98 1244 -665 -579
07/98 627 -200 -427
07/98 769 -203 -566
07/98 948 -369 -579
08/98 919 -554 -365
08/98 718 -410 -308
08/98 276 -63 -213
08/98 1007 -658 -349
09/98 987 -421 -566
09/98 631 -205 -426
09/98 714 -298 -416
09/98 738 -273 -465
09/98 596 -245 -351
10/98 777 -403 -374
10/98 555 -261 -294
10/98 520 -280 -240
10/98 1570 -1089 -481
11/98 1681 -1168 -513
11/98 1713 -1276 -437
11/98 1740 -1357 -383
11/98 1832 -1406 -426
12/98 1830 -1307 -523
12/98 1637 -1221 -416
12/98 1835 -1138 -697
12/98 2044 -1250 -794
12/98 1317 -919 -398
01/99 1257 -1156 -101
01/99 1243 -1025 -218
01/99 2021 -1434 -587
01/99 2308 -1403 -905
02/99 2489 -1568 -921
02/99 2806 -1684 -1122
02/99 2813 -1714 -1099
02/99 2331 -1896 -435
03/99 2628 -1788 -840
03/99 2478 -1798 -680
03/99 1953 -1373 -580
03/99 1690 -972 -718
03/99 1749 -990 -759
04/99 1984 -1222 -762
04/99 1904 -1184 -720
04/99 1769 -1035 -734
04/99 2288 -1167 -1121
05/99 1861 -1022 -839
05/99 2030 -1256 -774
05/99 1900 -1162 -738
05/99 1780 -1027 -753
06/99 1739 -918 -821
06/99 1843 -1128 -715
06/99 1676 -1057 -619
06/99 1041 -543 -498
06/99 1521 -794 -727
07/99 1770 -695 -1075
07/99 1990 -965 -1025
07/99 2066 -1048 -1018
07/99 2038 -1000 -1038
08/99 1573 -953 -620
08/99 1549 -829 -720
08/99 1442 -708 -734
08/99 1587 -974 -613
08/99 1278 -921 -357
09/99 828 -704 -124
09/99 621 -514 -107
09/99 597 -327 -270
09/99 454 -337 -117
10/99 -465 -234 699
10/99 -245 -102 347
10/99 -448 -29 477
10/99 -372 -200 572
11/99 -474 61 413
11/99 -443 -48 491
11/99 -533 -100 633
11/99 -1449 -147 1596
11/99 -2352 113 2239
12/99 -2427 268 2159
12/99 -2041 298 1743
12/99 -953 -248 1201
12/99 -776 -291 1067
01/00 -361 -559 920
01/00 -248 -674 922
01/00 -517 -691 1208
01/00 -1589 -832 2421
02/00 -1800 -605 2405
02/00 -1463 -535 1998
02/00 -1239 -496 1735
02/00 -1016 -600 1616
02/00 -796 -122 918
03/00 -716 -438 1154
03/00 -871 -525 1396
03/00 -1059 -424 1483
03/00 -973 -657 1630
04/00 -766 -775 1541
04/00 -658 -1101 1759
04/00 -762 -1241 2003
04/00 356 -1689 1333
05/00 211 -1437 1226
05/00 -24 -1447 1471
05/00 -133 -1228 1361
05/00 -321 -1524 1845
05/00 -434 -1271 1705
06/00 -553 -1396 1949
06/00 -94 -1137 1231
06/00 -89 -586 675
06/00 403 -684 281
07/00 1091 -360 -731
07/00 902 -201 -701
07/00 1320 -409 -911
07/00 1144 -334 -810
08/00 1174 -194 -980
08/00 1149 -209 -940
08/00 1163 -102 -1061
08/00 759 77 -836
08/00 299 12 -311
09/00 -138 260 -122
09/00 -528 235 293
09/00 -1077 389 688
09/00 -867 612 255
10/00 -1302 971 331
10/00 -1552 1007 545
10/00 -1434 731 703
10/00 -1684 646 1038
10/00 -1391 437 954
11/00 -1475 436 1039
11/00 -1526 483 1043
11/00 -1513 722 791
11/00 -1408 654 754
12/00 -1057 603 454
12/00 -906 305 601
12/00 631 -512 -119
12/00 728 -678 -50
01/01 883 -753 -130
01/01 701 -595 -106
01/01 747 -559 -188
01/01 789 -466 -323
01/01 895 -490 -405
02/01 1053 -607 -446
02/01 941 -677 -264
02/01 1190 -912 -278
02/01 1203 -926 -277
03/01 812 -788 -24
03/01 848 -821 -27
03/01 925 -595 -330
03/01 907 -432 -475
04/01 886 -474 -412
04/01 838 -392 -446
04/01 791 -312 -479
04/01 922 -587 -335
05/01 755 -343 -412
05/01 764 -355 -409
05/01 728 -201 -527
05/01 682 -102 -580
05/01 605 -74 -531
06/01 32 -14 -18
06/01 -476 36 440
06/01 -1431 98 1333
06/01 -791 324 467
07/01 -525 314 211
07/01 -668 221 447
07/01 -650 374 276
07/01 -426 315 111
08/01 -550 377 173
08/01 -606 457 149
08/01 -403 310 93
08/01 -155 201 -46
09/01 -360 300 60
09/01 -213 171 42
09/01 61 67 -128
09/01 129 109 -238
10/01 38 48 -86
10/01 -146 15 131
10/01 -101 46 55
10/01 368 -142 -226
10/01 524 -136 -388
11/01 422 -243 -179
11/01 -27 -140 167
11/01 -359 -10 369
11/01 -609 -186 795
12/01 -900 -162 1062
12/01 -541 -163 704
12/01 -358 -405 763
12/01 -545 -130 675
12/01 -234 -247 481
01/02 -263 -386 649
01/02 -422 -289 711
01/02 -210 -644 854
01/02 -302 -620 922
02/02 -298 -529 827
02/02 -504 -406 910
02/02 -394 -448 842
02/02 -421 -465 886
03/02 574 -1123 549
03/02 436 -1189 753
03/02 486 -1435 949
03/02 246 -1476 1230
04/02 122 -1400 1278
04/02 117 -1326 1209
04/02 544 -1465 921
04/02 380 -1376 996
04/02 639 -1063 424
05/02 587 -958 371
05/02 607 -1062 455
05/02 267 -824 557
05/02 -51 -853 904
06/02 -1585 -740 2325
06/02 -224 -836 1060
06/02 -188 -1051 1239
06/02 -174 -1005 1179
07/02 -869 -902 1771
07/02 -638 -909 1547
07/02 -487 -1117 1604
07/02 -1725 -479 2204
07/02 -1879 -284 2163
08/02 -1703 -173 1876
08/02 -911 -594 1505
08/02 -824 -434 1258
08/02 -977 -511 1488
09/02 -1280 204 1076
09/02 -991 127 864
09/02 -1411 96 1315
09/02 -1489 16 1473
10/02 -1774 33 1741
10/02 -1281 -15 1296
10/02 -885 -396 1281
10/02 -903 -198 1101
10/02 -998 -426 1424
11/02 -1823 32 1791
11/02 -2162 2 2160
11/02 -2449 28 2421
11/02 -2521 56 2465
12/02 -2504 120 2384
12/02 -2766 279 2487
12/02 -2500 150 2350
12/02 -2229 240 1989
12/02 -1770 -5 1775
01/03 -2005 -408 2413
01/03 -2944 -3 2947
01/03 -3141 3 3138
01/03 -3212 47 3165
02/03 -3626 152 3474
02/03 -4555 311 4244
02/03 -4396 252 4144
02/03 -4758 639 4119
03/03 -4549 430 4119
03/03 -4802 650 4152
03/03 -5324 744 4580
03/03 -5204 640 4564
04/03 -5113 740 4373
04/03 -4530 233 4297
04/03 -3744 219 3525
04/03 -3944 188 3756
04/03 -4047 245 3802
05/03 -4708 1130 3578
05/03 -3953 794 3159
05/03 -3139 1011 2128
05/03 -3227 1199 2028
06/03 -2945 984 1961
06/03 -2662 702 1960
06/03 -2444 578 1866
06/03 -2041 157 1884
07/03 -1826 824 1002
07/03 -1951 897 1054
07/03 -2552 584 1968
07/03 -2763 521 2242
07/03 -3014 693 2321
08/03 -3161 562 2599
08/03 -3184 497 2687
08/03 -3007 500 2507
08/03 -2847 586 2261
09/03 -2255 661 1594
09/03 -1664 641 1023
09/03 -1424 391 1033
09/03 -1850 551 1299
09/03 -1629 503 1126
10/03 -1162 652 510
10/03 -834 376 458
10/03 -164 141 23
10/03 -1243 488 755
11/03 -2032 782 1250
11/03 -2514 1140 1374
11/03 -3883 1461 2422
11/03 -4116 1525 2591
12/03 -4499 1849 2650
12/03 -4646 1988 2658
12/03 -4944 2386 2558
12/03 -4177 1837 2340
12/03 -4647 2558 2089
01/04 -5009 2482 2527
01/04 -5023 2618 2405
01/04 -5105 2664 2441
01/04 -4588 2833 1755
02/04 -3222 2045 1177
02/04 -2335 1530 805
02/04 -2426 1452 974
02/04 -2419 1235 1184
03/04 -2526 1234 1292
03/04 -3283 1712 1571
03/04 -3357 1701 1656
03/04 -3505 1938 1567
03/04 -3157 1856 1301
04/04 -3129 2051 1078
04/04 -3149 2104 1045
04/04 -3150 1983 1167
04/04 -3606 2206 1400
05/04 -3365 1892 1473
05/04 -3686 2005 1681
05/04 -3189 1936 1253
05/04 -2798 1836 962
06/04 -2464 1991 473
06/04 -2256 1765 491
06/04 -2097 1710 387
06/04 -1659 1733 -74
06/04 -571 847 -276
07/04 -323 1032 -709
07/04 66 898 -964
07/04 132 783 -915
07/04 69 640 -709
08/04 480 234 -714
08/04 342 256 -598
08/04 411 165 -576
08/04 441 51 -492
08/04 79 227 -306
09/04 118 33 -151
09/04 69 -3 -66
09/04 461 56 -517
09/04 672 65 -737
10/04 534 29 -563
10/04 1037 -296 -741
10/04 802 -188 -614
10/04 930 -524 -406
11/04 991 -594 -397
11/04 692 -496 -196
11/04 586 -341 -245
11/04 610 -377 -233
11/04 205 -275 70
12/04 -495 -71 566
12/04 -288 -25 313
12/04 -719 2 717
12/04 -790 27 763
01/05 -356 57 299
01/05 -141 115 26
01/05 -57 78 -21
01/05 -115 88 27
02/05 622 -207 -415
02/05 626 -238 -388
02/05 291 -265 -26
02/05 489 -532 43
03/05 166 -40 -126
03/05 -605 626 -21
03/05 -1519 1122 397
03/05 -1762 1147 615
03/05 -2013 1384 629
04/05 -1967 1479 488
04/05 -2636 1800 836
04/05 -3003 1997 1006
04/05 -2917 1944 973
05/05 -3038 1910 1128
05/05 -3459 2571 888
05/05 -3547 2839 708
05/05 -3345 2773 572
05/05 -2932 2727 205
06/05 -2458 2490 -32
06/05 -2262 2706 -444
06/05 -1798 2458 -660
06/05 -1490 2128 -638
07/05 -1307 1862 -555
07/05 -984 1553 -569
07/05 -1049 1514 -465
07/05 -1209 1788 -579
08/05 -1068 1588 -520
08/05 -1046 1464 -418
08/05 -915 1381 -466
08/05 -821 1400 -579
08/05 -1056 1399 -343
09/05 -1026 1479 -453
09/05 -676 1355 -679
09/05 -722 1319 -597
09/05 -1311 1334 -23
10/05 -2136 1992 144
10/05 -2265 1828 437
10/05 -2482 1901 581
10/05 -2117 1756 361
11/05 -2497 2107 390
11/05 -3667 2815 852
11/05 -3759 2975 784
11/05 -3603 2905 698
11/05 -3940 3054 886
12/05 -3693 2604 1089
12/05 -4059 2749 1310
12/05 -4475 3169 1306
12/05 -4445 3060 1385
01/06 -5010 3240 1770
01/06 -5488 3783 1705
01/06 -5774 3983 1791
01/06 -5747 3909 1838
01/06 -6264 4197 2067
02/06 -6722 4522 2200
02/06 -6031 4244 1787
02/06 -5386 4108 1278
02/06 -5024 3627 1397
03/06 -4979 3684 1295
03/06 -5159 3931 1228
03/06 -4332 3255 1077
03/06 -4162 3232 930
04/06 -4693 3107 1586
04/06 -4505 3198 1307
04/06 -4683 3321 1362
04/06 -4331 3158 1173
05/06 -3782 2852 930
05/06 -3835 3046 789
05/06 -5292 3693 1599
05/06 -5929 3905 2024
05/06 -7114 4697 2417
06/06 -6908 4615 2293
06/06 -6545 4544 2001
06/06 -5755 3718 2037
06/06 -5829 3825 2004
07/06 -6351 4118 2233
07/06 -6153 3971 2182
07/06 -6260 3994 2266
07/06 -6163 3871 2292
08/06 -5381 3507 1874
08/06 -4733 3110 1623
08/06 -5937 4256 1681
08/06 -5534 3847 1687
08/06 -4618 3200 1418
09/06 -2777 1494 1283
09/06 -2857 1827 1030
09/06 -3452 2350 1102
09/06 -3456 2405 1051
10/06 -3794 2193 1601
10/06 -3919 2279 1640
10/06 -3129 1783 1346
10/06 -2680 1402 1278
10/06 -2213 992 1221
11/06 -3711 1775 1936
11/06 -3763 1945 1818
11/06 -3934 2075 1859
11/06 -3931 2141 1790
12/06 -4076 2165 1911
12/06 -4033 2292 1741
12/06 -4047 2214 1833
12/06 -4519 2419 2100
01/07 -5100 3122 1978
01/07 -6338 4007 2331
01/07 -8164 5658 2506
01/07 -7668 5329 2339
01/07 -6891 4716 2175
02/07 -6290 4032 2258
02/07 -6151 3953 2198
02/07 -5669 3816 1853
02/07 -6272 4423 1849
03/07 -6783 4511 2272
03/07 -7448 5077 2371
03/07 -6329 3939 2390
03/07 -5009 2878 2131
04/07 -4721 2978 1743
04/07 -4739 3012 1727
04/07 -4702 3075 1627
04/07 -4105 2552 1553
05/07 -3575 2096 1479
05/07 -4281 2724 1557
05/07 -4471 3015 1456
05/07 -3912 2469 1443
05/07 -3775 2281 1494
06/07 -3474 2083 1391
06/07 -3070 1867 1203
06/07 -4798 3666 1132
06/07 -4634 3373 1261
07/07 -4399 3191 1208
07/07 -4148 2811 1337
07/07 -2744 1701 1043
07/07 -2551 1452 1099
07/07 -2502 1311 1191
08/07 -3138 1855 1283
08/07 -3188 2063 1125
08/07 -2738 1766 972
08/07 -2824 1614 1210
09/07 -3450 2131 1319
09/07 -3945 2323 1622
09/07 -4376 2668 1708
09/07 -4893 3206 1687
10/07 -6103 3957 2146
10/07 -6794 4600 2194
10/07 -6347 4070 2277
10/07 -6614 4326 2288
10/07 -6789 4576 2213
11/07 -8328 6175 2153
11/07 -8875 6834 2041
11/07 -9114 7088 2026
11/07 -9346 7158 2188
12/07 -9277 7206 2071
12/07 -9153 6883 2270
12/07 -9216 6585 2631
12/07 -9887 7401 2486
12/07 -9494 6997 2497
01/08 -10216 7296 2920
01/08 -10490 7593 2897
01/08 -8999 6148 2851
01/08 -9518 7034 2484
02/08 -10561 7573 2988
02/08 -10752 7749 3003
02/08 -11154 7883 3271
02/08 -11015 7723 3292
03/08 -11266 7781 3485
03/08 -10447 7432 3015
03/08 -10317 7027 3290
03/08 -9995 7175 2820
04/08 -9968 6739 3229
04/08 -10202 6974 3228
04/08 -9968 6950 3018
04/08 -9541 6618 2923
04/08 -8274 6098 2176
05/08 -6353 4179 2174
05/08 -6297 4053 2244
05/08 -6280 4220 2060
05/08 -6448 4221 2227
06/08 -6015 4129 1886
06/08 -5719 3735 1984
06/08 -5718 3653 2065
06/08 -5194 3121 2073
07/08 -4392 2318 2074
07/08 -3626 1966 1660
07/08 -3264 1769 1495
07/08 -2675 1632 1043
07/08 -2127 1230 897
08/08 -1662 1103 559
08/08 -1235 809 426
08/08 -1373 1020 353
08/08 -2101 1608 493
09/08 -1979 1387 592
09/08 -2056 1377 679
09/08 -1936 1263 673
09/08 -2343 1544 799
09/08 -1666 1032 634
10/08 -1066 641 425
10/08 -367 350 17
10/08 -740 1054 -314
10/08 -354 802 -448
11/08 -240 781 -541
11/08 -48 604 -556
11/08 151 587 -738
11/08 262 782 -1044
12/08 364 656 -1020
12/08 132 710 -842
12/08 54 603 -657
12/08 6 573 -579
12/08 -139 653 -514
01/09 -242 570 -328
01/09 -108 558 -450
01/09 -64 530 -466
01/09 504 372 -876
02/09 984 -224 -760
02/09 767 117 -884
02/09 926 167 -1093
02/09 957 98 -1055
03/09 926 88 -1014
03/09 677 34 -711
03/09 1205 -86 -1119
03/09 772 198 -970
03/09 611 265 -876
04/09 452 376 -828
04/09 -148 441 -293
04/09 132 445 -577
04/09 -43 746 -703
05/09 -661 1122 -461
05/09 -104 858 -754
05/09 88 781 -869
05/09 240 451 -691
06/09 -539 500 39
06/09 -1140 959 181
06/09 -1160 1006 154
06/09 -977 841 136
06/09 -664 624 40
07/09 -825 690 135
07/09 -1414 784 630
07/09 -1874 1155 719
07/09 -2954 1895 1059
08/09 -3666 2348 1318
08/09 -3868 2781 1087
08/09 -3038 2347 691
08/09 -2196 1842 354
09/09 -2689 1997 692
09/09 -3088 2140 948
09/09 -2952 2318 634
09/09 -2633 2149 484
09/09 -1888 1585 303
10/09 -1587 1084 503
10/09 -2978 1987 991
10/09 -3566 2050 1516
10/09 -4100 2242 1858
11/09 -6313 4091 2222
11/09 -7141 4598 2543
11/09 -7905 4918 2987
11/09 -8962 5639 3323
12/09 -9924 6318 3606
12/09 -10150 6303 3847
12/09 -10751 6773 3978
12/09 -9085 5993 3092
12/09 -8257 5371 2886
01/10 -8040 5274 2766
01/10 -7547 4935 2612
01/10 -6735 4434 2301
01/10 -5394 3747 1647
02/10 -5180 3216 1964
02/10 -5135 3504 1631
02/10 -5216 3486 1730
02/10 -3362 2206 1156
03/10 -2892 1931 961
03/10 -1843 1785 58
03/10 -1213 843 370
03/10 -1213 769 444
03/10 -916 501 415
04/10 -1191 602 589
04/10 -1690 994 696
04/10 -1272 830 442
04/10 182 -505 323
05/10 394 -512 118
05/10 590 -912 322
05/10 723 -814 91
05/10 593 -721 128
06/10 521 -670 149
06/10 196 40 -236
06/10 -131 -54 185
06/10 -291 137 154
06/10 536 -224 -312
07/10 596 -768 172
07/10 489 -863 374
07/10 -171 -804 975
07/10 -1009 -369 1378
08/10 -2052 -81 2133
08/10 -2695 220 2475
08/10 -3720 1065 2655
08/10 -4563 1648 2915
08/10 -4142 1413 2729
09/10 -4247 1122 3125
09/10 -4526 1442 3084
09/10 -4290 879 3411
09/10 -4672 1313 3359
10/10 -3954 1101 2853
10/10 -4467 1290 3177
10/10 -4694 1059 3635
10/10 -6768 2574 4194
11/10 -7035 2668 4367
11/10 -6661 2585 4076
11/10 -5350 1983 3367
11/10 -4924 1702 3222
11/10 -4816 1764 3052
12/10 -5669 2304 3365
12/10 -6009 2332 3677
12/10 -5864 2368 3496
12/10 -5849 2235 3614
01/11 -6367 2534 3833
01/11 -6288 2604 3684
01/11 -7544 3281 4263
01/11 -9419 4404 5015
02/11 -11473 5811 5662
02/11 -12812 6652 6160
02/11 -13547 7114 6433
02/11 -13115 6683 6432
03/11 -11917 5954 5963
03/11 -11471 5923 5548
03/11 -9634 4630 5004
03/11 -9773 4360 5413
03/11 -9665 4558 5107
04/11 -9995 4705 5290
04/11 -9331 4202 5129
04/11 -9415 4168 5247
04/11 -9515 4026 5489
05/11 -10058 5355 4703
05/11 -8592 4292 4300
05/11 -8071 4205 3866
05/11 -8497 5191 3306
05/11 -8641 5136 3505
06/11 -8218 4805 3413
06/11 -7587 4332 3255
06/11 -5821 2782 3039
06/11 -3404 1345 2059
07/11 -3319 1225 2094
07/11 -4109 1669 2440
07/11 -5106 2192 2914
07/11 -5473 2215 3258
08/11 -5177 2041 3136
08/11 -5047 1839 3208
08/11 -5505 1970 3535
08/11 -5357 1743 3614
08/11 -6253 2545 3708
09/11 -6285 2655 3630
09/11 -6015 2454 3561
09/11 -5548 2135 3413
09/11 -3899 1132 2767
10/11 -3002 867 2135
10/11 -2578 575 2003
10/11 -2818 530 2288
10/11 -2913 224 2689
11/11 -3352 675 2677
11/11 -2721 232 2489
11/11 -1648 -344 1992
11/11 -639 -678 1317
11/11 -43 -1477 1520
12/11 125 -1214 1089
12/11 715 -1304 589
12/11 1030 -1638 608
12/11 1851 -2672 821
01/12 1629 -2307 678
01/12 1841 -2644 803
01/12 1924 -2581 657
01/12 1872 -2654 782
01/12 2245 -2956 711
02/12 2531 -3095 564
02/12 2104 -2366 262
02/12 1574 -2238 664
02/12 1827 -2624 797
03/12 1645 -2417 772
03/12 1650 -2359 709
03/12 1258 -2135 877
03/12 135 -1371 1236
04/12 296 -1372 1076
04/12 484 -1543 1059
04/12 -1061 -418 1479
04/12 -2043 22 2021
05/12 -877 -646 1523
05/12 -480 -962 1442
05/12 -1062 -399 1461
05/12 -550 -933 1483
05/12 728 -1733 1005
06/12 2103 -2305 202
06/12 2737 -2976 239
06/12 2553 -2841 288
06/12 2156 -2822 666
07/12 1509 -2192 683
07/12 781 -1565 784
07/12 45 -1070 1025
07/12 99 -1078 979
07/12 -546 -786 1332
08/12 -1269 -208 1477
08/12 -836 -552 1388
08/12 -567 -788 1355
08/12 -610 -1048 1658
09/12 528 -2046 1518
09/12 1346 -2695 1349
09/12 1216 -2723 1507
09/12 1264 -2873 1609
10/12 806 -2257 1451
10/12 578 -2002 1424
10/12 840 -2302 1462
10/12 939 -2509 1570
10/12 978 -2392 1414
11/12 951 -2263 1312
11/12 1051 -2395 1344
11/12 1345 -2599 1254
11/12 1262 -2518 1256
12/12 388 -1848 1460
12/12 -332 -1013 1345
12/12 -215 -655 870
12/12 -35 -1190 1225
12/12 908 -1905 997
01/13 1462 -2432 970
01/13 1783 -2643 860
01/13 1764 -3039 1275
01/13 1585 -2898 1313
02/13 -338 -1154 1492
02/13 -1500 -174 1674
02/13 -1767 -201 1968
02/13 -1531 112 1419
03/13 -946 -445 1391
03/13 -54 -1148 1202
03/13 1950 -2826 876
03/13 2288 -3058 770
04/13 1861 -2751 890
04/13 1130 -1856 726
04/13 692 -1085 393
04/13 811 -1288 477
04/13 2140 -2787 647
05/13 2396 -3195 799
05/13 2141 -3133 992
05/13 2209 -3225 1016
05/13 1928 -3168 1240
06/13 1819 -2894 1075
06/13 707 -1654 947
06/13 -1112 118 994
06/13 -970 8 962
07/13 -479 -291 770
07/13 1192 -2066 874
07/13 1228 -2203 975
07/13 1184 -2373 1189
07/13 784 -1525 741
08/13 357 -1040 683
08/13 950 -1368 418
08/13 862 -1756 894
08/13 522 -1197 675
09/13 286 -875 589
09/13 525 -1122 597
09/13 518 -984 466
09/13 487 -1000 513
10/13 851 -1251 400
10/13 1707 -2212 505
10/13 1633 -2187 554
10/13 1519 -1966 447
10/13 1428 -1722 294
11/13 1422 -1994 572
11/13 644 -1268 624
11/13 89 -672 583
11/13 -289 -196 485
12/13 -892 276 616
12/13 -462 367 95
12/13 -63 -129 192
12/13 203 -534 331
12/13 141 -508 367
01/14 -267 -239 506
01/14 -568 24 544
01/14 -767 179 588
01/14 -571 97 474
02/14 63 -240 177
02/14 181 -447 266
02/14 -11 -405 416
02/14 -939 242 697
03/14 -841 -16 857
03/14 -499 -444 943
03/14 -390 -706 1096
03/14 -865 -306 1171
04/14 -1264 138 1126
04/14 -1855 740 1115
04/14 -2202 1219 983
04/14 -1931 969 962
04/14 -1703 625 1078
05/14 -1807 918 889
05/14 -1788 1094 694
05/14 -1778 1148 630
05/14 -1294 771 523
06/14 -600 461 139
06/14 311 -461 150
06/14 330 -632 302
06/14 796 -877 81
07/14 1233 -1097 -136
07/14 1160 -1172 12
07/14 1272 -1207 -65
07/14 1535 -1421 -114
07/14 1593 -1632 39
08/14 1873 -1927 54
08/14 2064 -2145 81
08/14 2401 -2595 194
08/14 2790 -2787 -3
09/14 3166 -3189 23
09/14 3432 -3402 -30
09/14 3545 -3549 4
09/14 3652 -3583 -69
09/14 3178 -3391 213
10/14 3314 -3181 -133
10/14 3181 -3065 -116
10/14 3040 -2796 -244
10/14 3368 -3122 -246
11/14 4015 -3409 -606
11/14 3966 -3340 -626
11/14 3976 -3580 -396
11/14 3865 -3700 -165
12/14 3629 -3475 -154
12/14 3383 -3392 9
12/14 3075 -2997 -78
12/14 3007 -3092 85
12/14 3247 -3278 31
01/15 3498 -3662 164
01/15 4015 -3934 -81
01/15 4165 -4069 -96
01/15 4163 -4025 -138
02/15 3913 -3965 52
02/15 3691 -3815 124
02/15 3648 -3739 91
02/15 3898 -3985 87
03/15 4088 -4036 -52
03/15 4166 -4119 -47
03/15 4054 -4283 229
03/15 3758 -4187 429
03/15 3798 -4059 261
04/15 3929 -4002 73
04/15 4571 -4434 -137
04/15 4696 -4595 -101
04/15 4839 -4823 -16
05/15 5142 -4901 -241
05/15 5005 -5185 180
05/15 4766 -5070 304
05/15 4658 -5100 442
06/15 4581 -4981 400
06/15 4265 -4587 322
06/15 4137 -4476 339
06/15 3907 -4311 404
06/15 3038 -3760 722
07/15 3281 -4151 870
07/15 2538 -3461 923
07/15 2331 -3188 857
07/15 2246 -3120 874
08/15 1958 -2764 806
08/15 1527 -2657 1130
08/15 1353 -2599 1246
08/15 729 -2061 1332
09/15 670 -1796 1126
09/15 692 -1976 1284
09/15 -28 -1432 1460
09/15 -81 -1302 1383
09/15 -610 -1283 1893
10/15 -707 -1139 1846
10/15 -704 -1048 1752
10/15 -45 -1640 1685
10/15 439 -1841 1402
11/15 381 -1441 1060
11/15 399 -1145 746
11/15 107 -866 759
11/15 346 -1028 682
12/15 322 -1038 716
12/15 655 -1113 458
12/15 632 -982 350
12/15 573 -1248 675
12/15 1714 -2262 548
01/16 1669 -2261 592
01/16 1358 -2158 800
01/16 1469 -2063 594
01/16 2129 -2595 466
02/16 2084 -2568 484
02/16 2178 -2643 465
02/16 2067 -2366 299
02/16 2546 -3140 594
03/16 2489 -2786 297
03/16 2180 -2610 430
03/16 2263 -2577 314
03/16 2148 -2596 448
03/16 2596 -2998 402
04/16 2154 -2620 466
04/16 1998 -2431 433
04/16 2014 -2288 274
04/16 1486 -1860 374
05/16 564 -972 408
05/16 -178 -572 750
05/16 -1235 -145 1380
05/16 -1510 157 1353
05/16 -1299 393 906
06/16 -1212 267 945
06/16 -1541 522 1019
06/16 -1436 598 838
06/16 -472 -31 503
07/16 -354 75 279
07/16 -282 15 267
07/16 -96 -230 326
07/16 977 -1273 296
08/16 2026 -2216 190
08/16 2362 -2644 282
08/16 2205 -2123 -82
08/16 2121 -2094 -27
08/16 2296 -2297 1
09/16 2618 -2711 93
09/16 2701 -2883 182
09/16 2750 -2798 48
09/16 3411 -3312 -99
10/16 3342 -3317 -25
10/16 3154 -3216 62
10/16 3062 -2804 -258
10/16 3112 -3044 -68
11/16 3205 -3022 -183
11/16 3173 -3538 365
11/16 3494 -3911 417
11/16 3396 -3956 560
11/16 3436 -4116 680
12/16 3190 -3770 580
12/16 2975 -3447 472
12/16 2874 -3300 426
12/16 3594 -4252 658
01/17 3480 -4161 681
01/17 3471 -3934 463
01/17 3159 -3691 532
01/17 2869 -3551 682
01/17 2741 -3589 848
02/17 2505 -3642 1137
02/17 2435 -3679 1244
02/17 2291 -3808 1517
02/17 2237 -3472 1235
03/17 1833 -3226 1393
03/17 1773 -2659 886
03/17 1261 -2487 1226
03/17 1114 -2248 1134
04/17 60 -1244 1184
04/17 -700 -393 1093
04/17 -929 26 903
04/17 554 -1479 925
05/17 1446 -2658 1212
05/17 1593 -2711 1118
05/17 264 -795 531
05/17 -631 352 279
05/17 -719 507 212
06/17 -1246 904 342
06/17 -1660 1070 590
06/17 -2003 1436 567
06/17 -1715 1247 468
07/17 -1533 1193 340
07/17 -1442 879 563
07/17 -1731 867 864
07/17 -1895 943 952
08/17 -2184 1044 1140
08/17 -2500 1493 1007
08/17 -2754 1393 1361
08/17 -2568 1411 1157
08/17 -2698 1525 1173
09/17 -3352 2194 1158
09/17 -3068 1877 1191
09/17 -2802 1664 1138
09/17 -2169 1220 949
10/17 -1643 672 971
10/17 -1384 557 827
10/17 -1532 389 1143
10/17 -1358 554 804
10/17 -6 -321 327
11/17 658 -1077 419
11/17 1108 -1414 306
11/17 622 -812 190
11/17 432 -736 304
12/17 -48 -322 370
12/17 -106 -230 336
12/17 155 -465 310
12/17 544 -871 327
01/18 905 -1079 174
01/18 1294 -1488 194
01/18 1022 -1455 433
01/18 698 -1163 465
01/18 400 -1129 729
02/18 85 -675 590
02/18 62 -501 439
02/18 596 -936 340
02/18 1131 -1623 492
03/18 -166 -660 826
03/18 -38 -611 649
03/18 -102 -632 734
03/18 31 -754 723
04/18 -64 -623 687
04/18 -822 -128 950
04/18 -1877 556 1321
04/18 -2637 1093 1544
05/18 -2686 1194 1492
05/18 -2883 1337 1546
05/18 -2134 994 1140
05/18 -1367 520 847
05/18 125 -47 -78
06/18 1189 -1149 -40
06/18 1772 -1973 201
06/18 1323 -1630 307
06/18 984 -1517 533
07/18 684 -1197 513
07/18 -425 -219 644
07/18 -825 124 701
07/18 -1221 701 520
07/18 -1495 875 620
08/18 -1574 1117 457
08/18 -620 234 386
08/18 -17 -293 310
08/18 1076 -1430 354
09/18 1162 -1335 173
09/18 1421 -1537 116
09/18 1702 -1728 26
09/18 2268 -2659 391
10/18 2859 -3015 156
10/18 2261 -2283 22
10/18 1164 -1151 -13
10/18 763 -796 33
10/18 984 -924 -60
11/18 913 -1180 267
11/18 1021 -1235 214
11/18 782 -914 132
11/18 909 -1145 236
12/18 789 -859 70
12/18 1093 -773 -320
12/18 1428 -1334 -94
12/18 1698 -1680 -18
12/18 2240 -2169 -71
01/19 2827 -2614 -213
01/19 2709 -2634 -75
01/19 2746 -2737 -9
01/19 2341 -2346 5
02/19 2172 -2386 214
02/19 2516 -2549 33
02/19 3024 -3213 189
02/19 3497 -3888 391
03/19 3612 -4000 388
03/19 3161 -3498 337
03/19 3149 -3438 289
03/19 1839 -2124 285
04/19 1188 -1578 390
04/19 2010 -2028 18
04/19 2213 -2426 213
04/19 2169 -2421 252
04/19 3216 -3129 -87
05/19 3103 -3154 51
05/19 2420 -2551 131
05/19 2040 -2190 150
05/19 570 -1137 567
06/19 -388 -223 611
06/19 -1030 170 860
06/19 -1131 342 789
06/19 -760 149 611
07/19 -314 -458 772
07/19 5 -723 718
07/19 -364 -135 499
07/19 -817 397 420
07/19 -2303 1474 829
08/19 -1881 1454 427
08/19 -1286 724 562
08/19 -662 27 635
08/19 748 -1053 305
09/19 581 -846 265
09/19 -160 -481 641
09/19 -1224 337 887
09/19 -1927 1298 629
10/19 -2145 1429 716
10/19 -1666 751 915
10/19 -1385 593 792
10/19 -1519 762 757
10/19 87 -535 448
11/19 -399 -18 417
11/19 -427 -37 464
11/19 -35 -398 433
11/19 -301 -231 532
12/19 -1709 916 793
12/19 -2144 1238 906
12/19 -2467 1440 1027
12/19 -3318 2430 888
12/19 -3879 2977 902
01/20 -3984 3484 500
01/20 -3998 3124 874
01/20 -4248 3162 1086
01/20 -4319 3442 877
02/20 -4275 3679 596
02/20 -4620 4122 498
02/20 -4325 4027 298
02/20 -4057 4196 -139
03/20 -3962 4132 -170
03/20 -2278 2498 -220
03/20 -1747 1416 331
03/20 -2919 2504 415
03/20 -2881 2240 641
04/20 -3322 2521 801
04/20 -3488 2631 857
04/20 -3661 2761 900
04/20 -4224 3322 902
05/20 -4329 3401 928
05/20 -4144 3162 982
05/20 -4065 3078 987
05/20 -4420 3112 1308
06/20 -4363 2936 1427
06/20 -4437 2876 1561
06/20 -3695 2323 1372
06/20 -3753 2593 1160
06/20 -3661 2768 893
07/20 -3710 3028 682
07/20 -3463 2944 519
07/20 -3364 2749 615
07/20 -2967 2247 720
08/20 -2721 1702 1019
08/20 -2775 1497 1278
08/20 -3142 1761 1381
08/20 -3820 2747 1073
09/20 -4010 2902 1108
09/20 -4072 2736 1336
09/20 -3791 2703 1088
09/20 -3720 2727 993
09/20 -3855 2926 929
10/20 -4257 2892 1365
10/20 -3721 2922 799
10/20 -3706 2890 816
10/20 -3618 2813 805
11/20 -3407 2605 802
11/20 -3290 2612 678
11/20 -3309 2684 625
11/20 -3127 2424 703
12/20 -3387 2359 1028
12/20 -3061 2169 892
12/20 -3062 2262 800
12/20 -3297 2282 1015
12/20 -2700 2037 663
01/21 -2497 1876 621
01/21 -2767 1976 791
01/21 -3701 2020 1681
01/21 -3984 2289 1695
02/21 -4214 2522 1692
02/21 -3983 2439 1544
02/21 -3701 2099 1602
02/21 -2712 1321 1391
03/21 -2462 1303 1159
03/21 -2713 1323 1390
03/21 -2385 1005 1380
03/21 -2421 1020 1401
03/21 -2486 1111 1375
04/21 -2364 1145 1219
04/21 -2252 1125 1127
04/21 -1216 699 517
04/21 -1693 599 1094
05/21 -2391 892 1499
05/21 -3229 1523 1706
05/21 -2553 1236 1317
05/21 -1352 372 980
06/21 -1180 106 1074
06/21 -776 -100 876
06/21 768 -1020 252
06/21 1173 -1342 169
06/21 284 -385 101
07/21 297 -426 129
07/21 736 -847 111
07/21 437 -527 90
07/21 -33 -132 165
08/21 -709 10 699
08/21 -462 -248 710
08/21 -620 -95 715
08/21 -356 -67 423
08/21 363 -525 162
09/21 713 -875 162
09/21 559 -914 355
09/21 -447 -22 469
09/21 -1179 591 588
10/21 -867 550 317
10/21 -1001 512 489
10/21 -1330 598 732
10/21 -536 154 382
11/21 826 -1038 212
11/21 1104 -1100 -4
11/21 -450 142 308
11/21 -2577 1355 1222
11/21 -2382 1344 1038
12/21 -2039 1163 876
12/21 -854 674 180
12/21 -120 -168 288
12/21 -450 -137 587
01/22 -1975 1107 868
01/22 -2037 1035 1002
01/22 -1340 417 923
01/22 -2342 857 1485
02/22 -2721 1099 1622
02/22 -3259 1414 1845
02/22 -2810 1101 1709
02/22 -2357 801 1556
03/22 -2444 912 1532
03/22 -2530 641 1889
03/22 -2471 600 1871
03/22 -2286 410 1876
03/22 -2134 312 1822
04/22 -2347 396 1951
04/22 -2519 429 2090
04/22 -3092 670 2422
04/22 -3059 867 2192
05/22 -3526 1294 2232
05/22 -3391 1462 1929
05/22 -3833 1577 2256
05/22 -3728 1434 2294
05/22 -3808 1865 1943
06/22 -3607 1576 2031
06/22 -2838 862 1976
06/22 -2766 1095 1671
06/22 -2249 684 1565
07/22 -1866 680 1186
07/22 -1441 398 1043
07/22 -1995 633 1362
07/22 -2186 669 1517
08/22 -1998 612 1386
08/22 -2673 1430 1243
08/22 -2721 1511 1210
08/22 -2567 1636 931
08/22 -3090 1988 1102
09/22 -3752 2458 1294
09/22 -3376 1834 1542
09/22 -3729 2384 1345
09/22 -3125 1898 1227
10/22 -2540 1315 1225
10/22 -1249 520 729
10/22 -53 -541 594
10/22 1466 -1929 463
11/22 980 -1480 500
11/22 -272 -481 753
11/22 -872 384 488
11/22 -891 268 623
11/22 -1388 1254 134
12/22 -362 205 157
12/22 1111 -1312 201
12/22 1535 -1668 133
12/22 331 -717 386
01/23 -585 -65 650
01/23 -618 -8 626
01/23 -651 31 620
01/23 -672 65 607
01/23 -955 296 659
02/23 -51 -283 334
02/23 -321 -211 532
02/23 445 -586 141
02/23 2089 -2152 63
03/23 1832 -1974 142
03/23 2053 -2121 68
03/23 1591 -1386 -205
03/23 156 -70 -86
04/23 257 -175 -82
04/23 804 -880 76
04/23 -45 -172 217
04/23 -129 -156 285
05/23 -970 558 412
05/23 -2255 1663 592
05/23 -2920 2051 869
05/23 -2342 1527 815
05/23 -1741 1078 663
06/23 -2301 1782 519
06/23 -3472 2493 979
06/23 -3924 2798 1126
06/23 -4738 3605 1133
07/23 -4486 3513 973
07/23 -4298 3424 874
07/23 -4157 3127 1030
07/23 -5862 4220 1642
08/23 -5616 4109 1507
08/23 -5887 4409 1478
08/23 -5758 4468 1290
08/23 -5257 4203 1054
08/23 -5513 3807 1706
09/23 -6495 4569 1926
09/23 -5089 3622 1467
09/23 -4677 3305 1372
09/23 -4591 3187 1404
10/23 -4524 3142 1382
10/23 -4270 2876 1394
10/23 -4147 2668 1479
10/23 -4240 2707 1533
10/23 -3971 2675 1296
11/23 -2643 1725 918
11/23 -4440 2873 1567
11/23 -5917 4122 1795
11/23 -6634 4957 1677
12/23 -6514 4792 1722
12/23 -6729 4613 2116
12/23 -7015 4730 2285
12/23 -7120 5198 1922
01/24 -7106 5114 1992
01/24 -6198 4354 1844
01/24 -6229 4205 2024
01/24 -5715 3941 1774
01/24 -6009 4131 1878
02/24 -6315 4350 1965
02/24 -6471 4759 1712
02/24 -6908 4939 1969
02/24 -7448 5696 1752
03/24 -7420 5440 1980
03/24 -6272 4412 1860
03/24 -5300 3547 1753
03/24 -3286 2011 1275
04/24 -1785 1261 524
04/24 -866 379 487
04/24 -1473 872 601
04/24 -2806 1877 929
04/24 -3729 2785 944
05/24 -4123 3167 956
05/24 -3972 3136 836
05/24 -4156 3186 970
05/24 -4031 2933 1098
06/24 -2695 1474 1221
06/24 -2096 1057 1039
06/24 -2121 1247 874
06/24 -2350 1617 733
07/24 -2377 1449 928
07/24 -1592 754 838
07/24 -908 233 675
07/24 -107 -463 570
07/24 -455 -11 466
08/24 -697 308 389
08/24 -829 417 412
08/24 -510 95 415
08/24 23 -266 243
09/24 542 -389 -153
09/24 229 118 -347
09/24 -235 97 138
09/24 -1492 1292 200
10/24 -1642 1305 337
10/24 -2181 1467 714
10/24 -2105 1692 413
