02/09 1174 -344 -830
02/09 1405 -304 -1101
02/09 1456 -304 -1152
03/09 1556 -309 -1247
03/09 1018 -767 -251
03/09 277 -129 -148
04/09 333 -121 -212
04/09 555 -427 -128
04/09 -423 589 -166
04/09 -834 877 -43
05/09 -1226 1338 -112
05/09 -1396 1646 -250
05/09 -1619 1656 -37
05/09 -1960 2089 -129
06/09 -2135 2176 -41
06/09 -1633 1672 -39
06/09 -1722 1617 105
06/09 -2524 2508 16
06/09 -2701 2743 -42
07/09 -3284 3209 75
07/09 -1940 1984 -44
07/09 -3546 3373 173
07/09 -5250 5426 -176
09/09 -5564 5169 395
10/09 -6580 5205 1375
10/09 -8702 6571 2131
10/09 -9723 7490 2233
10/09 -9565 7158 2407
11/09 -8893 6768 2125
11/09 -9350 6492 2858
11/09 -9721 6535 3186
11/09 -9564 5645 3919
12/09 -7896 3916 3980
12/09 -6906 2823 4083
12/09 -5700 1594 4106
12/09 -6323 2213 4110
12/09 -6294 2189 4105
01/10 -6184 2163 4021
01/10 -7189 3057 4132
01/10 -6894 2576 4318
02/10 -6464 2193 4271
02/10 -6321 2141 4180
02/10 -6343 1712 4631
02/10 -6980 2246 4734
03/10 -8130 2919 5211
03/10 -11964 5552 6412
03/10 -14094 7642 6452
03/10 -15322 8797 6525
03/10 -13377 6582 6795
04/10 -13440 6670 6770
04/10 -12377 5749 6628
04/10 -12596 5975 6621
04/10 -13923 8228 5695
05/10 -13869 8188 5681
05/10 -10268 4865 5403
05/10 -8690 3359 5331
05/10 -7365 2366 4999
06/10 -7877 2768 5109
06/10 -7974 2734 5240
06/10 -5335 2717 2618
06/10 -7142 2657 4485
06/10 -7394 2916 4478
07/10 -7644 2903 4741
07/10 -8871 3825 5046
07/10 -11236 6090 5146
07/10 -12562 7386 5176
08/10 -13387 8172 5215
08/10 -14873 9734 5139
08/10 -14361 8480 5881
08/10 -14558 2649 11909
08/10 -14105 1832 12273
09/10 -14011 1757 12254
09/10 -14507 1989 12518
09/10 -8818 1571 7247
10/10 -12595 4954 7641
10/10 -14807 6430 8377
10/10 -15973 7540 8433
10/10 -14276 5994 8282
11/10 -14984 7151 7833
11/10 -15567 7813 7754
11/10 -14997 7424 7573
11/10 -14755 7102 7653
11/10 -14530 6774 7756
12/10 -17290 8496 8794
12/10 -18663 8414 10249
12/10 -10348 10030 318
01/11 -10767 10347 420
01/11 -10983 10591 392
01/11 -10142 10010 132
02/11 -11956 10619 1337
02/11 -13932 13485 447
02/11 -15704 14484 1220
02/11 -16301 15844 457
03/11 -16416 16235 181
03/11 -13947 13452 495
03/11 -13869 13665 204
03/11 -13869 13563 306
03/11 -13504 13172 332
04/11 -14054 13662 392
04/11 -12687 12190 497
04/11 -15893 15193 700
04/11 -9077 8705 372
05/11 -8983 8770 213
05/11 -7393 7068 325
05/11 -6784 6440 344
05/11 -9161 8224 937
05/11 -9179 8879 300
06/11 -13114 12808 306
06/11 -14129 13803 326
06/11 -12737 12393 344
06/11 -13084 12634 450
07/11 -14507 13953 554
07/11 -15509 14751 758
07/11 -15428 15002 426
07/11 -17040 16498 542
08/11 -17601 17177 424
08/11 -11285 10915 370
08/11 -9584 9590 -6
08/11 -11411 11268 143
08/11 -8287 8166 121
09/11 -8307 8166 141
09/11 -9408 10565 -1157
09/11 -11742 11240 502
09/11 -12810 11959 851
10/11 -12890 12763 127
10/11 -11819 11576 243
10/11 -12239 12521 -282
10/11 -13682 13799 -117
11/11 -11983 11265 718
11/11 -11219 11179 40
11/11 -9148 9208 -60
11/11 -9118 9208 -90
11/11 -7306 7335 -29
12/11 -8009 7356 653
12/11 -6467 6445 22
12/11 -5130 5391 -261
12/11 -5134 5651 -517
01/12 -6010 6371 -361
01/12 -6727 6992 -265
01/12 -7518 7546 -28
01/12 -8660 8609 51
01/12 -9661 9617 44
02/12 -9470 9089 381
02/12 -9011 8815 196
02/12 -9869 9506 363
02/12 -5264 4784 480
03/12 -5422 4955 467
03/12 -5025 4761 264
03/12 -5729 5393 336
03/12 -5422 5016 406
04/12 -5338 4843 495
04/12 -4456 3939 517
04/12 -3564 2988 576
04/12 -3217 2672 545
05/12 -3062 2595 467
05/12 -2891 2289 602
05/12 -1422 2337 -915
05/12 -2279 2154 125
05/12 -535 582 -47
06/12 -242 503 -261
06/12 -212 456 -244
06/12 1759 -1374 -385
06/12 2163 -1527 -636
07/12 2007 -1613 -394
07/12 2567 -2062 -505
07/12 2695 -2188 -507
07/12 2112 -1755 -357
07/12 1483 -1268 -215
08/12 167 85 -252
08/12 -709 897 -188
08/12 -774 955 -181
08/12 -135 313 -178
09/12 -363 -195 558
09/12 -891 1041 -150
09/12 -3447 3140 307
09/12 -3482 3326 156
10/12 -2824 2800 24
10/12 -2812 2752 60
10/12 -3130 2931 199
10/12 -3095 2819 276
10/12 -2245 2036 209
11/12 -948 868 80
11/12 2550 -2380 -170
11/12 1534 -1525 -9
11/12 -1798 1609 189
12/12 -2744 2484 260
12/12 -3394 3020 374
12/12 -4236 4028 208
12/12 -5521 5274 247
12/12 -5780 5423 357
01/13 -6045 5578 467
01/13 -5827 5405 422
01/13 -5829 5490 339
01/13 -5968 5359 609
02/13 -6333 5873 460
02/13 -6488 6032 456
02/13 -6457 6163 294
02/13 -7026 6703 323
03/13 -3961 3998 -37
03/13 -3177 2962 215
03/13 -2120 1548 572
03/13 -2123 1707 416
04/13 -2141 2091 50
04/13 -1125 1440 -315
04/13 -1259 1645 -386
04/13 206 216 -422
04/13 -319 337 -18
05/13 -278 392 -114
05/13 538 -261 -277
05/13 -131 193 -62
05/13 -149 143 6
06/13 3429 573 -4002
06/13 3169 -179 -2990
06/13 1064 -691 -373
06/13 1049 -979 -70
07/13 1101 -750 -351
07/13 1299 -1144 -155
07/13 1216 -1149 -67
07/13 -28 163 -135
07/13 -335 597 -262
08/13 -184 425 -241
08/13 41 149 -190
08/13 -492 863 -371
08/13 -1266 1843 -577
09/13 -334 876 -542
09/13 42 342 -384
09/13 -2131 2075 56
09/13 -2501 2504 -3
10/13 -2019 1800 219
10/13 -1725 1666 59
10/13 -1751 1475 276
10/13 -2292 1985 307
10/13 -2291 2207 84
11/13 -2008 1933 75
11/13 -1269 1309 -40
11/13 -1191 1184 7
11/13 2402 -2262 -140
12/13 2548 -2346 -202
12/13 1819 -1768 -51
12/13 -2408 2674 -266
01/14 -2408 2565 -157
01/14 -1414 1402 12
01/14 416 -286 -130
01/14 1518 -1301 -217
02/14 2174 -2092 -82
02/14 2288 -1892 -396
02/14 5283 -4931 -352
02/14 4875 -4568 -307
03/14 4136 -3782 -354
03/14 4579 -4147 -432
04/14 2499 -2234 -265
04/14 2524 -2400 -124
04/14 2431 -2390 -41
04/14 3249 -3092 -157
05/14 3622 -3454 -168
05/14 2575 -3013 438
05/14 2021 -1801 -220
05/14 789 -639 -150
06/14 94 124 -218
06/14 199 -129 -70
06/14 -4014 3826 188
06/14 -3801 4102 -301
07/14 -3214 3956 -742
07/14 -2854 2552 302
07/14 -2901 2637 264
07/14 -1365 1429 -64
07/14 -788 800 -12
08/14 2597 -2507 -90
08/14 2015 -2059 44
08/14 866 -770 -96
08/14 597 -764 167
09/14 807 -871 64
09/14 1652 -1519 -133
09/14 2430 -2671 241
09/14 929 -842 -87
09/14 1112 -924 -188
10/14 1790 -1734 -56
10/14 4108 -3918 -190
10/14 5826 -5503 -323
10/14 6053 -5767 -286
11/14 5550 -6192 642
11/14 4254 -4082 -172
11/14 4002 -3605 -397
11/14 2362 -2097 -265
12/14 2766 -2538 -228
12/14 2677 -2562 -115
12/14 -2580 2587 -7
12/14 -3401 3896 -495
12/14 -3476 3863 -387
01/15 -3575 3979 -404
01/15 -4060 4301 -241
01/15 -4162 4556 -394
01/15 -4374 4742 -368
02/15 -1176 1611 -435
02/15 -1661 1966 -305
02/15 -626 1376 -750
02/15 -2724 2973 -249
03/15 -4992 5224 -232
03/15 -3455 4138 -683
03/15 -2070 2382 -312
03/15 -2650 2735 -85
03/15 -2788 2932 -144
04/15 -1465 1470 -5
04/15 -402 618 -216
04/15 -1149 1366 -217
04/15 -947 1247 -300
05/15 -468 729 -261
05/15 -536 630 -94
05/15 81 157 -238
05/15 -123 293 -170
06/15 -1577 2135 -558
06/15 -428 1102 -674
06/15 -2188 2184 4
06/15 -2024 2067 -43
06/15 -1715 1991 -276
07/15 -760 999 -239
07/15 2338 -2001 -337
07/15 1928 -1693 -235
07/15 1542 -1119 -423
08/15 1184 -1025 -159
08/15 752 -690 -62
08/15 268 -289 21
08/15 478 -530 52
09/15 3287 -3396 109
09/15 585 -807 222
09/15 399 -529 130
09/15 2348 -2543 195
09/15 1442 -1780 338
10/15 -360 -128 488
10/15 -1292 1171 121
10/15 -2270 2074 196
10/15 -2104 2090 14
11/15 -2365 2053 312
11/15 -2529 2271 258
11/15 -1365 1348 17
11/15 -1991 1616 375
12/15 -1038 830 208
12/15 -375 123 252
12/15 -1052 836 216
12/15 456 -835 379
12/15 589 -784 195
01/16 178 -498 320
01/16 494 -657 163
01/16 -819 651 168
01/16 -2319 2064 255
02/16 -1677 1640 37
02/16 -1796 1656 140
02/16 -1693 1228 465
02/16 -1798 1434 364
03/16 -2293 1842 451
03/16 -2508 2601 -93
03/16 -5198 5142 56
03/16 -3114 3128 -14
03/16 -3227 3004 223
04/16 -3396 3381 15
04/16 -2911 2796 115
04/16 -3028 2801 227
04/16 -2891 2717 174
05/16 -4824 4451 373
05/16 -4489 4142 347
05/16 -4455 4102 353
05/16 -4337 4312 25
05/16 -4515 4591 -76
06/16 -5169 4178 991
06/16 -6740 6227 513
06/16 -5890 5388 502
06/16 -6304 5940 364
07/16 -6075 5678 397
07/16 -8406 7732 674
07/16 -10731 9871 860
07/16 -10127 9458 669
08/16 -8898 8265 633
08/16 -7579 7058 521
08/16 -8604 7949 655
08/16 -9393 8944 449
08/16 -11367 10698 669
09/16 -11037 10249 788
09/16 -11479 10696 783
09/16 -8090 7739 351
09/16 -12470 12029 441
10/16 -17846 17406 440
10/16 -18183 17670 513
10/16 -32530 31898 632
10/16 -32816 32339 477
11/16 -31598 31191 407
11/16 -30145 29703 442
11/16 -26855 26563 292
11/16 -22471 21926 545
11/16 -22647 21996 651
12/16 -21980 21413 567
12/16 -21868 20828 1040
12/16 -15712 14568 1144
12/16 -15841 14379 1462
01/17 -16094 14728 1366
01/17 -16573 15629 944
01/17 -17857 16796 1061
01/17 -18338 17465 873
01/17 -18275 17235 1040
02/17 -18665 17528 1137
02/17 -19183 18202 981
02/17 -18589 17660 929
02/17 -18137 17197 940
03/17 -17695 16722 973
03/17 -18541 17419 1122
03/17 -19230 18643 587
03/17 -19986 19376 610
04/17 -20820 20132 688
04/17 -20883 20063 820
04/17 -20387 19660 727
04/17 -20849 20209 640
05/17 -19680 18966 714
05/17 -11502 10995 507
05/17 -10399 9993 406
05/17 -8712 8125 587
05/17 -8505 7863 642
06/17 -7991 7622 369
06/17 -6910 6353 557
06/17 -1552 1432 120
06/17 527 -668 141
07/17 3451 -3794 343
07/17 5587 -5926 339
07/17 6027 -6206 179
07/17 6265 -6304 39
08/17 4937 -4771 -166
08/17 5541 -5798 257
08/17 6608 -6804 196
08/17 3138 -3519 381
08/17 -126 -43 169
09/17 -937 486 451
09/17 -5733 5232 501
09/17 -11169 10545 624
09/17 -12286 11400 886
10/17 -14195 13717 478
10/17 -14697 13894 803
10/17 -15253 14289 964
10/17 -15672 14725 947
10/17 -16652 15897 755
11/17 -18087 17654 433
11/17 -16389 15786 603
11/17 -15123 14333 790
11/17 -16856 16443 413
12/17 -17199 16982 217
12/17 -17943 17332 611
12/17 -22757 22226 531
12/17 -24264 23526 738
01/18 -26585 25821 764
01/18 -26756 25962 794
01/18 -28028 27110 918
01/18 -27234 26140 1094
01/18 -25073 23669 1404
02/18 -22399 21001 1398
02/18 -18535 17790 745
02/18 -18098 17426 672
02/18 -17884 17080 804
03/18 -19010 17913 1097
03/18 -23167 22037 1130
03/18 -19611 18567 1044
03/18 -19672 18176 1496
04/18 -19946 18666 1280
04/18 -16148 15383 765
04/18 -14137 14062 75
04/18 -13805 13798 7
05/18 -9481 9480 1
05/18 -9271 9378 -107
05/18 -10952 10863 89
05/18 -11626 11356 270
05/18 -11804 11637 167
06/18 -11999 11646 353
06/18 -12184 12100 84
06/18 -9754 9849 -95
06/18 -6892 6706 186
07/18 -5693 5572 121
07/18 -6855 6366 489
07/18 -8562 7604 958
07/18 -8603 8157 446
07/18 -8586 7739 847
08/18 -8275 7661 614
08/18 -5338 5255 83
08/18 -4650 4979 -329
08/18 -4629 5049 -420
09/18 -4235 4727 -492
09/18 -2447 2894 -447
09/18 4108 -3830 -278
09/18 4239 -4215 -24
10/18 197 -118 -79
10/18 -2519 2645 -126
10/18 -2838 2831 7
10/18 -2993 2563 430
10/18 -2964 2572 392
11/18 -4636 4558 78
11/18 -9635 9996 -361
11/18 -10223 9716 507
11/18 -10281 10212 69
12/18 -10158 10358 -200
12/18 -10625 10763 -138
12/18 -19543 19686 -143
12/18 -15032 15569 -537
12/18 -12367 12949 -582
01/19 -2269 2467 -198
01/19 -1043 1415 -372
01/19 -5849 5909 -60
01/19 -11805 11311 494
02/19 -16485 15633 852
02/19 -19372 18338 1034
02/19 -19749 19047 702
02/19 -20293 19563 730
03/19 -20231 19536 695
03/19 -22820 22577 243
03/19 -31105 30134 971
03/19 -34075 33340 735
04/19 -34293 34012 281
04/19 -33972 33198 774
04/19 -34971 34298 673
04/19 -37247 36073 1174
04/19 -34433 33594 839
05/19 -37318 36589 729
05/19 -36872 35799 1073
05/19 -37163 36163 1000
05/19 -34503 33501 1002
06/19 -35094 34414 680
06/19 -34745 33174 1571
06/19 -29047 27750 1297
06/19 -30147 28733 1414
07/19 -33653 32046 1607
07/19 -34037 32455 1582
07/19 -33849 32133 1716
07/19 -34166 32920 1246
07/19 -34388 33412 976
08/19 -34020 33276 744
08/19 -32162 31259 903
08/19 -27734 27108 626
08/19 -27619 27249 370
09/19 -27436 27465 -29
09/19 -28188 27903 285
09/19 -24176 23551 625
09/19 -25104 24612 492
10/19 -26608 26262 346
10/19 -28647 28378 269
10/19 -25702 25086 616
10/19 -26065 24981 1084
10/19 -26697 25776 921
11/19 -26730 25705 1025
11/19 -27160 26327 833
11/19 -26638 25753 885
11/19 -28096 27334 762
12/19 -28642 27957 685
12/19 -28271 27190 1081
12/19 -31880 30341 1539
12/19 -30526 29211 1315
12/19 -30473 29007 1466
01/20 -30246 28790 1456
01/20 -29762 28882 880
01/20 -30029 29690 339
01/20 -29308 29147 161
02/20 -27112 26415 697
02/20 -28087 26936 1151
02/20 -28045 27022 1023
02/20 -26633 25959 674
03/20 -27734 27699 35
03/20 -25449 26473 -1024
03/20 -3849 4126 -277
03/20 -4735 4966 -231
03/20 -3769 4154 -385
04/20 -4741 5287 -546
04/20 -3025 3812 -787
04/20 -2946 4220 -1274
04/20 -4684 5567 -883
05/20 -3476 4061 -585
05/20 -5575 6458 -883
05/20 -5278 5510 -232
05/20 -6955 7201 -246
06/20 -11047 11262 -215
06/20 -11090 10782 308
06/20 -12856 12510 346
06/20 -12138 12068 70
06/20 -11804 11935 -131
07/20 -10919 11106 -187
07/20 -10820 11101 -281
07/20 -10493 10946 -453
07/20 -7640 8216 -576
08/20 -5328 5860 -532
08/20 -6567 6532 35
08/20 -6369 6446 -77
08/20 -6951 7630 -679
09/20 -8613 8686 -73
09/20 -7910 8282 -372
09/20 -7381 7652 -271
09/20 4341 -3382 -959
09/20 5594 -4923 -671
10/20 5128 -4547 -581
10/20 5022 -4567 -455
10/20 5043 -4176 -867
10/20 4689 -4124 -565
11/20 6309 -5655 -654
11/20 5821 -5190 -631
11/20 5770 -5227 -543
11/20 3958 -3884 -74
12/20 3366 -3182 -184
12/20 3774 -4668 894
12/20 1694 -2627 933
12/20 -2335 1835 500
12/20 -2354 2051 303
01/21 -1351 825 526
01/21 -2037 1636 401
01/21 -1333 885 448
01/21 349 -484 135
02/21 1162 -618 -544
02/21 -13 -190 203
02/21 -129 -531 660
02/21 -213 -259 472
03/21 321 -928 607
03/21 1118 -1609 491
03/21 -5224 3973 1251
03/21 -6615 5625 990
03/21 -6872 6784 88
04/21 -7185 6875 310
04/21 -6225 6313 -88
04/21 -6831 6852 -21
04/21 -6691 6378 313
05/21 -6334 5509 825
05/21 -6862 5483 1379
05/21 -6226 4680 1546
05/21 -6552 5372 1180
06/21 -5498 4586 912
06/21 -3245 1740 1505
06/21 -2540 1904 636
06/21 -11859 10096 1763
06/21 -12207 10338 1869
07/21 -10154 8897 1257
07/21 -7120 5791 1329
07/21 -9084 7801 1283
07/21 -9059 7593 1466
08/21 -10895 8923 1972
08/21 -12121 10702 1419
08/21 -13448 11701 1747
08/21 -13985 12965 1020
08/21 -23082 21471 1611
09/21 -22625 20945 1680
09/21 -22149 20223 1926
09/21 -19757 18233 1524
09/21 -22334 20828 1506
10/21 -22491 20409 2082
10/21 -21718 19308 2410
10/21 -24341 22171 2170
10/21 -23728 21462 2266
11/21 -21882 19982 1900
11/21 -22797 20703 2094
11/21 -23936 22625 1311
11/21 -19323 18064 1259
11/21 -15633 13637 1996
12/21 -15565 13799 1766
12/21 -17603 16524 1079
12/21 -9877 8621 1256
12/21 -9886 8464 1422
01/22 -8873 7329 1544
01/22 -11074 9617 1457
01/22 -7251 6422 829
01/22 -4288 3944 344
02/22 -14451 14151 300
02/22 -16839 15443 1396
02/22 -17239 16164 1075
02/22 -20053 19517 536
03/22 -9068 9674 -606
03/22 -7325 7806 -481
03/22 -7150 7543 -393
