07/08 1266 -601 -665
07/08 2228 -1206 -1022
08/08 417 -904 487
08/08 765 -1295 530
08/08 982 -1488 506
08/08 1235 -1573 338
09/08 512 -950 438
09/08 -603 -485 1088
09/08 17287 -6069 -11218
09/08 139899 -127315 -12584
09/08 144905 -124767 -20138
10/08 114316 -95094 -19222
10/08 121655 -97491 -24164
10/08 88219 -74358 -13861
10/08 86980 -73860 -13120
11/08 60969 -44831 -16138
11/08 51694 -36155 -15539
11/08 42368 -30385 -11983
11/08 43456 -33357 -10099
12/08 43979 -33114 -10865
12/08 77709 -67772 -9937
12/08 59583 -55688 -3895
12/08 80061 -67827 -12234
12/08 75940 -65052 -10888
01/09 73252 -64120 -9132
01/09 71306 -62945 -8361
01/09 70290 -63063 -7227
01/09 67548 -62671 -4877
02/09 79785 -76176 -3609
02/09 89966 -81512 -8454
02/09 88832 -79457 -9375
02/09 83520 -78263 -5257
03/09 80757 -77849 -2908
03/09 77318 -75355 -1963
03/09 92404 -84585 -7819
03/09 67896 -67139 -757
03/09 58572 -56452 -2120
04/09 61937 -56319 -5618
04/09 54042 -52893 -1149
04/09 45965 -49001 3036
04/09 43440 -47295 3855
05/09 59197 -60694 1497
05/09 68909 -65177 -3732
05/09 53217 -54999 1782
05/09 61802 -58566 -3236
06/09 70727 -68585 -2142
06/09 67034 -68908 1874
06/09 68317 -68094 -223
06/09 62891 -66003 3112
06/09 71372 -72854 1482
07/09 88538 -85768 -2770
07/09 76043 -73121 -2922
07/09 68324 -67469 -855
07/09 65977 -66088 111
08/09 67733 -67583 -150
08/09 71741 -73666 1925
08/09 60134 -62911 2777
08/09 65062 -66345 1283
09/09 76242 -79740 3498
09/09 73207 -76214 3007
09/09 79539 -80312 773
09/09 57332 -60380 3048
09/09 46919 -52172 5253
10/09 49688 -55742 6054
10/09 53798 -57835 4037
10/09 55787 -61062 5275
10/09 50191 -57028 6837
11/09 70563 -75122 4559
11/09 78613 -80754 2141
11/09 71345 -77831 6486
11/09 70633 -73900 3267
12/09 70374 -73959 3585
12/09 59222 -61782 2560
12/09 52638 -54230 1592
12/09 48111 -49526 1415
12/09 48734 -51183 2449
01/10 39969 -43610 3641
01/10 46174 -49502 3328
01/10 47502 -48290 788
01/10 37085 -41591 4506
02/10 48755 -51000 2245
02/10 62267 -62078 -189
02/10 72216 -70625 -1591
02/10 53304 -54013 709
03/10 41020 -41214 194
03/10 51496 -48893 -2603
03/10 62746 -61994 -752
03/10 53066 -52998 -68
03/10 58683 -60896 2213
04/10 62316 -60266 -2050
04/10 70821 -66750 -4071
04/10 72834 -70779 -2055
04/10 67824 -69105 1281
05/10 71735 -69104 -2631
05/10 67080 -66127 -953
05/10 76566 -73306 -3260
05/10 47642 -48445 803
06/10 66734 -65249 -1485
06/10 59060 -58419 -641
06/10 57857 -56984 -873
06/10 44348 -44276 -72
06/10 44439 -41429 -3010
07/10 61094 -58718 -2376
07/10 76266 -71566 -4700
07/10 78286 -73108 -5178
07/10 74347 -66822 -7525
08/10 63350 -61983 -1367
08/10 59497 -58874 -623
08/10 69029 -66219 -2810
08/10 84667 -77401 -7266
08/10 85915 -79203 -6712
09/10 78995 -73806 -5189
09/10 58983 -55288 -3695
09/10 56736 -51527 -5209
09/10 47791 -44144 -3647
10/10 40836 -39587 -1249
10/10 43197 -44181 984
10/10 41323 -43597 2274
10/10 31950 -34919 2969
11/10 24686 -27766 3080
11/10 37101 -40403 3302
11/10 43664 -45383 1719
11/10 32263 -37428 5165
11/10 22360 -26650 4290
12/10 17786 -19962 2176
12/10 8872 -13378 4506
12/10 16953 -21554 4601
12/10 16974 -22055 5081
01/11 15643 -19836 4193
01/11 20611 -23829 3218
01/11 30186 -32842 2656
01/11 25189 -30127 4938
02/11 19319 -23342 4023
02/11 19999 -23677 3678
02/11 29017 -33244 4227
02/11 22017 -25871 3854
03/11 31110 -34228 3118
03/11 30188 -32385 2197
03/11 53105 -54371 1266
03/11 43069 -42719 -350
03/11 27747 -30759 3012
04/11 35010 -36118 1108
04/11 33924 -37895 3971
04/11 55747 -61010 5263
04/11 51345 -54677 3332
05/11 57054 -59379 2325
05/11 61987 -64192 2205
05/11 76068 -75987 -81
05/11 68801 -66184 -2617
05/11 55076 -51964 -3112
06/11 75642 -72842 -2800
06/11 70558 -66515 -4043
06/11 56811 -53514 -3297
06/11 58267 -56156 -2111
07/11 49652 -50201 549
07/11 36934 -39921 2987
07/11 33496 -37198 3702
07/11 39512 -42982 3470
08/11 55116 -54038 -1078
08/11 48318 -44708 -3610
08/11 65499 -59136 -6363
08/11 63241 -54668 -8573
08/11 70367 -60279 -10088
09/11 64371 -56346 -8025
09/11 62012 -53762 -8250
09/11 57243 -51178 -6065
09/11 62724 -53926 -8798
10/11 70999 -62214 -8785
10/11 62226 -54332 -7894
10/11 62405 -56714 -5691
10/11 62574 -59631 -2943
11/11 56669 -56684 15
11/11 57779 -55803 -1976
11/11 53305 -53648 343
11/11 58577 -53633 -4944
11/11 48815 -45334 -3481
12/11 40543 -38462 -2081
12/11 41976 -41836 -140
12/11 31720 -32405 685
12/11 31389 -31964 575
01/12 30612 -32021 1409
01/12 26763 -27823 1060
01/12 21984 -23615 1631
01/12 16725 -17922 1197
01/12 16030 -17200 1170
02/12 8371 -10644 2273
02/12 3745 -7329 3584
02/12 3169 -7250 4081
02/12 -938 -3714 4652
03/12 2876 -8819 5943
03/12 6547 -11965 5418
03/12 15449 -21966 6517
03/12 6646 -13598 6952
04/12 12375 -18579 6204
04/12 23658 -30285 6627
04/12 20430 -28254 7824
04/12 33520 -35526 2006
05/12 4852 -9212 4360
05/12 27142 -26544 -598
05/12 22806 -22275 -531
05/12 31377 -29948 -1429
05/12 33858 -31880 -1978
06/12 42150 -38164 -3986
06/12 30253 -32694 2441
06/12 25942 -26530 588
06/12 37244 -38481 1237
07/12 25329 -29876 4547
07/12 24130 -27985 3855
07/12 24574 -30071 5497
07/12 29674 -33433 3759
07/12 25714 -30547 4833
08/12 18667 -23120 4453
08/12 24259 -28274 4015
08/12 16493 -18872 2379
08/12 15984 -16005 21
09/12 9988 -11625 1637
09/12 4786 -8117 3331
09/12 4370 -10931 6561
09/12 -8876 -793 9669
10/12 -7069 -3023 10092
10/12 1165 -6972 5807
10/12 -6443 -3420 9863
10/12 8717 -14350 5633
10/12 7585 -15856 8271
11/12 1241 -11299 10058
11/12 7523 -12513 4990
11/12 23421 -22438 -983
11/12 20247 -21671 1424
12/12 -1391 -4714 6105
12/12 -7829 2614 5215
12/12 -17216 3170 14046
12/12 -27397 16510 10887
12/12 -29098 16884 12214
01/13 -25690 14754 10936
01/13 -30642 19423 11219
01/13 -30725 20316 10409
01/13 -35997 27990 8007
02/13 -42853 31054 11799
02/13 -36998 26643 10355
02/13 -32006 24313 7693
02/13 -40537 28538 11999
03/13 -44476 32255 12221
03/13 -35415 28286 7129
03/13 -47572 34578 12994
03/13 -44881 30982 13899
04/13 -38551 28922 9629
04/13 -27017 19484 7533
04/13 -15971 11824 4147
04/13 -19468 14076 5392
04/13 -23389 17302 6087
05/13 -21001 13564 7437
05/13 -23359 18521 4838
05/13 -28322 22970 5352
05/13 -36056 28951 7105
06/13 -30275 22451 7824
06/13 -29209 17057 12152
06/13 -30840 20350 10490
06/13 -9919 -1595 11514
07/13 -7411 1592 5819
07/13 -8439 2545 5894
07/13 -12844 8158 4686
07/13 -17809 11391 6418
07/13 -30185 21720 8465
08/13 -19260 13797 5463
08/13 -26149 17931 8218
08/13 -25726 21349 4377
08/13 -14793 10510 4283
09/13 -10450 7929 2521
09/13 -10309 6281 4028
09/13 -3171 -3341 6512
09/13 -5193 -2648 7841
10/13 -6396 2753 3643
10/13 4030 -8091 4061
10/13 707 -11656 10949
10/13 6448 -12574 6126
10/13 -3956 -3210 7166
11/13 -8826 -54 8880
11/13 -6525 -471 6996
11/13 -2407 -2354 4761
11/13 -8883 3881 5002
12/13 -19365 12666 6699
12/13 -12699 5383 7316
12/13 -14280 3134 11146
12/13 -9671 1375 8296
12/13 -15107 6292 8815
01/14 -16904 7208 9696
01/14 -13581 7344 6237
01/14 -12842 7130 5712
01/14 -14610 8623 5987
02/14 -11858 7160 4698
02/14 497 -3857 3360
02/14 -2532 556 1976
02/14 -11816 6924 4892
03/14 -24981 17510 7471
03/14 -17019 9906 7113
03/14 -17390 10481 6909
03/14 -11181 2460 8721
04/14 -3629 -2416 6045
04/14 9267 -13119 3852
04/14 16116 -22507 6391
04/14 20013 -23967 3954
04/14 15157 -21001 5844
05/14 22833 -27406 4573
05/14 14877 -22577 7700
05/14 33412 -34614 1202
05/14 21327 -22657 1330
06/14 16623 -21420 4797
06/14 15416 -19316 3900
06/14 10729 -15225 4496
06/14 17323 -20824 3501
07/14 24670 -27532 2862
07/14 28879 -33134 4255
07/14 39288 -41886 2598
07/14 42057 -43863 1806
07/14 44512 -46024 1512
08/14 44447 -42096 -2351
08/14 47819 -44013 -3806
08/14 45238 -44549 -689
08/14 42396 -42148 -248
09/14 40064 -42017 1953
09/14 42383 -42903 520
09/14 55238 -58834 3596
09/14 70153 -70614 461
09/14 72371 -72860 489
10/14 68353 -66891 -1462
10/14 61059 -58553 -2506
10/14 60858 -54453 -6405
10/14 47926 -46680 -1246
11/14 37433 -37682 249
11/14 37545 -37188 -357
11/14 28106 -30892 2786
11/14 38860 -40103 1243
12/14 30910 -36118 5208
12/14 26605 -28689 2084
12/14 24311 -25468 1157
12/14 21660 -25197 3537
12/14 17007 -21957 4950
01/15 16195 -21500 5305
01/15 23450 -26599 3149
01/15 27170 -27863 693
01/15 28202 -30013 1811
02/15 29847 -33249 3402
02/15 23233 -28666 5433
02/15 22366 -29001 6635
02/15 24303 -30117 5814
03/15 24468 -30762 6294
03/15 32021 -40743 8722
03/15 18929 -26301 7372
03/15 7337 -13252 5915
03/15 9838 -16839 7001
04/15 3996 -13021 9025
04/15 2118 -11197 9079
04/15 -4870 -4460 9330
04/15 -3386 -5510 8896
05/15 19991 -26708 6717
05/15 28369 -31834 3465
05/15 23751 -28077 4326
05/15 27946 -32642 4696
06/15 22667 -29512 6845
06/15 14609 -20110 5501
06/15 -3402 -2825 6227
06/15 -16602 10175 6427
06/15 -14655 5645 9010
07/15 -1618 -6197 7815
07/15 516 -7520 7004
07/15 -2868 -4483 7351
07/15 13670 -17383 3713
08/15 24084 -28090 4006
08/15 36273 -38115 1842
08/15 43480 -46064 2584
08/15 42207 -41360 -847
09/15 46097 -41801 -4296
09/15 40278 -37481 -2797
09/15 33629 -34426 797
09/15 29529 -27708 -1821
09/15 26398 -28955 2557
10/15 44401 -43056 -1345
10/15 40759 -40464 -295
10/15 32620 -34529 1909
10/15 39984 -41447 1463
11/15 36990 -41690 4700
11/15 40201 -42949 2748
11/15 43976 -45323 1347
11/15 36634 -41496 4862
12/15 27722 -33129 5407
12/15 30320 -32522 2202
12/15 48762 -49230 468
12/15 45993 -47202 1209
12/15 47742 -49589 1847
01/16 52021 -50441 -1580
01/16 58627 -55043 -3584
01/16 55933 -54884 -1049
01/16 50129 -48740 -1389
02/16 66605 -61868 -4737
02/16 51998 -49458 -2540
02/16 55036 -51182 -3854
02/16 66952 -58185 -8767
03/16 68678 -61239 -7439
03/16 69575 -66126 -3449
03/16 64900 -63453 -1447
03/16 63561 -60761 -2800
03/16 64999 -63663 -1336
04/16 65747 -63366 -2381
04/16 66922 -66871 -51
04/16 57339 -56848 -491
04/16 52260 -55487 3227
05/16 49674 -49005 -669
05/16 46298 -45667 -631
05/16 49160 -45732 -3428
05/16 37390 -37056 -334
05/16 31164 -31006 -158
06/16 24252 -25088 836
06/16 10447 -15485 5038
06/16 16037 -19171 3134
06/16 37197 -34282 -2915
07/16 38314 -38419 105
07/16 26925 -30240 3315
07/16 15533 -17618 2085
07/16 4972 -8190 3218
08/16 -1552 -2147 3699
08/16 -5609 2534 3075
08/16 -10506 7110 3396
08/16 -18505 15960 2545
08/16 -25342 22094 3248
09/16 -26569 23338 3231
09/16 -8884 8209 675
09/16 -14583 7761 6822
09/16 -18059 11468 6591
10/16 -21827 16526 5301
10/16 -16227 12878 3349
10/16 -13788 8077 5711
10/16 -9683 6250 3433
11/16 6128 -7509 1381
11/16 15490 -18999 3509
11/16 -25268 19777 5491
11/16 -39760 34159 5601
11/16 -44348 38981 5367
12/16 -57477 49410 8067
12/16 -58449 55949 2500
12/16 -101521 92433 9088
12/16 -103494 91339 12155
01/17 -100727 92652 8075
01/17 -90549 82410 8139
01/17 -69028 67394 1634
01/17 -82696 75408 7288
01/17 -61264 53151 8113
02/17 -57051 49128 7923
02/17 -57592 48748 8844
02/17 -46497 36528 9969
02/17 -26298 19697 6601
03/17 2118 -12322 10204
03/17 19416 -24670 5254
03/17 39779 -42219 2440
03/17 51620 -56333 4713
04/17 44519 -55782 11263
04/17 56108 -58389 2281
04/17 66114 -72212 6098
04/17 24709 -30347 5638
05/17 427 -12153 11726
05/17 29787 -40099 10312
05/17 35799 -43939 8140
05/17 68195 -72501 4306
05/17 68624 -73030 4406
06/17 28974 -35676 6702
06/17 -6888 7542 -654
06/17 6231 -15358 9127
06/17 8243 -16595 8352
07/17 8535 -17975 9440
07/17 29832 -37525 7693
07/17 22631 -30022 7391
07/17 24152 -30701 6549
08/17 36410 -43451 7041
08/17 42098 -49629 7531
08/17 74839 -79614 4775
08/17 83947 -81659 -2288
08/17 86903 -87578 675
09/17 78935 -82375 3440
09/17 102075 -102325 250
09/17 3733 -3654 -79
09/17 6401 -4542 -1859
10/17 3247 -1699 -1548
10/17 4685 -3163 -1522
10/17 2444 -2545 101
10/17 1948 -1543 -405
10/17 4240 -4650 410
11/17 5119 -5990 871
11/17 2078 -3505 1427
11/17 440 -1937 1497
11/17 6 -238 232
12/17 371 -956 585
12/17 -741 -1791 2532
12/17 1410 -3211 1801
12/17 1298 -2690 1392
01/18 539 -1687 1148
01/18 -56 -639 695
01/18 -2144 1764 380
01/18 -1499 -99 1598
01/18 -1314 632 682
02/18 -615 -336 951
02/18 -1174 423 751
02/18 -1464 368 1096
02/18 -1417 328 1089
03/18 -4611 3957 654
03/18 -3942 3891 51
03/18 -265 406 -141
03/18 -2003 2146 -143
04/18 -241 1041 -800
04/18 -851 509 342
04/18 -249 436 -187
04/18 -125 179 -54
05/18 156 -531 375
05/18 -904 1120 -216
05/18 -1433 1701 -268
05/18 -1106 1382 -276
05/18 -919 1639 -720
06/18 -935 1565 -630
