06/10 -6390 -15536 21924
06/10 -20856 -5133 25988
06/10 -25515 -1014 26529
07/10 -1972 -20623 22595
07/10 26964 -34695 7732
07/10 14180 -29325 15145
07/10 9202 -27186 17984
08/10 -1570 -25252 26823
08/10 -2693 -24835 27529
08/10 32 -18386 18355
08/10 11512 -29539 18027
08/10 18880 -36514 17634
09/10 24409 -47964 23555
09/10 22643 -45652 23009
09/10 10154 -27959 17805
09/10 -7836 -14311 22148
10/10 -28853 -3191 32043
10/10 -24064 -8410 32474
10/10 -21125 -6236 27361
10/10 -29001 4184 24816
11/10 -34872 7628 27245
11/10 -36162 2147 34016
11/10 -40050 1114 38935
11/10 -24396 -12397 36793
11/10 -27178 -4837 32015
12/10 -38153 -4525 42678
12/10 -47118 11987 35130
12/10 -35734 74 35660
12/10 -26308 -5412 31720
01/11 -32336 -4753 37089
01/11 -46282 5529 40752
01/11 -29042 -6331 35373
01/11 -39204 -48 39252
02/11 -43084 -792 43876
02/11 -13447 -17014 30461
02/11 -13489 -16084 29574
02/11 -8496 -18027 26522
03/11 -23014 -17674 40689
03/11 -16813 -19066 35880
03/11 4960 -22514 17554
03/11 9220 -26850 17629
03/11 -10984 -22769 33753
04/11 -30515 -10068 40583
04/11 -17496 -22653 40150
04/11 -2899 -33755 36653
04/11 -30956 -12154 43111
05/11 -47491 1747 45744
05/11 -45179 -5730 50909
05/11 -39979 -4924 44903
05/11 -23130 -16227 39357
05/11 -21269 -20086 41354
06/11 -21656 -23110 44765
06/11 -17084 -19676 36759
06/11 -19373 -17430 36803
06/11 -15009 -16522 31531
07/11 -3983 -23548 27531
07/11 -32705 -1398 34102
07/11 -21155 -12880 34035
07/11 -25729 -9813 35541
08/11 -23287 -4412 27699
08/11 30739 -47069 16330
08/11 68219 -71980 3761
08/11 76975 -84493 7517
08/11 101305 -107914 6608
09/11 97242 -108117 10876
09/11 106985 -98789 -8197
09/11 77607 -71233 -6374
09/11 76969 -67981 -8988
10/11 64005 -67704 3699
10/11 68293 -63566 -4727
10/11 75514 -70616 -4899
10/11 64994 -64719 -275
11/11 50319 -56202 5883
11/11 48860 -53959 5099
11/11 36040 -45423 9384
11/11 45143 -56927 11784
11/11 49213 -60603 11390
12/11 30757 -44103 13346
12/11 21699 -35614 13915
12/11 17463 -37263 19800
12/11 28982 -44489 15508
01/12 16052 -38111 22059
01/12 12602 -39033 26432
01/12 19844 -45646 25802
01/12 14954 -40696 25742
01/12 2141 -32572 30431
02/12 1959 -28639 26681
02/12 15013 -40799 25786
02/12 11821 -35921 24099
02/12 6728 -24227 17499
03/12 14074 -29899 15824
03/12 -1582 -17118 18700
03/12 10704 -32003 21299
03/12 324 -28090 27767
04/12 1366 -32103 30736
04/12 -7477 -26237 33714
04/12 -17326 -15973 33299
04/12 -4095 -27476 31571
05/12 -31292 -3584 34876
05/12 -15934 -19374 35309
05/12 -19862 -11566 31429
05/12 7441 -34465 27025
05/12 16355 -41316 24960
06/12 10786 -36712 25927
06/12 10700 -37603 26904
06/12 1946 -25184 23238
06/12 -7184 -17432 24615
07/12 -7550 -18152 25703
07/12 -1954 -25871 27826
07/12 -10498 -18250 28749
07/12 -2920 -23308 26228
07/12 -23162 -6419 29581
08/12 -33292 5181 28111
08/12 -27557 -928 28486
08/12 -22633 -8626 31259
08/12 -30330 -2895 33225
09/12 -25500 -6565 32065
09/12 -47231 11902 35330
09/12 -56163 18656 37506
09/12 -64740 26391 38349
10/12 -55230 21350 33880
10/12 -59199 21880 37320
10/12 -64492 30865 33626
10/12 -45799 10789 35010
10/12 -44928 11987 32941
11/12 -43685 15715 27969
11/12 -57829 24989 32839
11/12 -40814 6797 34018
11/12 -37143 10456 26687
12/12 -58459 25466 32993
12/12 -75718 43711 32006
12/12 -76556 41706 34849
12/12 -61696 25222 36473
12/12 -64540 28293 36247
01/13 -54200 23318 30882
01/13 -50482 23195 27287
01/13 -39751 16895 22857
01/13 -38859 21184 17676
02/13 -55328 30443 24885
02/13 -39654 21359 18295
02/13 -37925 19744 18181
02/13 -47848 20440 27408
03/13 -65406 46627 18780
03/13 -69460 49910 19550
03/13 -78199 56800 21399
03/13 -69262 51065 18197
04/13 -70033 49313 20721
04/13 -69122 47338 21784
04/13 -77685 51433 26251
04/13 -68159 40097 28062
04/13 -84419 56172 28246
05/13 -70653 43789 26864
05/13 -70581 43610 26971
05/13 -60677 32457 28221
05/13 -77256 41960 35297
06/13 -46023 35179 10844
06/13 -35476 26452 9023
06/13 -36829 32202 4627
06/13 -54732 23811 30921
07/13 -48440 20271 28170
07/13 -46747 18722 28025
07/13 -64910 37438 27472
07/13 -68367 40224 28143
07/13 -72719 46162 26557
08/13 -59002 28902 30100
08/13 -58651 29164 29486
08/13 -55348 26689 28659
08/13 -35759 10531 25228
09/13 -31064 9129 21935
09/13 -20847 3985 16862
09/13 -46157 21423 24734
09/13 -67971 30142 37829
10/13 -65212 28835 36376
10/13 -54839 14485 40353
10/13 -59214 21591 37623
10/13 -47404 22309 25095
10/13 -60010 34870 25141
11/13 -66135 33489 32646
11/13 -61671 32393 29278
11/13 -49990 19858 30132
11/13 -57519 24096 33423
12/13 -52418 18149 34269
12/13 -54729 18737 35993
12/13 -60997 30396 30601
12/13 -58567 25209 33357
12/13 -56857 24662 32196
01/14 -64393 29788 34606
01/14 -54827 22675 32151
01/14 -36958 6611 30348
01/14 -39722 4009 35714
02/14 -38995 1334 37661
02/14 -8722 -20677 29399
02/14 -17157 -12085 29242
02/14 -30883 -3666 34549
03/14 -35053 5235 29818
03/14 -25219 -7016 32235
03/14 -35693 3836 31857
03/14 -38178 7088 31090
04/14 -45400 15151 30249
04/14 -38072 5320 32752
04/14 -31416 -687 32104
04/14 -27594 2471 25122
04/14 -38446 6931 31515
05/14 -23686 -3818 27504
05/14 -33438 4407 29031
05/14 -14462 -18724 33186
05/14 -22203 -2480 24683
06/14 -16680 -11915 28596
06/14 -8049 -12881 20930
06/14 -16177 -6783 22960
06/14 -11719 -10060 21779
07/14 -21470 -3704 25174
07/14 -9475 -10772 20247
07/14 -22315 -1848 24163
07/14 -24514 3490 21023
07/14 -19410 -4557 23968
08/14 -27060 619 26442
08/14 -22428 -2709 25137
08/14 -17706 -2300 20006
08/14 -15910 -2975 18886
09/14 -12329 -8708 21038
09/14 -22242 -4771 27012
09/14 -35949 13250 22698
09/14 -20977 -5590 26567
09/14 -35471 5916 29555
10/14 -28002 1000 27003
10/14 -38789 4872 33916
10/14 -11233 -13254 24487
10/14 -13772 -11761 25533
11/14 -20294 -3555 23850
11/14 -28666 4543 24122
11/14 -37902 11683 26220
11/14 -28663 6138 22525
12/14 -39903 16254 23648
12/14 -35804 11404 24401
12/14 -56147 28162 27985
12/14 -51027 26870 24157
12/14 -55728 32202 23526
01/15 -65360 33583 31777
01/15 -51594 23875 27718
01/15 -49393 20117 29276
01/15 -44360 17857 26503
02/15 -46094 18898 27196
02/15 -47892 22246 25646
02/15 -47854 22570 25284
02/15 -31269 6747 24522
03/15 -24859 1247 23612
03/15 -18475 -9900 28377
03/15 -15540 -7095 22634
03/15 -23397 2026 21371
03/15 -19946 -335 20280
04/15 -18361 30 18331
04/15 -16679 -146 16825
04/15 -16067 1229 14839
04/15 -15213 3547 11665
05/15 -1910 -5898 7807
05/15 -3957 -5307 9264
05/15 -11607 5726 5880
05/15 -4115 -5724 9839
06/15 -14811 2335 12477
06/15 -2002 -12240 14241
06/15 234 -9628 9394
06/15 4181 -9519 5338
06/15 13188 -22810 9621
07/15 22169 -27026 4857
07/15 14437 -16132 1695
07/15 5391 -8872 3480
07/15 3187 -11341 8155
08/15 7083 -15743 8660
08/15 16416 -24209 7793
08/15 17794 -17176 -618
08/15 -16 -5601 5617
09/15 28946 -26553 -2392
09/15 40481 -30958 -9523
09/15 39148 -35200 -3948
09/15 43686 -40770 -2915
09/15 34869 -34740 -129
10/15 56550 -44256 -12293
10/15 47364 -39697 -7667
10/15 49219 -40980 -8239
10/15 35052 -24373 -10680
11/15 36821 -26122 -10700
11/15 24508 -20236 -4272
11/15 17966 -16524 -1443
11/15 13943 -11601 -2342
12/15 11851 -10232 -1619
12/15 3907 -9475 5567
12/15 -1366 -5030 6396
12/15 8068 -11365 3296
12/15 9672 -12686 3014
01/16 12594 -16808 4215
01/16 23114 -28599 5486
01/16 23040 -34059 11018
01/16 19968 -23581 3613
02/16 51477 -45371 -6107
02/16 43296 -40484 -2811
02/16 36372 -32403 -3969
02/16 55362 -42045 -13317
03/16 49853 -39198 -10655
03/16 44316 -36887 -7428
03/16 43510 -37632 -5878
03/16 37416 -25178 -12237
03/16 26999 -19218 -7780
04/16 21476 -15664 -5811
04/16 13672 -10284 -3388
04/16 9170 60 -9231
04/16 -11684 13818 -2133
05/16 -8921 10203 -1281
05/16 -9739 11825 -2085
05/16 -66 6486 -6420
05/16 -17443 25612 -8168
05/16 -2625 14952 -12326
06/16 7222 2964 -10186
06/16 -24370 30473 -6103
06/16 -18511 14949 3562
06/16 -4782 14048 -9266
07/16 1413 10225 -11638
07/16 -15241 19324 -4084
07/16 -31516 36262 -4746
07/16 -36960 41535 -4575
08/16 -29740 33057 -3316
08/16 -30356 32389 -2033
08/16 -34735 38477 -3743
08/16 -37002 42197 -5196
08/16 -43453 48849 -5396
09/16 -36011 41859 -5849
09/16 -17090 18564 -1473
09/16 -16075 19766 -3691
09/16 -12807 17161 -4354
10/16 -2602 10735 -8133
10/16 222 -2217 1995
10/16 -12586 12656 -71
10/16 7368 18 -7386
11/16 2408 1972 -4380
11/16 -5582 9673 -4092
11/16 1111 3918 -5030
11/16 15786 -8553 -7233
11/16 22909 -18858 -4052
12/16 18927 -19245 318
12/16 10817 -8711 -2105
12/16 746 -1015 269
12/16 -7050 6654 397
01/17 -23839 20911 2928
01/17 -13080 6417 6663
01/17 -10231 8909 1323
01/17 -22518 16276 6241
01/17 -17622 15167 2455
02/17 -12168 9174 2994
02/17 -8368 12843 -4476
02/17 -5255 8440 -3186
02/17 -15572 20299 -4728
03/17 -35577 34473 1104
03/17 -49028 40723 8305
03/17 -31597 27773 3824
03/17 -52733 44524 8208
04/17 -34899 31524 3375
04/17 -33650 28763 4887
04/17 -32502 29311 3190
04/17 -28849 28663 187
05/17 -10071 16379 -6308
05/17 -10694 11610 -917
05/17 -240 1853 -1613
05/17 5953 1493 -7446
05/17 6779 3134 -9913
06/17 4907 4351 -9259
06/17 -1278 6086 -4808
06/17 -934 3463 -2530
06/17 -8106 6810 1295
07/17 -17047 16192 855
07/17 -20696 18348 2348
07/17 -18476 21761 -3285
07/17 -23508 23631 -122
08/17 -11557 15517 -3959
08/17 -7007 15262 -8255
08/17 -21285 28128 -6844
08/17 -19711 24951 -5240
08/17 -26691 35991 -9300
09/17 -20758 27555 -6798
09/17 -21373 31770 -10397
09/17 -12531 21137 -8607
09/17 -18261 25026 -6764
10/17 -12866 19927 -7061
10/17 -21800 27981 -6181
10/17 -25208 32720 -7512
10/17 -21478 26432 -4953
10/17 -31427 32018 -592
11/17 -20968 27702 -6734
11/17 -27621 30368 -2746
11/17 -22858 22520 338
11/17 -22165 22788 -623
12/17 -40608 34401 6207
12/17 -20124 18126 1998
12/17 -23448 18164 5284
12/17 -28451 23181 5270
01/18 -41701 33732 7968
01/18 -23154 13468 9685
01/18 -34132 23698 10434
01/18 -37710 29980 7730
01/18 -56452 38296 18157
02/18 -47870 36189 11680
02/18 -34530 24531 9998
02/18 -19737 12408 7329
02/18 -19913 13351 6562
03/18 -22525 11809 10716
03/18 -17847 13917 3930
03/18 -30630 18529 12102
03/18 -57888 42424 15465
04/18 -60135 42533 17603
04/18 -57792 43517 14276
04/18 -55442 44943 10500
04/18 -64242 46476 17767
05/18 -64196 46432 17765
05/18 -47939 33657 14282
05/18 -56354 42185 14169
05/18 -56995 39144 17852
05/18 -46189 28639 17550
06/18 -55288 42134 13153
06/18 -59838 44705 15134
06/18 -45217 40716 4501
06/18 -48369 41998 6371
07/18 -44366 37264 7103
07/18 -39578 38582 996
07/18 -41461 42090 -630
07/18 -43662 39936 3727
07/18 -46068 36356 9712
08/18 -41605 36404 5200
08/18 -44480 39025 5455
08/18 -32527 26227 6300
08/18 -38980 32267 6713
09/18 -45002 34477 10526
09/18 -36403 25916 10487
09/18 -38250 30122 8129
09/18 -54835 39657 15178
10/18 -57210 47235 9976
10/18 -66369 53812 12557
10/18 -56670 44205 12466
10/18 -61511 48517 12995
10/18 -71681 55414 16267
11/18 -53411 41700 11711
11/18 -52496 42485 10011
11/18 -65132 48957 16175
11/18 -58516 44182 14334
12/18 -38386 25421 12965
12/18 -53156 38990 14166
12/18 -67862 46776 21086
12/18 -61127 37412 23715
12/18 -50988 34067 16921
01/19 -37711 30107 7603
01/19 -21980 18238 3743
01/19 -11149 10440 708
01/19 -10227 6637 3591
02/19 15648 -16223 574
02/19 19708 -14848 -4860
02/19 19605 -16892 -2712
02/19 8950 -8460 -490
03/19 17271 -13877 -3393
03/19 10451 -7817 -2634
03/19 4471 -5483 1012
03/19 -8065 8705 -640
04/19 -4077 2555 1523
04/19 -1714 2691 -977
04/19 -9491 7390 2101
04/19 -6226 5570 656
04/19 -16402 13498 2903
05/19 -16334 17044 -710
05/19 -19865 17490 2375
05/19 -19611 17144 2467
05/19 -16409 15145 1263
06/19 -9172 17522 -8351
06/19 -10319 11551 -1233
06/19 -14922 10875 4047
06/19 -22511 20330 2179
07/19 -15517 11107 4410
07/19 -8607 4504 4103
07/19 -11841 7016 4826
07/19 -15465 10611 4854
07/19 -12791 12014 778
08/19 -11186 14909 -3724
08/19 -2834 190 2643
08/19 -14369 9856 4513
08/19 -8127 10791 -2666
09/19 -1594 -702 2296
09/19 -1881 -3680 5562
09/19 -12847 -2342 15189
09/19 -9525 2913 6612
10/19 -11262 961 10301
10/19 -15496 8950 6546
10/19 -9943 3459 6485
10/19 -10066 6239 3827
10/19 -13543 7065 6478
11/19 -6939 2999 3940
11/19 -7302 3736 3567
11/19 -2799 1171 1628
11/19 -3941 4 3939
12/19 363 -5950 5588
12/19 -3199 -2079 5279
12/19 -22206 1829 20377
12/19 -15531 6175 9356
12/19 -20290 10067 10223
01/20 -11265 5542 5723
01/20 -17596 8505 9090
01/20 -14463 4576 9887
01/20 -12650 6902 5747
02/20 -16839 10239 6600
02/20 -15550 9614 5937
02/20 -16181 9840 6342
02/20 -23132 13843 9289
03/20 -7292 2411 4881
03/20 6027 2204 -8231
03/20 -8043 11926 -3884
03/20 122 3008 -3130
03/20 19149 -2132 -17017
04/20 33483 -15665 -17818
04/20 51950 -28976 -22974
04/20 42515 -23058 -19458
04/20 53402 -33824 -19579
05/20 56681 -32463 -24217
05/20 57481 -31841 -25641
05/20 55659 -34854 -20804
05/20 59494 -39285 -20209
06/20 52551 -33160 -19392
06/20 43102 -30356 -12746
06/20 54572 -45327 -9245
06/20 32153 -19416 -12737
06/20 24415 -12847 -11567
07/20 20615 -7776 -12838
07/20 18456 -5709 -12747
07/20 16913 -7221 -9692
07/20 14607 -4170 -10436
08/20 14718 -6486 -8232
08/20 16821 -6435 -10385
08/20 10000 -4518 -5482
08/20 18947 -10133 -8814
09/20 9713 -231 -9483
09/20 4209 8136 -12345
09/20 -5676 6075 -399
09/20 -7230 10192 -2964
09/20 -13900 14632 -732
10/20 -11483 15857 -4374
10/20 -8643 10650 -2007
10/20 -11424 10884 540
10/20 -21763 23530 -1767
11/20 -15222 16594 -1373
11/20 -18076 15515 2562
11/20 -17027 12760 4266
11/20 -4281 203 4078
12/20 -2937 -836 3772
12/20 -404 -4089 4493
12/20 -1805 -4378 6183
12/20 -1416 -4911 6327
12/20 1483 -8835 7352
01/21 -1585 -10740 12325
01/21 -3397 -3901 7298
01/21 -9905 1718 8187
01/21 -1946 -2928 4873
02/21 -2433 -6282 8716
02/21 6789 -11633 4846
02/21 6194 -13156 6962
02/21 -3769 -2397 6166
03/21 -17491 7639 9852
03/21 -14000 6025 7976
03/21 -11368 2574 8795
03/21 -5058 -5661 10719
03/21 1063 -5385 4322
04/21 3508 -6151 2642
04/21 2828 -5767 2939
04/21 448 -5209 4759
04/21 -8557 5353 3204
05/21 -5697 192 5505
05/21 -13274 4559 8715
05/21 -18103 6884 11219
05/21 -18226 9934 8292
06/21 -21555 11992 9562
06/21 -22951 15770 7181
06/21 -24300 15070 9231
06/21 -16433 10019 6414
06/21 -14932 10320 4611
07/21 -17031 12632 4399
07/21 -18658 16308 2349
07/21 -12224 11038 1186
07/21 -16593 13385 3208
08/21 -19630 15316 4314
08/21 -15585 13029 2555
08/21 -12394 11143 1252
08/21 -14280 13519 761
08/21 -7201 6006 1196
09/21 -5748 2815 2933
09/21 -15560 7665 7894
09/21 -21390 9963 11427
09/21 -20422 14631 5790
10/21 -19381 14557 4824
10/21 -26633 19756 6877
10/21 -17055 13524 3531
10/21 -25308 19297 6010
11/21 -32824 25100 7724
11/21 -27384 19512 7873
11/21 -30065 22230 7834
11/21 -29910 24763 5147
11/21 -38537 35945 2592
12/21 -36585 33079 3506
12/21 -40707 33555 7153
12/21 -35437 27276 8161
12/21 -27555 20659 6897
01/22 -30471 21806 8665
01/22 -26771 15481 11290
01/22 -37701 25046 12655
01/22 -57827 45370 12458
02/22 -39308 31750 7558
02/22 -40093 35517 4576
02/22 -41124 39024 2100
02/22 -47908 47289 620
03/22 -30971 32204 -1233
03/22 -24136 25530 -1393
03/22 -22377 20440 1936
03/22 11107 -10834 -273
03/22 11664 -10171 -1493
04/22 4009 -6332 2323
04/22 -13030 12593 437
04/22 -13189 13686 -496
04/22 -25170 24550 619
05/22 -11759 10442 1318
05/22 -23362 24355 -993
05/22 -10533 13330 -2797
05/22 -5764 9778 -4014
05/22 547 4382 -4927
06/22 10372 -3405 -6967
06/22 -5773 6855 -1083
06/22 28840 -22864 -5975
06/22 33681 -27845 -5836
07/22 44325 -36736 -7588
07/22 49538 -43106 -6431
07/22 53269 -41630 -11640
07/22 58018 -47527 -10491
08/22 58627 -46377 -12251
08/22 62449 -48852 -13596
08/22 70843 -57597 -13246
08/22 65683 -52455 -13228
08/22 62363 -47926 -14436
09/22 60256 -47744 -12512
09/22 74057 -56201 -17856
09/22 62739 -43890 -18849
09/22 46593 -30041 -16553
10/22 49429 -41860 -7569
10/22 39046 -32812 -6234
10/22 51723 -44640 -7083
10/22 49530 -43821 -5710
11/22 39468 -35012 -4456
11/22 39647 -35412 -4235
11/22 40627 -40529 -98
11/22 39037 -38298 -739
11/22 40337 -40835 498
12/22 39324 -40744 1419
12/22 42545 -46025 3479
12/22 32144 -31951 -194
12/22 35797 -34856 -941
01/23 33310 -33460 150
01/23 40587 -42634 2048
01/23 46232 -45364 -869
01/23 40553 -41798 1245
01/23 46957 -44451 -2505
02/23 42976 -43509 534
02/23 50227 -49291 -936
02/23 48231 -46858 -1372
02/23 36974 -36778 -195
03/23 47536 -41897 -5639
03/23 36640 -23964 -12677
03/23 53291 -40496 -12795
03/23 54195 -44932 -9264
04/23 56294 -64292 7997
04/23 68403 -61523 -6880
04/23 71966 -68851 -3115
04/23 77328 -72653 -4674
05/23 382436 -342860 -39576
05/23 398793 -364277 -34516
05/23 416048 -374645 -41403
05/23 421527 -388530 -32996
05/23 435024 -417792 -17233
06/23 350706 -325646 -25060
06/23 307235 -305675 -1559
06/23 250663 -238648 -12016
06/23 206023 -205023 -999
07/23 206955 -200942 -6012
07/23 203471 -200726 -2745
07/23 237540 -253956 16416
07/23 218203 -224270 6066
08/23 186966 -189484 2517
08/23 140870 -149071 8201
08/23 96777 -106183 9407
08/23 102046 -126298 24252
08/23 125161 -132593 7432
09/23 123889 -134516 10626
09/23 87065 -101023 13958
09/23 125547 -140410 14864
09/23 65574 -91168 25594
10/23 46136 -77088 30952
10/23 69774 -98000 28226
10/23 44360 -69896 25536
10/23 -33746 1417 32328
10/23 -33397 -3449 36847
11/23 36298 -58153 21855
11/23 12219 -56665 44447
11/23 34874 -83900 49026
11/23 22775 -68908 46132
12/23 666 -49294 48629
12/23 22695 -60221 37526
12/23 124996 -196001 71005
12/23 122038 -193727 71690
01/24 127586 -213055 85469
01/24 17383 -112306 94923
01/24 104172 -164421 60249
01/24 112537 -185900 73362
01/24 145326 -224031 78706
02/24 163130 -231862 68731
02/24 152933 -213211 60278
02/24 143199 -215689 72490
02/24 141414 -219872 78458
03/24 120101 -198969 78868
03/24 141646 -227840 86193
03/24 108605 -187506 78901
03/24 74256 -163258 89002
04/24 -21689 -69356 91046
04/24 -42252 -51512 93764
04/24 -185138 82278 102860
04/24 -188299 76712 111587
04/24 -148458 50678 97781
05/24 -94227 -498 94724
05/24 -71619 -16519 88138
05/24 -90897 -13770 104667
05/24 -104414 6193 98220
06/24 -47670 -53189 100858
06/24 -12042 -97804 109846
06/24 9460 -99893 90433
06/24 -44530 -66105 110634
07/24 -96836 -12612 109449
07/24 -41900 -55709 97610
07/24 -35403 -68072 103476
07/24 -93142 -16094 109235
07/24 -121460 7739 113720
08/24 -115858 27940 87918
08/24 -44292 -29263 73554
08/24 -1235 -92158 93393
08/24 -26081 -89533 115615
09/24 -45340 -54821 100161
09/24 -11868 -65294 77162
09/24 40973 -128087 87113
09/24 -57530 -36133 93662
10/24 -92223 8000 84223
10/24 -85214 -4832 90046
10/24 -128522 30678 97843
10/24 -116090 25163 90929
