01/86 -22892 4207 18685
01/86 -26463 5038 21425
02/86 -21333 2022 19311
02/86 -14529 -200 14729
03/86 -17271 969 16302
03/86 -15863 -1453 17316
04/86 -17226 3050 14176
04/86 -14528 40 14488
05/86 -13381 -895 14276
05/86 -17415 2457 14958
06/86 -21913 5131 16782
06/86 -13935 -974 14909
07/86 -14703 -2376 17079
07/86 -19245 955 18290
08/86 -28704 8013 20691
08/86 -24582 6529 18053
09/86 -30005 11452 18553
09/86 -25597 7289 18308
10/86 -25327 7676 17651
10/86 -28742 9052 19690
11/86 -30792 8332 22460
11/86 -24673 4534 20139
12/86 -24589 5415 19174
12/86 -23820 3945 19875
01/87 -28833 6314 22519
01/87 -28762 6393 22369
02/87 -22988 4741 18247
02/87 -23541 3312 20229
03/87 -27320 7236 20084
03/87 -38506 12652 25854
04/87 -35048 12231 22817
04/87 -26925 8743 18182
05/87 -30349 13289 17060
05/87 -26432 4860 21572
06/87 -28675 9520 19155
06/87 -23567 8586 14981
07/87 -25723 9524 16199
07/87 -31616 11940 19676
08/87 -24256 6330 17926
08/87 -23014 929 22085
09/87 -27057 5590 21467
09/87 -23059 3784 19275
10/87 -28082 5337 22745
10/87 -19325 3739 15586
11/87 -18548 3125 15423
11/87 -17867 2721 15146
12/87 -18899 4200 14699
12/87 -15508 2745 12763
01/88 -18294 3485 14809
01/88 -15066 1339 13727
02/88 -16093 -666 16759
02/88 -15599 3105 12494
03/88 -18127 3281 14846
03/88 -30869 10318 20551
04/88 -24052 2821 21231
04/88 -20111 4038 16073
05/88 -25684 4584 21100
05/88 -28457 6403 22054
06/88 -34584 10239 24345
06/88 -29407 8694 20713
07/88 -41107 15402 25705
07/88 -35474 8344 27130
08/88 -30134 3538 26596
08/88 -27822 2687 25135
09/88 -29444 3277 26167
09/88 -24587 1833 22754
10/88 -31907 5235 26672
10/88 -32887 5204 27683
11/88 -35343 6123 29220
11/88 -18889 -933 19822
12/88 -24986 1901 23085
12/88 -26587 1629 24958
01/89 -24694 -1272 25966
01/89 -31102 3053 28049
02/89 -31618 3957 27661
02/89 -30688 5646 25042
03/89 -41897 15836 26061
03/89 -34415 8184 26231
04/89 -35989 8708 27281
04/89 -29200 6061 23139
05/89 -30206 4101 26105
05/89 -30538 5815 24723
06/89 -33363 5045 28318
06/89 -26298 2184 24114
07/89 -28148 3030 25118
07/89 -25727 496 25231
08/89 -28842 1382 27460
08/89 -24853 41 24812
09/89 -28474 630 27844
09/89 -40067 9940 30127
10/89 -34184 3757 30427
10/89 -40176 8558 31618
11/89 -48602 18540 30062
11/89 -49311 24885 24426
12/89 -52589 23204 29385
12/89 -39954 12807 27147
01/90 -39510 11109 28401
01/90 -38985 8927 30058
02/90 -45777 15138 30639
02/90 -38319 8886 29433
03/90 -40252 7496 32756
03/90 -40309 7245 33064
04/90 -48241 12294 35947
04/90 -36931 6526 30405
05/90 -43456 8773 34683
05/90 -55750 22826 32924
06/90 -45158 6341 38817
06/90 -44983 9761 35222
07/90 -47587 11238 36349
07/90 -45633 5361 40272
08/90 -54380 16762 37618
08/90 -43635 7626 36009
09/90 -43828 6776 37052
09/90 -46877 8662 38215
10/90 -41919 9150 32769
10/90 -39516 10467 29049
11/90 -38322 8516 29806
11/90 -32820 9937 22883
12/90 -32919 7547 25372
12/90 -40273 13410 26863
01/91 -42380 13053 29327
01/91 -35156 7869 27287
02/91 -38419 13195 25224
02/91 -36042 13097 22945
03/91 -51311 26162 25149
03/91 -48481 23213 25268
04/91 -47323 19561 27762
04/91 -45708 18304 27404
05/91 -49848 20806 29042
05/91 -46025 17334 28691
06/91 -56518 27758 28760
06/91 -57654 27870 29784
07/91 -52504 23452 29052
07/91 -34901 8300 26601
08/91 -24703 1450 23253
08/91 -21723 1031 20692
09/91 -31944 9755 22189
09/91 -44576 18775 25801
10/91 -42033 15814 26219
10/91 -45773 17745 28028
11/91 -35363 9133 26230
11/91 -34456 11037 23419
12/91 -17481 -6244 23725
12/91 -20686 -1016 21702
01/92 -38341 13706 24635
01/92 -46219 22126 24093
02/92 -41722 21530 20192
02/92 -37349 19206 18143
03/92 -38793 18586 20207
03/92 -44156 22534 21622
04/92 -30093 10775 19318
04/92 -26619 7300 19319
05/92 -38755 15082 23673
05/92 -35821 13741 22080
06/92 -40051 17412 22639
06/92 -29485 6173 23312
07/92 -33146 7562 25584
07/92 -33272 9245 24027
08/92 -27782 3249 24533
08/92 -28034 7191 20843
09/92 -33313 11141 22172
09/92 -33931 11553 22378
10/92 -33071 11205 21866
10/92 -33297 11495 21802
10/92 -36355 12620 23735
10/92 -38086 14143 23943
11/92 -40748 15242 25506
11/92 -41862 17197 24665
11/92 -38978 15019 23959
11/92 -38088 15050 23038
12/92 -37383 15278 22105
12/92 -37510 14583 22927
12/92 -35318 13123 22195
12/92 -37704 14450 23254
12/92 -33445 10191 23254
01/93 -31984 8296 23688
01/93 -35935 10036 25899
01/93 -38138 12017 26121
01/93 -41903 16145 25758
02/93 -38917 12839 26078
02/93 -38616 13074 25542
02/93 -43231 15024 28207
02/93 -27770 1271 26499
03/93 -26753 2759 23994
03/93 -27657 2208 25449
03/93 -36096 10557 25539
03/93 -37529 12236 25293
03/93 -53135 27256 25879
04/93 -60572 34227 26345
04/93 -60255 33172 27083
04/93 -59370 32362 27008
04/93 -61753 34038 27715
05/93 -57144 29894 27250
05/93 -59131 29672 29459
05/93 -60072 28663 31409
05/93 -59106 27268 31838
06/93 -54143 23991 30152
06/93 -50118 22296 27822
06/93 -45253 18823 26430
06/93 -44373 18001 26372
06/93 -52427 24751 27676
07/93 -56901 26909 29992
07/93 -60084 30212 29872
07/93 -58910 27627 31283
07/93 -55883 27924 27959
08/93 -60299 29212 31087
08/93 -47987 23591 24396
08/93 -47138 25263 21875
08/93 -48225 24901 23324
08/93 -53031 29830 23201
09/93 -45280 25779 19501
09/93 -45611 25391 20220
09/93 -44040 22972 21068
09/93 -44653 23711 20942
10/93 -43533 23716 19817
10/93 -48152 25883 22269
10/93 -45274 23704 21570
10/93 -47068 24058 23010
11/93 -43546 21366 22180
11/93 -45746 21975 23771
11/93 -53104 24685 28419
11/93 -47879 20476 27403
11/93 -41552 20572 20980
12/93 -51307 26309 24998
12/93 -52984 30126 22858
12/93 -54278 30933 23345
12/93 -56904 32120 24784
01/94 -60772 34044 26728
01/94 -53835 31204 22631
01/94 -59578 35130 24448
01/94 -56916 34920 21996
02/94 -56344 35770 20574
02/94 -58826 38749 20077
02/94 -56363 34414 21949
02/94 -57183 34238 22945
03/94 -59120 37020 22100
03/94 -57913 35246 22667
03/94 -63226 42649 20577
03/94 -66736 43753 22983
03/94 -67547 44187 23360
04/94 -65839 39841 25998
04/94 -58223 35153 23070
04/94 -58712 37222 21490
04/94 -58176 38099 20077
05/94 -63240 42083 21157
05/94 -62175 42078 20097
05/94 -70202 48597 21605
05/94 -78177 55332 22845
05/94 -77870 55165 22705
06/94 -70992 47059 23933
06/94 -72515 47140 25375
06/94 -73960 50564 23396
06/94 -74873 49817 25056
07/94 -76463 53151 23312
07/94 -74991 49556 25435
07/94 -73219 47527 25692
07/94 -70030 46845 23185
08/94 -68016 44502 23514
08/94 -64081 39870 24211
08/94 -61843 34654 27189
08/94 -58206 32046 26160
08/94 -70034 43639 26395
09/94 -75423 48617 26806
09/94 -69344 40277 29067
09/94 -76976 48781 28195
09/94 -79829 51749 28080
10/94 -85730 54734 30996
10/94 -76558 48432 28126
10/94 -67001 37294 29707
10/94 -61926 31016 30910
11/94 -60029 30332 29697
11/94 -58425 28157 30268
11/94 -49107 16209 32898
11/94 -46384 15102 31282
11/94 -42169 12365 29804
12/94 -34866 8039 26827
12/94 -31564 5201 26363
12/94 -33682 7957 25725
12/94 -33199 7395 25804
01/95 -33443 7863 25580
01/95 -30445 6355 24090
01/95 -33049 7634 25415
01/95 -33638 9045 24593
01/95 -31910 6340 25570
02/95 -32709 5908 26801
02/95 -34766 7307 27459
02/95 -34721 7363 27358
02/95 -31921 8838 23083
03/95 -25925 4646 21279
03/95 -29126 6989 22137
03/95 -29343 7561 21782
03/95 -31557 8928 22629
04/95 -39258 15306 23952
04/95 -40008 19242 20766
04/95 -42363 23023 19340
04/95 -42606 24134 18472
05/95 -43681 25565 18116
05/95 -43986 24394 19592
05/95 -35738 17157 18581
05/95 -35569 14065 21504
05/95 -31864 10984 20880
06/95 -28443 8653 19790
06/95 -30542 11520 19022
06/95 -33604 12577 21027
06/95 -33193 13591 19602
07/95 -23220 6544 16676
07/95 -20976 6107 14869
07/95 -24444 9227 15217
07/95 -24915 10512 14403
08/95 -25724 9483 16241
08/95 -26681 10053 16628
08/95 -29579 12966 16613
08/95 -45709 26225 19484
08/95 -47561 27070 20491
09/95 -39487 21109 18378
09/95 -39890 22790 17100
09/95 -42789 25369 17420
09/95 -45982 28142 17840
10/95 -39445 23004 16441
10/95 -38482 20998 17484
10/95 -36435 19455 16980
10/95 -35569 19430 16139
10/95 -36980 21347 15633
11/95 -36230 19525 16705
11/95 -36311 18699 17612
11/95 -34186 17612 16574
11/95 -30302 12112 18190
12/95 -30493 12835 17658
12/95 -29793 11788 18005
12/95 -26985 10577 16408
12/95 -27529 10496 17033
01/96 -34075 13864 20211
01/96 -47982 25537 22445
01/96 -51486 27952 23534
01/96 -52509 28298 24211
01/96 -51853 27230 24623
02/96 -56552 32194 24358
02/96 -56044 30863 25181
02/96 -50900 27156 23744
02/96 -45579 24110 21469
03/96 -40693 19067 21626
03/96 -45554 22837 22717
03/96 -48958 26363 22595
03/96 -56321 32981 23340
04/96 -52115 27323 24792
04/96 -46150 21883 24267
04/96 -36353 12502 23851
04/96 -35651 7423 28228
04/96 -32243 9178 23065
05/96 -36841 13564 23277
05/96 -37758 13262 24496
05/96 -30567 3807 26760
05/96 -30757 4515 26242
06/96 -30243 5702 24541
06/96 -27668 1968 25700
06/96 -25366 187 25179
06/96 -27681 2107 25574
07/96 -24568 944 23624
07/96 -26476 2885 23591
07/96 -23033 -769 23802
07/96 -18196 -6048 24244
07/96 -22001 -2312 24313
08/96 -21381 -2463 23844
08/96 -23679 -798 24477
08/96 -37176 11109 26067
08/96 -41202 15930 25272
09/96 -40289 16568 23721
09/96 -36677 12781 23896
09/96 -30305 5911 24394
09/96 -23015 -3779 26794
10/96 -24977 -464 25441
10/96 -24606 -195 24801
10/96 -30724 6273 24451
10/96 -27097 2499 24598
10/96 -23379 480 22899
11/96 -21800 -1332 23132
11/96 -23178 -1064 24242
11/96 -23991 -72 24063
11/96 -17627 -1634 19261
12/96 -16970 -1273 18243
12/96 -19244 1450 17794
12/96 -22604 6137 16467
12/96 -20112 4305 15807
12/96 -17112 310 16802
01/97 -13852 -2479 16331
01/97 -13196 -1889 15085
01/97 -11847 -2245 14092
01/97 -26169 10513 15656
02/97 -26227 8634 17593
02/97 -26483 7241 19242
02/97 -44408 24880 19528
02/97 -46795 26348 20447
03/97 -50588 31398 19190
03/97 -49535 29495 20040
03/97 -48272 27744 20528
03/97 -46859 24456 22403
04/97 -40785 18225 22560
04/97 -23357 3258 20099
04/97 -22960 1564 21396
04/97 -20861 -384 21245
04/97 -17761 -1728 19489
05/97 -20709 149 20560
05/97 -24206 3594 20612
05/97 -16490 -3755 20245
05/97 -18656 -2219 20875
06/97 -19451 -2337 21788
06/97 -21452 693 20759
06/97 -22077 -468 22545
06/97 -24391 5500 18891
07/97 -15698 -2254 17952
07/97 -7951 -7768 15719
07/97 -8295 -7387 15682
07/97 -6023 -8978 15001
07/97 -4770 -10379 15149
08/97 -8634 -6698 15332
08/97 -10767 -5570 16337
08/97 -12688 -2187 14875
08/97 -19133 5757 13376
09/97 -18535 5453 13082
09/97 -21852 7966 13886
09/97 -17980 5095 12885
09/97 -19888 5957 13931
09/97 -46390 32142 14248
10/97 -50950 34694 16256
10/97 -48191 31636 16555
10/97 -41836 26740 15096
10/97 -29359 14713 14646
11/97 -30172 15410 14762
11/97 -31580 17626 13954
11/97 -38494 24604 13890
11/97 -57255 40443 16812
12/97 -54674 40501 14173
12/97 -50785 37420 13365
12/97 -55866 41731 14135
12/97 -58663 42936 15727
12/97 -57122 42127 14995
01/98 -56670 41481 15189
01/98 -49908 37700 12208
01/98 -49405 36199 13206
01/98 -54199 40299 13900
02/98 -57643 46899 10744
02/98 -63149 47958 15191
02/98 -61087 49196 11891
02/98 -57985 46121 11864
03/98 -57729 45695 12034
03/98 -57875 44868 13007
03/98 -47893 34982 12911
03/98 -44758 32093 12665
03/98 -46680 33907 12773
04/98 -50250 36263 13987
04/98 -48346 35582 12764
04/98 -47604 33556 14048
04/98 -44006 33610 10396
05/98 -45506 32404 13102
05/98 -40786 26536 14250
05/98 -31742 16576 15166
05/98 -29215 14664 14551
06/98 -27987 12441 15546
06/98 -29617 14405 15212
06/98 -29775 13994 15781
06/98 -32374 17502 14872
06/98 -33827 18981 14846
07/98 -34376 18025 16351
07/98 -36016 18800 17216
07/98 -38790 22283 16507
07/98 -49232 30667 18565
08/98 -48111 29879 18232
08/98 -41519 25781 15738
08/98 -34343 18606 15737
08/98 -31754 17202 14552
09/98 -22869 8693 14176
09/98 -23662 9179 14483
09/98 -26805 10863 15942
09/98 -25965 12172 13793
09/98 -39137 24009 15128
10/98 -39013 23203 15810
10/98 -35011 17886 17125
10/98 -34025 17816 16209
10/98 -34388 17368 17020
11/98 -33931 18658 15273
11/98 -36793 20312 16481
11/98 -35899 19006 16893
11/98 -30352 14371 15981
12/98 -29340 15479 13861
12/98 -20084 6860 13224
12/98 -20754 7197 13557
12/98 -26168 13179 12989
12/98 -27807 14250 13557
01/99 -28762 16651 12111
01/99 -47961 32807 15154
01/99 -46207 30076 16131
01/99 -46220 30121 16099
02/99 -54956 40117 14839
02/99 -68051 53636 14415
02/99 -66220 51781 14439
02/99 -64761 50884 13877
03/99 -68072 51900 16172
03/99 -60245 41466 18779
03/99 -48071 29714 18357
03/99 -41518 23255 18263
03/99 -41217 25332 15885
04/99 -37326 21883 15443
04/99 -26706 11805 14901
04/99 -33642 21484 12158
04/99 -34692 23427 11265
05/99 -47018 32382 14636
05/99 -52740 38455 14285
05/99 -51461 37555 13906
05/99 -41331 26494 14837
06/99 -32242 17963 14279
06/99 -25164 11089 14075
06/99 -29471 14487 14984
06/99 -27133 12033 15100
06/99 -31850 20172 11678
07/99 -43323 32344 10979
07/99 -43193 32175 11018
07/99 -33621 22730 10891
07/99 -36431 25650 10781
08/99 -56501 41960 14541
08/99 -63500 48438 15062
08/99 -57366 41916 15450
08/99 -48106 34463 13643
08/99 -41056 26620 14436
09/99 -39552 25335 14217
09/99 -40487 24846 15641
09/99 -47333 31101 16232
09/99 -64237 44806 19431
10/99 -64700 45232 19468
10/99 -69517 50186 19331
10/99 -51840 34695 17145
10/99 -46357 28246 18111
11/99 -44768 27340 17428
11/99 -33578 15841 17737
11/99 -35880 18593 17287
11/99 -44204 26292 17912
11/99 -39380 24433 14947
12/99 -37917 22978 14939
12/99 -38624 22429 16195
12/99 -41589 25968 15621
12/99 -42043 26058 15985
01/00 -51932 34848 17084
01/00 -46194 29769 16425
01/00 -41158 24067 17091
01/00 -50298 32541 17757
02/00 -55036 38938 16098
02/00 -59967 44193 15774
02/00 -56956 40642 16314
02/00 -56332 40404 15928
02/00 -38262 23909 14353
03/00 -34487 17797 16690
03/00 -32603 16668 15935
03/00 -33628 17471 16157
03/00 -32718 16184 16534
04/00 -32129 14341 17788
04/00 -33637 18098 15539
04/00 -35411 19586 15825
04/00 -28088 11269 16819
05/00 -28249 11793 16456
05/00 -31719 16084 15635
05/00 -31617 16323 15294
05/00 -27875 12533 15342
05/00 -21056 5184 15872
06/00 -33207 16139 17068
06/00 -32643 14939 17704
06/00 -33825 16791 17034
06/00 -27763 8781 18982
07/00 -29421 13357 16064
07/00 -27911 11788 16123
07/00 -28011 11350 16661
07/00 -24884 8897 15987
08/00 -25232 9715 15517
08/00 -21057 6865 14192
08/00 -17421 2948 14473
08/00 -14387 1212 13175
08/00 -15312 2699 12613
09/00 -21141 7609 13532
09/00 -22725 9255 13470
09/00 -20686 6779 13907
09/00 -20712 6908 13804
10/00 -22346 8658 13688
10/00 -24138 8848 15290
10/00 -22395 7744 14651
10/00 -18927 3034 15893
10/00 -16234 -290 16524
11/00 -15833 -12 15845
11/00 -12797 -3710 16507
11/00 -13023 -1820 14843
11/00 -14106 1679 12427
12/00 -14108 1248 12860
12/00 -15940 1944 13996
12/00 -12141 -794 12935
12/00 -12736 -760 13496
01/01 -10697 -2215 12912
01/01 -11359 -729 12088
01/01 -17914 1609 16305
01/01 -25249 11800 13449
01/01 -29527 15163 14364
02/01 -28097 17147 10950
02/01 -18795 6435 12360
02/01 -12892 1211 11681
02/01 -11390 207 11183
03/01 -9545 -2298 11843
03/01 -10760 -1067 11827
03/01 -8134 -1442 9576
03/01 -11125 2510 8615
04/01 -10004 1152 8852
04/01 -11227 2226 9001
04/01 -12450 2619 9831
04/01 -17070 6555 10515
05/01 -13311 4103 9208
05/01 -10106 622 9484
05/01 -8857 -1461 10318
05/01 -24112 11327 12785
05/01 -28338 15607 12731
06/01 -21653 11406 10247
06/01 -17440 7175 10265
06/01 -18943 9533 9410
06/01 -16084 6124 9960
07/01 -12301 3562 8739
07/01 -9759 567 9192
07/01 -7746 -2586 10332
07/01 -8176 -1977 10153
07/01 -8399 -1753 10152
08/01 -8131 -1350 9481
08/01 -9716 -626 10342
08/01 -13132 2970 10162
08/01 -12813 3472 9341
09/01 -10571 1603 8968
09/01 -10506 1230 9276
09/01 -12299 8859 3440
09/01 -25936 24120 1816
10/01 -44036 29993 14043
10/01 -48741 34739 14002
10/01 -44492 31256 13236
10/01 -22099 23095 -996
10/01 -29671 18626 11045
11/01 -19222 9192 10030
11/01 -17128 6839 10289
11/01 -15085 4033 11052
11/01 -12394 1423 10971
12/01 -13179 3053 10126
12/01 -18230 7904 10326
12/01 -23319 13091 10228
12/01 -27660 17968 9692
12/01 -33487 23068 10419
01/02 -44846 32613 12233
01/02 -49134 36208 12926
01/02 -47256 33036 14220
01/02 -42898 28595 14303
02/02 -40206 25221 14985
02/02 -40208 26524 13684
02/02 -40675 28128 12547
02/02 -39171 27110 12061
03/02 -46869 32037 14832
03/02 -47246 32633 14613
03/02 -49029 33081 15948
03/02 -50993 34803 16190
04/02 -59324 41929 17395
04/02 -55220 39040 16180
04/02 -43198 28167 15031
04/02 -44515 28652 15863
04/02 -43748 28975 14773
05/02 -45682 29936 15746
05/02 -47003 30964 16039
05/02 -64598 45330 19268
05/02 -71699 49506 22193
06/02 -74555 52172 22383
06/02 -71297 50192 21105
06/02 -67317 44655 22662
06/02 -61436 39164 22272
07/02 -65004 42253 22751
07/02 -68906 44324 24582
07/02 -72438 48545 23893
07/02 -66372 43275 23097
07/02 -46709 28374 18335
08/02 -42652 24926 17726
08/02 -41130 22737 18393
08/02 -36870 16444 20426
08/02 -34500 13126 21374
09/02 -30911 11355 19556
09/02 -32390 11574 20816
09/02 -36065 14319 21746
09/02 -41749 22206 19543
10/02 -34923 18048 16875
10/02 -24380 8370 16010
10/02 -17329 -373 17702
10/02 -16581 -789 17370
10/02 -19511 2536 16975
11/02 -24011 6180 17831
11/02 -31830 14809 17021
11/02 -33927 17855 16072
11/02 -28166 12464 15702
12/02 -27351 12550 14801
12/02 -37493 21139 16354
12/02 -47433 27626 19807
12/02 -50079 28932 21147
12/02 -54897 31880 23017
01/03 -63334 38587 24747
01/03 -62822 37243 25579
01/03 -63562 38400 25162
01/03 -66781 39972 26809
02/03 -71136 42528 28608
02/03 -56895 29137 27758
02/03 -46750 20178 26572
02/03 -43543 20906 22637
03/03 -39378 18010 21368
03/03 -43328 22020 21308
03/03 -32563 12759 19804
03/03 -17028 -621 17649
04/03 -15845 -3680 19525
04/03 -19143 -680 19823
04/03 -19152 -347 19499
04/03 -23801 4091 19710
04/03 -27867 9217 18650
05/03 -44230 25588 18642
05/03 -52250 32233 20017
05/03 -54637 32164 22473
05/03 -51309 30305 21004
06/03 -42323 20748 21575
06/03 -35968 14664 21304
06/03 -34298 13682 20616
06/03 -28010 9756 18254
07/03 -28640 8876 19764
07/03 -40682 20915 19767
07/03 -48294 30343 17951
07/03 -47853 29911 17942
07/03 -70876 48432 22444
08/03 -70484 47713 22771
08/03 -67799 42183 25616
08/03 -69317 39590 29727
08/03 -67107 42345 24762
09/03 -71131 41737 29394
09/03 -81755 52810 28945
09/03 -79781 51011 28770
09/03 -78137 48657 29480
09/03 -72146 44925 27221
10/03 -49619 22741 26878
10/03 -43790 18486 25304
10/03 -46853 21928 24925
10/03 -52035 28057 23978
11/03 -49873 25071 24802
11/03 -49526 24115 25411
11/03 -62883 37354 25529
11/03 -65820 39577 26243
12/03 -69979 45142 24837
12/03 -71678 47213 24465
12/03 -74343 49468 24875
12/03 -73363 48970 24393
12/03 -76605 51525 25080
01/04 -81066 55501 25565
01/04 -81400 52612 28788
01/04 -75933 47182 28751
01/04 -85902 56445 29457
02/04 -79000 50556 28444
02/04 -79258 50132 29126
02/04 -84402 53175 31227
02/04 -83978 53699 30279
03/04 -82003 54304 27699
03/04 -87299 58686 28613
03/04 -85577 56261 29316
03/04 -86891 56347 30544
03/04 -85400 56091 29309
04/04 -82979 51737 31242
04/04 -82918 51716 31202
04/04 -74820 43303 31517
04/04 -66868 34631 32237
05/04 -61967 33048 28919
05/04 -56087 28264 27823
05/04 -53324 26183 27141
05/04 -49121 23340 25781
06/04 -49915 22868 27047
06/04 -45507 20275 25232
06/04 -45582 21028 24554
06/04 -45345 20849 24496
06/04 -49756 25448 24308
07/04 -48292 23976 24316
07/04 -57857 33936 23921
07/04 -62938 39999 22939
07/04 -57511 35456 22055
08/04 -62139 40509 21630
08/04 -67304 44344 22960
08/04 -66252 43540 22712
08/04 -69389 46432 22957
08/04 -67538 45571 21967
09/04 -57849 34677 23172
09/04 -47449 23189 24260
09/04 -47756 23840 23916
09/04 -51446 27215 24231
10/04 -67291 46281 21010
10/04 -74142 53453 20689
10/04 -75860 55487 20373
10/04 -76780 56093 20687
11/04 -74356 54332 20024
11/04 -77945 57221 20724
11/04 -78663 57177 21486
11/04 -86800 65758 21042
11/04 -87174 67224 19950
12/04 -91212 70118 21094
12/04 -66962 43225 23737
12/04 -60895 37664 23231
12/04 -61244 37706 23538
01/05 -58794 38350 20444
01/05 -54511 33118 21393
01/05 -53609 32646 20963
01/05 -52087 30226 21861
02/05 -50415 30232 20183
02/05 -47227 27763 19464
02/05 -54425 36974 17451
02/05 -60280 42314 17966
03/05 -62274 42484 19790
03/05 -66447 44739 21708
03/05 -65908 44445 21463
03/05 -62122 39552 22570
03/05 -55412 32971 22441
04/05 -55633 34598 21035
04/05 -57252 36684 20568
04/05 -58284 37636 20648
04/05 -62898 40365 22533
05/05 -42693 19858 22835
05/05 -43185 22511 20674
05/05 -43768 24690 19078
05/05 -44204 24954 19250
05/05 -63216 42801 20415
06/05 -76872 57469 19403
06/05 -73950 53947 20003
06/05 -72471 51291 21180
06/05 -68648 46647 22001
07/05 -46510 24557 21953
07/05 -43532 22860 20672
07/05 -42526 21902 20624
07/05 -42451 21918 20533
08/05 -54347 33403 20944
08/05 -50541 29238 21303
08/05 -46857 24338 22519
08/05 -46674 24677 21997
08/05 -32105 11650 20455
09/05 -35112 14566 20546
09/05 -35284 15509 19775
09/05 -53899 33460 20439
09/05 -58682 37299 21383
10/05 -63464 42782 20682
10/05 -70596 51367 19229
10/05 -73193 54246 18947
10/05 -75516 54121 21395
11/05 -72392 51548 20844
11/05 -71928 51076 20852
11/05 -72485 51722 20763
11/05 -78324 60560 17764
11/05 -82231 63151 19080
12/05 -87195 66730 20465
12/05 -82745 62787 19958
12/05 -82670 60976 21694
12/05 -83580 61193 22387
01/06 -82589 59380 23209
01/06 -82452 58971 23481
01/06 -83449 58847 24602
01/06 -81115 59832 21283
01/06 -78695 56256 22439
02/06 -75880 52788 23092
02/06 -72867 50588 22279
02/06 -73921 51847 22074
02/06 -65210 44622 20588
03/06 -73865 51956 21909
03/06 -73334 51189 22145
03/06 -75631 53901 21730
03/06 -74152 52363 21789
04/06 -75991 51846 24145
04/06 -71786 46139 25647
04/06 -69957 42176 27781
04/06 -60098 36055 24043
05/06 -54558 31211 23347
05/06 -52289 29826 22463
05/06 -48820 26070 22750
05/06 -47878 26241 21637
05/06 -48925 26372 22553
06/06 -43606 22934 20672
06/06 -43878 24468 19410
06/06 -40508 22473 18035
06/06 -37970 19840 18130
07/06 -41744 24001 17743
07/06 -41862 24391 17471
07/06 -40724 23187 17537
07/06 -41650 23822 17828
08/06 -44341 24339 20002
08/06 -47896 28570 19326
08/06 -47095 27741 19354
08/06 -49254 29553 19701
08/06 -48760 29461 19299
09/06 -50548 29820 20728
09/06 -40108 22373 17735
09/06 -35888 19081 16807
09/06 -35855 18467 17388
10/06 -35886 19213 16673
10/06 -35806 19480 16326
10/06 -40057 22407 17650
10/06 -43104 26355 16749
10/06 -46682 28102 18580
11/06 -49892 30317 19575
11/06 -54265 35094 19171
11/06 -57164 37466 19698
11/06 -58397 39044 19353
12/06 -60767 41660 19107
12/06 -62962 43604 19358
12/06 -54338 36786 17552
12/06 -51231 34503 16728
01/07 -50831 32281 18550
01/07 -49373 33632 15741
01/07 -49923 32772 17151
01/07 -54249 35653 18596
01/07 -58456 38997 19459
02/07 -60989 41127 19862
02/07 -63607 43562 20045
02/07 -64390 46428 17962
02/07 -73053 54389 18664
03/07 -56680 37040 19640
03/07 -51393 33284 18109
03/07 -50730 31564 19166
03/07 -51955 32078 19877
04/07 -51377 31660 19717
04/07 -55791 33730 22061
04/07 -58305 37033 21272
04/07 -58656 38416 20240
05/07 -53537 31725 21812
05/07 -50692 29661 21031
05/07 -50479 29756 20723
05/07 -44471 25327 19144
05/07 -46930 27692 19238
06/07 -53116 32481 20635
06/07 -50832 31680 19152
06/07 -54809 34696 20113
06/07 -47922 27852 20070
07/07 -42054 24003 18051
07/07 -44707 26478 18229
07/07 -46920 27940 18980
07/07 -52288 32343 19945
07/07 -46935 27369 19566
08/07 -47560 28940 18620
08/07 -46432 26947 19485
08/07 -35422 19798 15624
08/07 -26982 9662 17320
09/07 -24833 9277 15556
09/07 -26427 10844 15583
09/07 -29221 13209 16012
09/07 -42160 24763 17397
10/07 -44849 26598 18251
10/07 -46998 28249 18749
10/07 -48607 28896 19711
10/07 -47155 28520 18635
10/07 -51188 30489 20699
11/07 -54966 34077 20889
11/07 -54632 31227 23405
11/07 -52885 29548 23337
11/07 -51700 30874 20826
12/07 -49575 28368 21207
12/07 -53139 31020 22119
12/07 -47927 26123 21804
12/07 -52419 31490 20929
12/07 -56498 35128 21370
01/08 -63755 41083 22672
01/08 -65342 43017 22325
01/08 -68942 46588 22354
01/08 -69505 46112 23393
02/08 -70099 49750 20349
02/08 -71968 51990 19978
02/08 -75790 53138 22652
02/08 -73149 53917 19232
03/08 -70913 50617 20296
03/08 -70902 51010 19892
03/08 -71188 50455 20733
03/08 -59121 40038 19083
04/08 -58292 41264 17028
04/08 -57627 39936 17691
04/08 -58192 40537 17655
04/08 -59675 41322 18353
04/08 -60207 42557 17650
05/08 -58748 41179 17569
05/08 -59053 40041 19012
05/08 -62240 43069 19171
05/08 -64561 44838 19723
06/08 -60665 41953 18712
06/08 -59109 40921 18188
06/08 -59269 40022 19247
06/08 -58410 39000 19410
07/08 -65322 46489 18833
07/08 -68556 48138 20418
07/08 -71151 49285 21866
07/08 -69041 46960 22081
07/08 -59857 39844 20013
08/08 -55461 37200 18261
08/08 -50650 36026 14624
08/08 -46868 31564 15304
08/08 -43108 27584 15524
09/08 -38848 27009 11839
09/08 -37503 24750 12753
09/08 -37235 23501 13734
09/08 -33372 21157 12215
09/08 -28783 18336 10447
10/08 -29829 17099 12730
10/08 -27171 16922 10249
10/08 -22268 13641 8627
10/08 -23512 15068 8444
11/08 -27908 17507 10401
11/08 -27964 19626 8338
11/08 -27458 19075 8383
11/08 -23682 14159 9523
12/08 -24894 16053 8841
12/08 -24751 16883 7868
12/08 -29183 19321 9862
12/08 -30680 20240 10440
12/08 -30244 19795 10449
01/09 -30920 20189 10731
01/09 -27680 18356 9324
01/09 -28930 19066 9864
01/09 -32195 20958 11237
02/09 -33173 22415 10758
02/09 -35037 24122 10915
02/09 -36051 24717 11334
02/09 -38231 25207 13024
03/09 -38704 26685 12019
03/09 -35767 25282 10485
03/09 -35760 24415 11345
03/09 -33601 22731 10870
03/09 -33103 20587 12516
04/09 -29581 17641 11940
04/09 -28858 16806 12052
04/09 -25171 13998 11173
04/09 -27460 15719 11741
05/09 -31923 20804 11119
05/09 -37051 24500 12551
05/09 -41547 28225 13322
05/09 -42779 28034 14745
06/09 -42974 28668 14306
06/09 -46950 30884 16066
06/09 -45602 29395 16207
06/09 -41993 26205 15788
06/09 -40484 24778 15706
07/09 -37432 24126 13306
07/09 -34625 21085 13540
07/09 -33201 18540 14661
07/09 -35886 21326 14560
08/09 -39041 23849 15192
08/09 -42346 27810 14536
08/09 -43121 27851 15270
08/09 -42718 29130 13588
09/09 -48056 34429 13627
09/09 -56401 40902 15499
09/09 -61926 46469 15457
09/09 -64355 47234 17121
09/09 -64106 47410 16696
10/09 -65188 47300 17888
10/09 -65426 48275 17151
10/09 -66004 48138 17866
10/09 -64362 44140 20222
11/09 -58983 39798 19185
11/09 -58746 37954 20792
11/09 -58381 40480 17901
11/09 -64445 45648 18797
12/09 -63824 45199 18625
12/09 -61822 42536 19286
12/09 -57908 38677 19231
12/09 -57160 39678 17482
12/09 -57350 38721 18629
01/10 -57390 39499 17891
01/10 -61746 44528 17218
01/10 -61690 44301 17389
01/10 -54711 37069 17642
02/10 -46563 30877 15686
02/10 -37800 23365 14435
02/10 -38226 25378 12848
02/10 -39770 27816 11954
03/10 -40940 31058 9882
03/10 -45799 35165 10634
03/10 -48008 34856 13152
03/10 -45698 32301 13397
03/10 -46317 32981 13336
04/10 -51686 37523 14163
04/10 -55389 39605 15784
04/10 -54317 38862 15455
04/10 -56421 40567 15854
05/10 -55388 38660 16728
05/10 -52518 37590 14928
05/10 -59218 42790 16428
05/10 -51449 34832 16617
06/10 -51955 35885 16070
06/10 -52044 35003 17041
06/10 -53781 37516 16265
06/10 -55576 40051 15525
06/10 -58509 41910 16599
07/10 -52367 35044 17323
07/10 -51214 35182 16032
07/10 -47960 31634 16326
07/10 -46768 30337 16431
08/10 -52543 36455 16088
08/10 -52753 35734 17019
08/10 -53744 35572 18172
08/10 -50852 34807 16045
08/10 -59377 44813 14564
09/10 -61798 47203 14595
09/10 -65061 48791 16270
09/10 -65303 49371 15932
09/10 -65413 51481 13932
10/10 -62127 48483 13644
10/10 -61504 45352 16152
10/10 -58150 43297 14853
10/10 -57866 40509 17357
11/10 -56048 39791 16257
11/10 -50485 32583 17902
11/10 -45654 28104 17550
11/10 -46853 30426 16427
11/10 -49770 34034 15736
12/10 -48825 32969 15856
12/10 -48136 30232 17904
12/10 -47057 30295 16762
12/10 -50891 32119 18772
01/11 -49751 30035 19716
01/11 -46750 29269 17481
01/11 -45368 29653 15715
01/11 -43146 28226 14920
02/11 -44801 30680 14121
02/11 -51117 37063 14054
02/11 -55047 40937 14110
02/11 -57793 39223 18570
03/11 -56460 37902 18558
03/11 -55350 38494 16856
03/11 -53421 34954 18467
03/11 -55182 36775 18407
03/11 -55295 37139 18156
04/11 -56414 36785 19629
04/11 -51279 32722 18557
04/11 -52692 33766 18926
04/11 -42534 24995 17539
05/11 -42460 23354 19106
05/11 -41336 23486 17850
05/11 -34017 17435 16582
05/11 -34959 17583 17376
05/11 -34323 17582 16741
06/11 -33328 16999 16329
06/11 -33224 16587 16637
06/11 -35564 19323 16241
06/11 -29166 15998 13168
07/11 -33451 18835 14616
07/11 -37490 20503 16987
07/11 -39513 20749 18764
07/11 -42773 23913 18860
08/11 -44588 24851 19737
08/11 -35341 18388 16953
08/11 -40681 21928 18753
08/11 -47099 27011 20088
08/11 -45148 26843 18305
09/11 -47306 27207 20099
09/11 -45387 26287 19100
09/11 -40708 22538 18170
09/11 -24262 15425 8837
10/11 -18923 11900 7023
10/11 -20828 11948 8880
10/11 -18774 10352 8422
10/11 -23516 11022 12494
11/11 -22842 12174 10668
11/11 -24711 12940 11771
11/11 -26292 14447 11845
11/11 -21731 12624 9107
11/11 -20688 12094 8594
12/11 -22519 12630 9889
12/11 -20305 13667 6638
12/11 -14825 7428 7397
12/11 -14132 6855 7277
01/12 -15916 9638 6278
01/12 -19062 11071 7991
01/12 -20382 13393 6989
01/12 -25021 16117 8904
01/12 -28729 19091 9638
02/12 -34650 23587 11063
02/12 -37310 25668 11642
02/12 -39188 26665 12523
02/12 -44593 30003 14590
03/12 -35796 23192 12604
03/12 -35631 21816 13815
03/12 -32126 21169 10957
03/12 -29678 18655 11023
04/12 -31336 20055 11281
04/12 -26386 18186 8200
04/12 -26497 18407 8090
04/12 -22353 16471 5882
05/12 -23743 15584 8159
05/12 -17899 12563 5336
05/12 -15908 11474 4434
05/12 -15222 10797 4425
05/12 -14334 8558 5776
06/12 -16525 9794 6731
06/12 -17919 9609 8310
06/12 -16954 10102 6852
06/12 -12011 6222 5789
07/12 -17354 9706 7648
07/12 -14107 8782 5325
07/12 -15135 7656 7479
07/12 -15455 8159 7296
07/12 -21362 13036 8326
08/12 -21852 13680 8172
08/12 -23402 15587 7815
08/12 -32477 21200 11277
08/12 -38574 28638 9936
09/12 -44920 32430 12490
09/12 -47272 31482 15790
09/12 -50474 32555 17919
09/12 -51659 34010 17649
10/12 -57840 38118 19722
10/12 -57004 39825 17179
10/12 -57094 40128 16966
10/12 -55499 38136 17363
10/12 -53732 36217 17515
11/12 -49678 34119 15559
11/12 -50961 34410 16551
11/12 -55186 37961 17225
11/12 -59334 41275 18059
12/12 -58514 41272 17242
12/12 -57923 39500 18423
12/12 -55339 35989 19350
12/12 -46708 30643 16065
12/12 -45336 29187 16149
01/13 -41265 28094 13171
01/13 -42032 28572 13460
01/13 -47398 31093 16305
01/13 -50267 34804 15463
02/13 -51946 35861 16085
02/13 -46797 32072 14725
02/13 -37956 26456 11500
02/13 -30886 21737 9149
03/13 -29183 18603 10580
03/13 -29423 18108 11315
03/13 -26439 15051 11388
03/13 -24041 11404 12637
04/13 -18503 8146 10357
04/13 -17924 7915 10009
04/13 -22498 17598 4900
04/13 -17164 15001 2163
04/13 -14230 12190 2040
05/13 -14456 13651 805
05/13 -13218 10794 2424
05/13 -11926 8815 3111
05/13 -8334 4591 3743
06/13 -8399 5356 3043
06/13 -5020 3703 1317
06/13 -5952 3904 2048
06/13 -4093 837 3256
07/13 -7769 4647 3122
07/13 -6898 5021 1877
07/13 -11322 6635 4687
07/13 -10113 5681 4432
07/13 -8307 4975 3332
08/13 -10300 5467 4833
08/13 -20276 12709 7567
08/13 -23274 18508 4766
08/13 -24374 16380 7994
09/13 -27363 18847 8516
09/13 -23498 15834 7664
09/13 -22254 13806 8448
09/13 -19621 12652 6969
10/13 -16645 12775 3870
10/13 -21266 15006 6260
10/13 -19273 14768 4505
10/13 -24885 18208 6677
10/13 -26136 18449 7687
11/13 -25834 18903 6931
11/13 -22629 13036 9593
11/13 -17464 10031 7433
11/13 -16428 6622 9806
12/13 -12165 2901 9264
12/13 -17532 9953 7579
12/13 -19245 11548 7697
12/13 -19686 12098 7588
12/13 -24772 14681 10091
01/14 -25529 17335 8194
01/14 -24809 16489 8320
01/14 -23951 15868 8083
01/14 -21033 10492 10541
02/14 -14852 6988 7864
02/14 -22417 12634 9783
02/14 -32853 23535 9318
02/14 -38985 28937 10048
03/14 -39769 27909 11860
03/14 -37634 26664 10970
03/14 -35900 24372 11528
03/14 -31755 19013 12742
04/14 -28442 14504 13938
04/14 -28905 16262 12643
04/14 -23294 13099 10195
04/14 -22773 14117 8656
04/14 -23356 12051 11305
05/14 -20349 10379 9970
05/14 -19434 11537 7897
05/14 -17597 8076 9521
05/14 -14230 5088 9142
06/14 -9640 766 8874
06/14 -14322 4106 10216
06/14 -22838 13337 9501
06/14 -42897 29330 13567
07/14 -51955 40299 11656
07/14 -58018 47881 10137
07/14 -58696 49278 9418
07/14 -58347 47525 10822
07/14 -56583 44112 12471
08/14 -48203 34363 13840
08/14 -43726 29697 14029
08/14 -37383 24151 13232
08/14 -37319 22524 14795
09/14 -32295 19555 12740
09/14 -29953 16537 13416
09/14 -23559 10912 12647
09/14 -16767 8822 7945
09/14 -15461 6626 8835
10/14 -16240 8942 7298
10/14 -16260 7737 8523
10/14 -14591 6831 7760
10/14 -14155 5932 8223
11/14 -12408 6942 5466
11/14 -17612 10432 7180
11/14 -18367 11754 6613
11/14 -22043 15456 6587
12/14 -26586 21591 4995
12/14 -35357 28459 6898
12/14 -33997 26489 7508
12/14 -33732 26313 7419
12/14 -38636 30022 8614
01/15 -39609 32039 7570
01/15 -46804 39939 6865
01/15 -55641 46274 9367
01/15 -61593 53347 8246
02/15 -56199 50573 5626
02/15 -53457 46864 6593
02/15 -47721 41323 6398
02/15 -42147 37339 4808
03/15 -39712 31207 8505
03/15 -33263 25972 7291
03/15 -30210 24411 5799
03/15 -39242 32123 7119
03/15 -49861 43112 6749
04/15 -50438 42081 8357
04/15 -43865 34545 9320
04/15 -33836 24325 9511
04/15 -33999 22930 11069
05/15 -37250 27623 9627
05/15 -38103 29338 8765
05/15 -62485 51280 11205
05/15 -61502 50981 10521
06/15 -57569 46845 10724
06/15 -35941 22546 13395
06/15 -28855 15672 13183
06/15 -29477 15557 13920
06/15 -21160 9881 11279
07/15 -14319 6793 7526
07/15 -15589 9553 6036
07/15 -11167 4245 6922
07/15 -12073 6296 5777
08/15 -13756 8405 5351
08/15 -22227 16837 5390
08/15 -23393 14034 9359
08/15 -23970 15558 8412
09/15 -22566 17472 5094
09/15 -25560 18741 6819
09/15 -21357 14263 7094
09/15 -31314 24859 6455
09/15 -30106 23103 7003
10/15 -49502 40786 8716
10/15 -58626 51710 6916
10/15 -66800 57298 9502
10/15 -69373 62445 6928
11/15 -67141 58377 8764
11/15 -50129 38990 11139
11/15 -35524 25254 10270
11/15 -28725 19393 9332
12/15 -29821 21890 7931
12/15 -31027 21260 9767
12/15 -23542 15577 7965
12/15 -31162 23391 7771
12/15 -29878 20704 9174
01/16 -28799 21626 7173
01/16 -30562 22483 8079
01/16 -36034 28958 7076
01/16 -45124 37586 7538
02/16 -45474 38588 6886
02/16 -61709 52682 9027
02/16 -70062 58717 11345
02/16 -73677 61927 11750
03/16 -65237 55480 9757
03/16 -70815 59884 10931
03/16 -70024 58073 11951
03/16 -77242 63429 13813
03/16 -68104 54507 13597
04/16 -59665 52011 7654
04/16 -72416 62468 9948
04/16 -84084 71428 12656
04/16 -91302 78773 12529
05/16 -90594 75875 14719
05/16 -91732 80271 11461
05/16 -89895 77202 12693
05/16 -78293 65884 12409
05/16 -75965 61631 14334
06/16 -71834 57041 14793
06/16 -81744 69639 12105
06/16 -89936 80243 9693
06/16 -95201 83661 11540
07/16 -98768 85754 13014
07/16 -100120 87652 12468
07/16 -106255 94390 11865
07/16 -107123 96077 11046
08/16 -109121 93434 15687
08/16 -103311 91064 12247
08/16 -100594 84989 15605
08/16 -98069 83203 14866
08/16 -95678 84354 11324
09/16 -99582 88028 11554
09/16 -96675 81568 15107
09/16 -96945 82635 14310
09/16 -100818 84862 15956
10/16 -90896 75803 15093
10/16 -77635 62893 14742
10/16 -74911 59286 15625
10/16 -73396 57073 16323
11/16 -76917 62136 14781
11/16 -82261 65269 16992
11/16 -78521 62606 15915
11/16 -78232 60167 18065
11/16 -75445 59040 16405
12/16 -75740 59365 16375
12/16 -81131 66933 14198
12/16 -73948 60894 13054
12/16 -74007 58911 15096
01/17 -75814 61291 14523
01/17 -78937 64601 14336
01/17 -81736 69482 12254
01/17 -83084 71021 12063
01/17 -89413 75974 13439
02/17 -92712 78277 14435
02/17 -99027 84812 14215
02/17 -102233 88017 14216
02/17 -108010 95423 12587
03/17 -105862 93453 12409
03/17 -97999 82878 15121
03/17 -93734 79112 14622
03/17 -101767 90688 11079
04/17 -112346 101382 10964
04/17 -114414 105515 8899
04/17 -116832 103887 12945
04/17 -108089 93613 14476
05/17 -86574 71367 15207
05/17 -69269 53655 15614
05/17 -57337 43004 14333
05/17 -63987 51173 12814
05/17 -71082 61414 9668
06/17 -75624 65941 9683
06/17 -71913 60658 11255
06/17 -58834 46681 12153
06/17 -50208 35532 14676
07/17 -39228 26275 12953
07/17 -24567 14005 10562
07/17 -21914 9376 12538
07/17 -29532 19417 10115
08/17 -39667 30759 8908
08/17 -39561 33864 5697
08/17 -48088 38851 9237
08/17 -55049 44546 10503
08/17 -65588 53645 11943
09/17 -76688 64171 12517
09/17 -84681 74987 9694
09/17 -78408 67803 10605
09/17 -72266 60260 12006
10/17 -68717 59179 9538
10/17 -70608 59108 11500
10/17 -74913 63915 10998
10/17 -76505 65120 11385
10/17 -71028 60152 10876
11/17 -81641 68902 12739
11/17 -80448 69173 11275
11/17 -80436 67641 12795
11/17 -73075 58782 14293
12/17 -46354 31426 14928
12/17 -24829 9914 14915
12/17 -18621 2469 16152
12/17 -20739 4648 16091
01/18 -37192 22750 14442
01/18 -49942 38035 11907
01/18 -50143 37212 12931
01/18 -41497 29081 12416
01/18 -47291 32422 14869
02/18 -30641 16540 14101
02/18 -21948 8711 13237
02/18 -19445 5320 14125
02/18 -14463 -1508 15971
03/18 -21810 6186 15624
03/18 -19273 2947 16326
03/18 -3709 -12516 16225
03/18 -7352 -13657 21009
04/18 -2637 -16965 19602
04/18 -4578 -14833 19411
04/18 -16955 -87 17042
04/18 -31565 11967 19598
05/18 -11978 -7196 19174
05/18 -17077 -121 17198
05/18 -18066 658 17408
05/18 -31423 15225 16198
05/18 -35297 17453 17844
06/18 -37547 19434 18113
06/18 -67382 49730 17652
06/18 -58541 40902 17639
06/18 -49031 34221 14810
07/18 -38555 24682 13873
07/18 -38600 23699 14901
07/18 -25065 8882 16183
07/18 -20025 3538 16487
07/18 -24149 5864 18285
08/18 -22118 4341 17777
08/18 -12376 -2836 15212
08/18 -7418 -7158 14576
08/18 1417 -16598 15181
09/18 14613 -28974 14361
09/18 12374 -27403 15029
09/18 8834 -25516 16682
09/18 5386 -23255 17869
10/18 -1012 -17498 18510
10/18 3555 -22250 18695
10/18 -4824 -14827 19651
10/18 -13262 -5179 18441
10/18 -9760 -8470 18230
11/18 -19291 -2470 21761
11/18 -4947 -17145 22092
11/18 -6894 -10728 17622
11/18 -8841 -10966 19807
12/18 -15418 -635 16053
12/18 -27879 11256 16623
12/18 -35476 19831 15645
12/18 -39869 25550 14319
12/18 -57854 44959 12895
01/19 -68791 54023 14768
01/19 -71690 52175 19515
01/19 -64932 48156 16776
01/19 -72462 54283 18179
02/19 -78204 57095 21109
02/19 -75494 53203 22291
02/19 -73874 50269 23605
02/19 -78169 58313 19856
03/19 -52241 32521 19720
03/19 -46261 27082 19179
03/19 -43700 23310 20390
03/19 -46716 26677 20039
04/19 -34358 16783 17575
04/19 -37762 16418 21344
04/19 -23672 5885 17787
04/19 -19992 -110 20102
04/19 -21360 2136 19224
05/19 -16659 -957 17616
05/19 -12778 -2209 14987
05/19 -5183 -14662 19845
05/19 1115 -22409 21294
06/19 -12289 -8443 20732
06/19 -25191 2660 22531
06/19 -34487 14516 19971
06/19 -53552 30565 22987
07/19 -52063 30455 21608
07/19 -45277 25151 20126
07/19 -59357 37425 21932
07/19 -76138 54761 21377
07/19 -83916 64297 19619
08/19 -75266 49832 25434
08/19 -65233 39269 25964
08/19 -70863 46714 24149
08/19 -81681 59852 21829
09/19 -84678 62125 22553
09/19 -84768 60231 24537
09/19 -77547 55978 21569
09/19 -75779 50729 25050
10/19 -73781 49815 23966
10/19 -76906 50754 26152
10/19 -70487 43989 26498
10/19 -72023 46743 25280
10/19 -68045 53678 14367
11/19 -74982 47997 26985
11/19 -61892 37364 24528
11/19 -66549 44716 21833
11/19 -73873 52510 21363
12/19 -74299 50227 24072
12/19 -63147 40742 22405
12/19 -70958 45781 25177
12/19 -85327 62422 22905
12/19 -96652 69728 26924
01/20 -91174 67253 23921
01/20 -92357 67373 24984
01/20 -94228 68875 25353
01/20 -89171 63417 25754
02/20 -91356 67803 23553
02/20 -92457 67637 24820
02/20 -100781 77877 22904
02/20 -99360 74793 24567
03/20 -68444 48303 20141
03/20 -60336 44947 15389
03/20 -54647 41968 12679
03/20 -44680 33687 10993
03/20 -41300 30878 10422
04/20 -42987 29717 13270
04/20 -43456 30554 12902
04/20 -39335 28508 10827
04/20 -36857 25505 11352
05/20 -33948 22915 11033
05/20 -40681 25773 14908
05/20 -44889 30928 13961
05/20 -50592 37189 13403
06/20 -53947 37224 16723
06/20 -50171 33365 16806
06/20 -49030 36622 12408
06/20 -50837 37923 12914
06/20 -50274 37601 12673
07/20 -52642 37825 14817
07/20 -60195 43869 16326
07/20 -61969 46755 15214
07/20 -47484 27308 20176
08/20 -51170 29889 21281
08/20 -45660 23568 22092
08/20 -44128 26556 17572
08/20 -47782 31337 16445
09/20 -51784 33472 18312
09/20 -49119 33480 15639
09/20 -56007 38349 17658
09/20 -53234 38947 14287
09/20 -53199 40730 12469
10/20 -56196 41257 14939
10/20 -56948 40788 16160
10/20 -59500 44726 14774
10/20 -59086 44631 14455
11/20 -59331 45341 13990
11/20 -59542 45828 13714
11/20 -61676 45614 16062
11/20 -60160 45680 14480
12/20 -61885 47892 13993
12/20 -66922 48376 18546
12/20 -68990 49512 19478
12/20 -77158 57289 19869
12/20 -75826 54779 21047
01/21 -77514 55551 21963
01/21 -69986 52792 17194
01/21 -70316 52002 18314
01/21 -73412 54460 18952
02/21 -73854 51409 22445
02/21 -72820 49543 23277
02/21 -71388 49824 21564
02/21 -70442 47643 22799
03/21 -59200 39616 19584
03/21 -55168 36149 19019
03/21 -52777 33609 19168
03/21 -49602 31079 18523
03/21 -45161 28970 16191
04/21 -50585 32315 18270
04/21 -55502 36424 19078
04/21 -61117 41681 19436
04/21 -63752 42841 20911
05/21 -68545 47867 20678
05/21 -73275 52843 20432
05/21 -74361 50981 23380
05/21 -72274 50482 21792
06/21 -71482 47517 23965
06/21 -70113 49806 20307
06/21 -71004 52064 18940
06/21 -57682 39871 17811
06/21 -57108 41477 15631
07/21 -63097 44488 18609
07/21 -60868 43689 17179
07/21 -52542 37475 15067
07/21 -46909 31217 15692
08/21 -52169 36139 16030
08/21 -39848 24474 15374
08/21 -35490 21220 14270
08/21 -36126 21861 14265
08/21 -37967 22331 15636
09/21 -43252 28556 14696
09/21 -40156 26676 13480
09/21 -28055 15635 12420
09/21 -28648 16705 11943
10/21 -27778 16379 11399
10/21 -30292 17987 12305
10/21 -44580 30356 14224
10/21 -51504 37532 13972
11/21 -48860 33115 15745
11/21 -53669 36915 16754
11/21 -66148 45625 20523
11/21 -56998 40105 16893
11/21 -52009 38434 13575
12/21 -43148 29833 13315
12/21 -35855 21984 13871
12/21 -36399 20926 15473
12/21 -41928 26458 15470
01/22 -43973 30919 13054
01/22 -37360 27548 9812
01/22 -41540 29700 11840
01/22 -47684 32141 15543
02/22 -35263 22118 13145
02/22 -32571 19299 13272
02/22 -36348 23556 12792
02/22 -43720 30302 13418
03/22 -57150 44948 12202
03/22 -69609 52297 17312
03/22 -67579 51554 16025
03/22 -64557 47947 16610
03/22 -61372 48240 13132
04/22 -60036 45034 15002
04/22 -63690 45986 17704
04/22 -63288 46429 16859
04/22 -48783 35406 13377
05/22 -39317 28068 11249
05/22 -30519 19082 11437
05/22 -24841 16114 8727
05/22 -23297 14103 9194
05/22 -23861 13997 9864
06/22 -27990 17404 10586
06/22 -22047 14005 8042
06/22 -27250 18419 8831
06/22 -18485 10891 7594
07/22 -11622 5139 6483
07/22 -9612 3204 6408
07/22 -8213 1360 6853
07/22 -2653 -4500 7153
08/22 -9064 974 8090
08/22 -13574 2879 10695
08/22 -12451 3508 8943
08/22 -4319 -4500 8819
08/22 265 -8271 8006
09/22 5055 -12784 7729
09/22 -2551 -4640 7191
09/22 -5629 -1640 7269
09/22 -6860 758 6102
10/22 -17617 8708 8909
10/22 -15603 7389 8214
10/22 -9085 1267 7818
10/22 -8857 -101 8958
11/22 -10363 1524 8839
11/22 -22088 13003 9085
11/22 -29424 17607 11817
11/22 -27642 16766 10876
11/22 -28997 17483 11514
12/22 -32262 19208 13054
12/22 -35806 22819 12987
12/22 -40309 29762 10547
12/22 -42917 31027 11890
01/23 -44211 30934 13277
01/23 -42925 29013 13912
01/23 -45367 31468 13899
01/23 -39461 25684 13777
01/23 -40434 27316 13118
02/23 -29679 13531 16148
02/23 -25822 11506 14316
02/23 -23050 9902 13148
02/23 -13152 -54 13206
03/23 -5613 -7782 13395
03/23 -9237 -1219 10456
03/23 -12681 3462 9219
03/23 -21875 13361 8514
04/23 -31435 21283 10152
04/23 -36255 23718 12537
04/23 -38656 26595 12061
04/23 -41523 30603 10920
05/23 -45174 31952 13222
05/23 -46190 32360 13830
05/23 -37067 23815 13252
05/23 -34972 21958 13014
05/23 -34536 21124 13412
06/23 -34065 21475 12590
06/23 -38470 23736 14734
06/23 -36210 20058 16152
06/23 -29327 19052 10275
07/23 -29569 17990 11579
07/23 -31649 20292 11357
07/23 -55983 43862 12121
07/23 -49718 36925 12793
08/23 -44012 30831 13181
08/23 -30349 13324 17025
08/23 -23264 7861 15403
08/23 -23804 12877 10927
08/23 -35776 27133 8643
09/23 -37708 26804 10904
09/23 -32040 18033 14007
09/23 -29787 15231 14556
09/23 -33080 20105 12975
10/23 -30358 15344 15014
10/23 -26218 12299 13919
10/23 -31626 19746 11880
10/23 -34570 24332 10238
10/23 -33139 20211 12928
11/23 -30722 18253 12469
11/23 -31634 22398 9236
11/23 -40944 27452 13492
11/23 -47855 34280 13575
12/23 -52014 36303 15711
12/23 -47496 28458 19038
12/23 -48791 29751 19040
12/23 -52622 31863 20759
01/24 -50547 32570 17977
01/24 -43755 26362 17393
01/24 -43759 25593 18166
01/24 -34071 17737 16334
01/24 -37778 21426 16352
02/24 -33483 16880 16603
02/24 -29688 12425 17263
02/24 -37945 22377 15568
02/24 -32448 14499 17949
03/24 -45025 28315 16710
03/24 -55130 40978 14152
03/24 -64017 52435 11582
03/24 -65077 50836 14241
04/24 -67706 53147 14559
04/24 -71275 53212 18063
04/24 -74028 53359 20669
04/24 -77409 59340 18069
04/24 -75196 54494 20702
05/24 -74415 53652 20763
05/24 -81422 59461 21961
05/24 -83094 59644 23450
05/24 -81072 57183 23889
06/24 -81520 56403 25117
06/24 -78337 51692 26645
06/24 -78602 51901 26701
06/24 -80718 55978 24740
07/24 -79955 55834 24121
07/24 -84790 61056 23734
07/24 -83735 60165 23570
07/24 -73816 51380 22436
07/24 -70370 49061 21309
08/24 -69631 49081 20550
08/24 -66776 45289 21487
08/24 -71228 49324 21904
08/24 -72140 52186 19954
09/24 -64529 46059 18470
09/24 -62086 44742 17344
09/24 -77306 58298 19008
09/24 -81832 62198 19634
10/24 -79220 56924 22296
10/24 -76715 54715 22000
10/24 -75758 54032 21726
