01/86 2345 -1522 -823
01/86 2870 -2365 -505
02/86 11547 -4676 -6871
02/86 13543 -4819 -8724
03/86 9047 -4859 -4188
03/86 1359 715 -2074
04/86 7978 -3907 -4071
04/86 4562 -1051 -3511
05/86 1015 -408 -607
05/86 -2162 -1110 3272
06/86 5472 -4260 -1212
06/86 7083 -4295 -2788
07/86 3930 -2396 -1534
07/86 6228 -3273 -2955
08/86 6926 -5446 -1480
08/86 7359 -3891 -3468
09/86 3425 -2863 -562
09/86 -2543 -200 2743
10/86 -1855 -2949 4804
10/86 -20094 5893 14201
11/86 -17710 4072 13638
11/86 -13416 2162 11254
12/86 -9691 -241 9932
12/86 -9093 886 8207
01/87 -16733 2743 13990
01/87 -21895 4456 17439
02/87 -12353 726 11627
02/87 -5695 -463 6158
03/87 -12255 1246 11009
03/87 -6229 -1847 8076
04/87 -12987 981 12006
04/87 -12744 992 11752
05/87 -26173 2599 23574
05/87 -19425 1681 17744
06/87 -24289 2411 21878
06/87 -13277 2464 10813
07/87 -10057 2187 7870
07/87 -7231 3528 3703
08/87 -5220 111 5109
08/87 -11926 2835 9091
09/87 -13408 2997 10411
09/87 -18630 6803 11827
10/87 -29006 11259 17747
10/87 -14957 6159 8798
11/87 -18359 6590 11769
11/87 -21432 8784 12648
12/87 -21610 10696 10914
12/87 -22461 10280 12181
01/88 -225723 12869 212854
01/88 -14538 6503 8035
02/88 -16121 8933 7188
02/88 -14255 7285 6970
03/88 -2572 598 1974
03/88 -16050 7988 8062
04/88 -16329 8354 7975
04/88 -27309 12256 15053
05/88 -25964 14370 11594
05/88 -23348 11500 11848
06/88 -27527 12990 14537
06/88 -24847 9870 14977
07/88 -29157 10589 18568
07/88 -12697 6323 6374
08/88 -14948 4161 10787
08/88 -10304 4041 6263
09/88 -10086 3166 6920
09/88 -906 -1124 2030
10/88 -2175 -1315 3490
10/88 -1262 -1789 3051
11/88 -3446 -3099 6545
11/88 -153 -1790 1943
12/88 -10887 2220 8667
12/88 -12817 3744 9073
01/89 -9367 25 9342
01/89 -1822 -936 2758
02/89 -6838 3402 3436
02/89 -14903 3299 11604
03/89 -18709 3198 15511
03/89 293 93 -386
04/89 1024 792 -1816
04/89 -7505 1614 5891
05/89 -11019 2449 8570
05/89 1556 -4700 3144
06/89 -930 -1985 2915
06/89 4460 -4304 -156
07/89 3688 -2146 -1542
07/89 8368 -3356 -5012
08/89 5303 -1789 -3514
08/89 2606 184 -2790
09/89 -923 1355 -432
09/89 -1842 -222 2064
10/89 4976 -3306 -1670
10/89 -7398 2223 5175
11/89 -20589 11070 9519
11/89 -7626 3272 4354
12/89 -7243 1202 6041
12/89 -5822 1347 4475
01/90 -10840 2926 7914
01/90 -7002 1401 5601
02/90 -19782 7757 12025
02/90 -28075 12630 15445
03/90 -28149 12934 15215
03/90 -19254 8374 10880
04/90 -20825 8983 11842
04/90 -33654 15157 18497
05/90 -29847 15531 14316
05/90 -20183 9091 11092
06/90 -21271 10871 10400
06/90 -21925 12909 9016
07/90 -14049 6922 7127
07/90 -14963 6668 8295
08/90 -17858 8696 9162
08/90 -10338 4240 6098
09/90 -2956 1701 1255
09/90 -2161 2653 -492
10/90 9377 -3249 -6128
10/90 8585 -5954 -2631
11/90 10023 -7554 -2469
11/90 303 -2662 2359
12/90 100 -2948 2848
12/90 5264 -3330 -1934
01/91 4764 -5462 698
01/91 -9750 2661 7089
02/91 -2728 -774 3502
02/91 -4292 -636 4928
03/91 -7541 2716 4825
03/91 6859 -2741 -4118
04/91 213 -107 -106
04/91 13103 -7578 -5525
05/91 17479 -10356 -7123
05/91 13032 -7594 -5438
06/91 14912 -8189 -6723
06/91 16299 -8224 -8075
07/91 14688 -7646 -7042
07/91 -3250 85 3165
08/91 1632 -157 -1475
08/91 3130 -1767 -1363
09/91 514 -1204 690
09/91 3938 -2177 -1761
10/91 7784 -3965 -3819
10/91 5792 -4420 -1372
11/91 10375 -8350 -2025
11/91 8397 -6330 -2067
12/91 3599 -4196 597
12/91 13188 -8520 -4668
01/92 6750 -6230 -520
01/92 -3582 209 3373
02/92 1200 -2230 1030
02/92 -10104 2568 7536
03/92 -26238 12475 13763
03/92 -11163 1309 9854
04/92 -6750 -1659 8409
04/92 -4570 -865 5435
05/92 -17503 5230 12273
05/92 -18158 7384 10774
06/92 -17579 3596 13983
06/92 -9498 3169 6329
07/92 -2400 -2287 4687
07/92 5710 -6699 989
08/92 5567 -6516 949
08/92 5808 -3729 -2079
09/92 -3147 -1922 5069
09/92 241 -2346 2105
10/92 9725 -8858 -867
10/92 7964 -7435 -529
10/92 -3823 -2120 5943
10/92 -7011 -1152 8163
11/92 -12792 805 11987
11/92 -16543 4229 12314
11/92 -26904 8092 18812
11/92 -31256 10692 20564
12/92 -25533 9934 15599
12/92 -24717 8079 16638
12/92 -30536 12120 18416
12/92 -29468 9092 20376
12/92 -26959 8734 18225
01/93 -22588 6319 16269
01/93 -30040 11021 19019
01/93 -32582 11945 20637
01/93 -26631 10078 16553
02/93 -22155 8362 13793
02/93 -16258 3157 13101
02/93 -14872 2409 12463
02/93 -13071 2897 10174
03/93 -17865 3262 14603
03/93 -19857 5027 14830
03/93 -14698 3580 11118
03/93 -19613 4911 14702
03/93 -13475 3444 10031
04/93 -16963 4611 12352
04/93 -24033 7217 16816
04/93 -20566 6043 14523
04/93 -18953 5762 13191
05/93 -7765 -725 8490
05/93 -9760 1671 8089
05/93 -9765 1069 8696
05/93 -10350 1712 8638
06/93 -9303 1798 7505
06/93 5200 -6104 904
06/93 8580 -7171 -1409
06/93 -14270 2689 11581
06/93 -19919 6716 13203
07/93 -21855 6834 15021
07/93 -24461 10482 13979
07/93 -25782 11389 14393
07/93 -23305 9907 13398
08/93 -19426 5476 13950
08/93 -17914 4138 13776
08/93 -14347 2483 11864
08/93 -13958 2605 11353
08/93 -13511 3356 10155
09/93 -12056 2328 9728
09/93 -10580 1189 9391
09/93 -10383 -1184 11567
09/93 -19822 5116 14706
10/93 -7856 273 7583
10/93 -7112 -1792 8904
10/93 -8303 -1242 9545
10/93 -13292 1624 11668
11/93 -17867 4345 13522
11/93 -21809 7420 14389
11/93 -33908 16488 17420
11/93 -35925 17385 18540
11/93 -33312 16782 16530
12/93 -38345 16415 21930
12/93 -41974 18103 23871
12/93 -46284 23136 23148
12/93 -46812 23358 23454
01/94 -47670 23795 23875
01/94 -45988 23007 22981
01/94 -46974 22293 24681
01/94 -45439 18453 26986
02/94 -40685 19407 21278
02/94 -32824 13841 18983
02/94 -32954 12546 20408
02/94 -34168 13482 20686
03/94 -36177 15295 20882
03/94 -24487 8264 16223
03/94 -26608 9157 17451
03/94 -33829 15275 18554
03/94 -36373 15536 20837
04/94 -15189 2048 13141
04/94 -11224 -899 12123
04/94 -16661 732 15929
04/94 -23625 7714 15911
05/94 -28954 11359 17595
05/94 -29591 11865 17726
05/94 -40503 19733 20770
05/94 -45026 26375 18651
05/94 -28067 12783 15284
06/94 -16176 9983 6193
06/94 -14103 4014 10089
06/94 -14828 4220 10608
06/94 -10090 1089 9001
07/94 -2105 -3710 5815
07/94 1984 -3834 1850
07/94 304 -4978 4674
07/94 98 -5411 5313
08/94 1189 -4833 3644
08/94 -7011 -1430 8441
08/94 -5092 -2112 7204
08/94 -5179 -1067 6246
08/94 -10691 4238 6453
09/94 -15480 7479 8001
09/94 -22980 13629 9351
09/94 -20112 10889 9223
09/94 -18132 11150 6982
10/94 -8359 2338 6021
10/94 -8597 598 7999
10/94 -14806 2963 11843
10/94 -20975 9555 11420
11/94 -22608 14121 8487
11/94 -28683 19135 9548
11/94 -32082 21767 10315
11/94 -31683 21167 10516
11/94 -33587 24226 9361
12/94 -30931 21733 9198
12/94 -28540 19745 8795
12/94 -26464 17872 8592
12/94 -32173 23612 8561
01/95 -34048 26328 7720
01/95 -29099 22272 6827
01/95 -17742 12561 5181
01/95 -14758 8946 5812
01/95 -16209 11447 4762
02/95 -13372 8752 4620
02/95 -19094 12441 6653
02/95 -22403 13733 8670
02/95 -23797 16854 6943
03/95 -37581 26840 10741
03/95 -36082 23991 12091
03/95 -25148 16838 8310
03/95 -19317 13867 5450
04/95 -12616 6067 6549
04/95 -14053 6033 8020
04/95 -4253 699 3554
04/95 -847 -2148 2995
05/95 -14941 9694 5247
05/95 568 -1092 524
05/95 6106 -8405 2299
05/95 -16309 7367 8942
05/95 -22905 13147 9758
06/95 -24070 15223 8847
06/95 -17154 11309 5845
06/95 -30570 18155 12415
06/95 -32266 20365 11901
07/95 -23468 13445 10023
07/95 -34438 21938 12500
07/95 -37590 23604 13986
07/95 -30158 18311 11847
08/95 -25444 13248 12196
08/95 -15779 6783 8996
08/95 -14357 4565 9792
08/95 -16348 7147 9201
08/95 -13569 6162 7407
09/95 -12402 7886 4516
09/95 -8927 3633 5294
09/95 -17550 9984 7566
09/95 -15635 7923 7712
10/95 -16781 9172 7609
10/95 -26831 15355 11476
10/95 -22864 13935 8929
10/95 -26266 15194 11072
10/95 -20761 12374 8387
11/95 -21466 11788 9678
11/95 -3218 -253 3471
11/95 8047 -11613 3566
11/95 8796 -13345 4549
12/95 7847 -13225 5378
12/95 8488 -14698 6210
12/95 -2055 -7073 9128
12/95 -5085 -7082 12167
01/96 -7181 -3496 10677
01/96 5243 -11913 6670
01/96 11721 -16312 4591
01/96 12302 -17294 4992
01/96 6334 -14100 7766
02/96 63 -9170 9107
02/96 -4712 -7859 12571
02/96 -2419 -10712 13131
02/96 -2709 -5736 8445
03/96 8792 -11697 2905
03/96 5970 -11842 5872
03/96 -30 -10888 10918
03/96 -15893 559 15334
04/96 -28981 11470 17511
04/96 -35144 18239 16905
04/96 -36967 19327 17640
04/96 -35178 19130 16048
04/96 -41087 23044 18043
05/96 -47793 26113 21680
05/96 -47083 26233 20850
05/96 -35430 19615 15815
05/96 -36169 19991 16178
06/96 -21979 10804 11175
06/96 -19893 9974 9919
06/96 -18566 8030 10536
06/96 -13879 7015 6864
07/96 -12474 5216 7258
07/96 -10900 2852 8048
07/96 -17834 8761 9073
07/96 -10898 2058 8840
07/96 -7672 494 7178
08/96 -8086 -1525 9611
08/96 -14039 2611 11428
08/96 -13030 852 12178
08/96 -14676 4746 9930
09/96 -14854 4849 10005
09/96 -17426 5003 12423
09/96 -20441 7552 12889
09/96 -13964 4081 9883
10/96 -4719 -2182 6901
10/96 -4048 -4066 8114
10/96 -1406 -5947 7353
10/96 1007 -8057 7050
10/96 373 -6719 6346
11/96 1723 -7706 5983
11/96 -2108 -5262 7370
11/96 -5149 -6118 11267
11/96 -4589 -4815 9404
12/96 1415 -8175 6760
12/96 -2299 -7555 9854
12/96 -4393 -3884 8277
12/96 3940 -8190 4250
12/96 6261 -8010 1749
01/97 5994 -7572 1578
01/97 -26030 13632 12398
01/97 -28515 14743 13772
01/97 -29587 14833 14754
02/97 -19876 9255 10621
02/97 -19132 7907 11225
02/97 -18297 4244 14053
02/97 -21402 5899 15503
03/97 -31853 13659 18194
03/97 -43430 22358 21072
03/97 -32795 16338 16457
03/97 -19464 7108 12356
04/97 -16717 6508 10209
04/97 -12668 2856 9812
04/97 -13119 2335 10784
04/97 -16374 4915 11459
04/97 -24573 13157 11416
05/97 -26992 14163 12829
05/97 -20902 9584 11318
05/97 -237 -4498 4735
05/97 2478 -7947 5469
06/97 -5864 -2699 8563
06/97 -4353 -3365 7718
06/97 -7097 320 6777
06/97 1560 -6221 4661
07/97 6596 -9740 3144
07/97 6570 -9431 2861
07/97 1599 -6170 4571
07/97 3294 -8404 5110
07/97 106 -5017 4911
08/97 443 -8036 7593
08/97 -1779 -5176 6955
08/97 -8404 -429 8833
08/97 -16998 5080 11918
09/97 -20474 8781 11693
09/97 -21256 7279 13977
09/97 -33938 16930 17008
09/97 -46395 25755 20640
09/97 -47723 27153 20570
10/97 -53581 31470 22111
10/97 -54592 33833 20759
10/97 -57456 35494 21962
10/97 -59401 37594 21807
11/97 -59780 38335 21445
11/97 -62395 41770 20625
11/97 -66802 44596 22206
11/97 -50493 31969 18524
12/97 -48754 30135 18619
12/97 -39451 23901 15550
12/97 -36337 20958 15379
12/97 -37965 23396 14569
12/97 -36929 20910 16019
12/97 -42403 24908 17495
01/98 -29098 14401 14697
01/98 -28826 13608 15218
01/98 -40862 22089 18773
01/98 -52085 29573 22512
02/98 -51052 28914 22138
02/98 -66008 38463 27545
02/98 -64203 38997 25206
02/98 -68860 42967 25893
03/98 -72959 48539 24420
03/98 -71132 46029 25103
03/98 -76544 52401 24143
03/98 -87535 58829 28706
03/98 -85247 58945 26302
04/98 -76058 54003 22055
04/98 -82464 57120 25344
04/98 -88750 59298 29452
04/98 -83481 56850 26631
05/98 -85852 60588 25264
05/98 -86957 61460 25497
05/98 -68926 49176 19750
05/98 -55121 34865 20256
06/98 -36712 20064 16648
06/98 -34561 21087 13474
06/98 -23602 12996 10606
06/98 -18086 9331 8755
06/98 -18022 11719 6303
07/98 -23116 12158 10958
07/98 -17875 6074 11801
07/98 -6985 -2603 9588
07/98 -4241 -3076 7317
08/98 -5262 -427 5689
08/98 -3272 -1928 5200
08/98 -8725 1612 7113
08/98 -11558 4282 7276
09/98 -3714 1287 2427
09/98 -8947 2691 6256
09/98 -27597 13574 14023
09/98 -34824 19458 15366
09/98 -29892 16450 13442
10/98 -18537 10850 7687
10/98 -19843 10648 9195
10/98 -22038 10202 11836
10/98 -24074 11979 12095
11/98 -18609 8086 10523
11/98 -23506 11163 12343
11/98 -25095 8973 16122
11/98 -23166 7413 15753
12/98 -40127 19781 20346
12/98 -21387 6114 15273
12/98 -10620 52 10568
12/98 12622 -16801 4179
12/98 14798 -17350 2552
01/99 17430 -20363 2933
01/99 15318 -19466 4148
01/99 13817 -15326 1509
01/99 21594 -20243 -1351
02/99 27504 -23210 -4294
02/99 29865 -25807 -4058
02/99 33261 -28268 -4993
02/99 31385 -29520 -1865
03/99 32206 -31276 -930
03/99 31483 -31417 -66
03/99 32105 -31347 -758
03/99 23900 -25674 1774
03/99 17864 -23953 6089
04/99 24365 -28251 3886
04/99 24437 -29038 4601
04/99 19881 -25712 5831
04/99 14933 -20840 5907
05/99 19882 -22776 2894
05/99 22341 -22969 628
05/99 31565 -28749 -2816
05/99 30782 -29158 -1624
06/99 29409 -27527 -1882
06/99 30231 -27927 -2304
06/99 29345 -29226 -119
06/99 26547 -27464 917
06/99 31548 -28336 -3212
07/99 34677 -32465 -2212
07/99 37443 -33458 -3985
07/99 35647 -34153 -1494
07/99 36935 -36015 -920
08/99 31374 -31197 -177
08/99 23441 -25878 2437
08/99 25397 -26162 765
08/99 18801 -22817 4016
08/99 16947 -22411 5464
09/99 14177 -21444 7267
09/99 3341 -16298 12957
09/99 4860 -14330 9470
09/99 11040 -18056 7016
10/99 11513 -15406 3893
10/99 4901 -11379 6478
10/99 6626 -11735 5109
10/99 10626 -15843 5217
11/99 12319 -17614 5295
11/99 8768 -16083 7315
11/99 13574 -17647 4073
11/99 6386 -13626 7240
11/99 115 -6016 5901
12/99 -2438 -3812 6250
12/99 9990 -12857 2867
12/99 15292 -16653 1361
12/99 13136 -14296 1160
01/00 15529 -15245 -284
01/00 17651 -16120 -1531
01/00 11190 -17591 6401
01/00 10269 -18564 8295
02/00 -4976 -6303 11279
02/00 8750 -12190 3440
02/00 16509 -20309 3800
02/00 17699 -21546 3847
02/00 27532 -28222 690
03/00 18033 -23715 5682
03/00 -1496 -8818 10314
03/00 -21975 8288 13687
03/00 -25622 11044 14578
04/00 -35917 18862 17055
04/00 -34565 20304 14261
04/00 -36157 19297 16860
04/00 -41354 25482 15872
05/00 -32592 18938 13654
05/00 -34126 21120 13006
05/00 -19112 11367 7745
05/00 -22141 15632 6509
05/00 -12683 5051 7632
06/00 -11579 4941 6638
06/00 -13135 8333 4802
06/00 -7537 3285 4252
06/00 -4430 2059 2371
07/00 -4167 1710 2457
07/00 -7631 1379 6252
07/00 -2085 -1160 3245
07/00 -1012 -2137 3149
08/00 -472 -3829 4301
08/00 2318 -5722 3404
08/00 4418 -7294 2876
08/00 6714 -9766 3052
08/00 -85 -5020 5105
09/00 -910 -3839 4749
09/00 -3110 -1574 4684
09/00 10187 -12513 2326
09/00 16559 -17603 1044
10/00 12440 -14562 2122
10/00 11835 -13338 1503
10/00 10724 -12862 2138
10/00 8748 -12034 3286
10/00 6071 -11301 5230
11/00 1504 -7944 6440
11/00 1607 -8426 6819
11/00 600 -7826 7226
11/00 7981 -11863 3882
12/00 1003 -6784 5781
12/00 2543 -9108 6565
12/00 4267 -10195 5928
12/00 5111 -10782 5671
01/01 5153 -11434 6281
01/01 4115 -9592 5477
01/01 4182 -8663 4481
01/01 4033 -11217 7184
01/01 3724 -12800 9076
02/01 -4765 -6944 11709
02/01 3403 -11076 7673
02/01 8044 -15641 7597
02/01 1781 -10184 8403
03/01 -18890 2405 16485
03/01 -27079 8560 18519
03/01 -23680 7488 16192
03/01 -19197 7724 11473
04/01 -25496 12384 13112
04/01 -7121 873 6248
04/01 -1841 -3363 5204
04/01 10978 -12339 1361
05/01 8548 -11395 2847
05/01 11080 -15352 4272
05/01 12355 -16765 4410
05/01 8518 -15742 7224
05/01 9280 -15850 6570
06/01 -296 -6291 6587
06/01 -11038 2257 8781
06/01 -9165 2770 6395
06/01 -1569 -4532 6101
07/01 -8501 -432 8933
07/01 -23493 10646 12847
07/01 -35935 19785 16150
07/01 -32521 17370 15151
07/01 -37559 22024 15535
08/01 -41726 26074 15652
08/01 -47843 32315 15528
08/01 -42459 29252 13207
08/01 -33987 24565 9422
09/01 -30456 20544 9912
09/01 -17382 14073 3309
09/01 -12520 6744 5776
09/01 -13775 8099 5676
10/01 -1676 522 1154
10/01 615 -2383 1768
10/01 7463 -6123 -1340
10/01 3789 -5018 1229
10/01 -3021 -3306 6327
11/01 -13379 3851 9528
11/01 -18060 7004 11056
11/01 -14362 3871 10491
11/01 -11746 1552 10194
12/01 -16925 6820 10105
12/01 -13009 5496 7513
12/01 -807 -5443 6250
12/01 2952 -9360 6408
12/01 9133 -10969 1836
01/02 4342 -11008 6666
01/02 1509 -8475 6966
01/02 4246 -14215 9969
01/02 23341 -26496 3155
02/02 19870 -23516 3646
02/02 25833 -27500 1667
02/02 24102 -25108 1006
02/02 18734 -20740 2006
03/02 17682 -21640 3958
03/02 3962 -12373 8411
03/02 -3006 -4928 7934
03/02 5625 -12975 7350
04/02 4084 -11577 7493
04/02 2648 -11765 9117
04/02 265 -8539 8274
04/02 -8949 -2343 11292
04/02 2817 -9734 6917
05/02 6786 -11623 4837
05/02 1783 -8937 7154
05/02 -9349 -1931 11280
05/02 -23523 11018 12505
06/02 -40956 25081 15875
06/02 -40607 26518 14089
06/02 -37085 21998 15087
06/02 -33897 17848 16049
07/02 -36798 23653 13145
07/02 -36356 21322 15034
07/02 -42641 23336 19305
07/02 -46976 29260 17716
07/02 -50148 31637 18511
08/02 -52158 32592 19566
08/02 -48163 31349 16814
08/02 -52580 30068 22512
08/02 -61290 37815 23475
09/02 -55500 34219 21281
09/02 -54418 31859 22559
09/02 -42468 23088 19380
09/02 -36422 19618 16804
10/02 -30038 15479 14559
10/02 -23928 11395 12533
10/02 -25692 12004 13688
10/02 -40534 20299 20235
10/02 -61427 35234 26193
11/02 -69114 39749 29365
11/02 -58317 41105 17212
11/02 -66595 41071 25524
11/02 -67119 42287 24832
12/02 -65572 42839 22733
12/02 -58686 38851 19835
12/02 -58991 38874 20117
12/02 -58332 39984 18348
12/02 -46881 31032 15849
01/03 -42125 26062 16063
01/03 -33387 21696 11691
01/03 -27656 18040 9616
01/03 -24987 16769 8218
02/03 -25963 14222 11741
02/03 -19662 11946 7716
02/03 -16261 8011 8250
02/03 -21730 11612 10118
03/03 -29451 18514 10937
03/03 -25876 15921 9955
03/03 -35420 21854 13566
03/03 -53044 39111 13933
04/03 -47463 34801 12662
04/03 -66164 48611 17553
04/03 -71014 50645 20369
04/03 -68317 49454 18863
04/03 -65371 47345 18026
05/03 -60568 42333 18235
05/03 -69946 48631 21315
05/03 -77372 55205 22167
05/03 -71503 51746 19757
06/03 -59834 43796 16038
06/03 -59559 42940 16619
06/03 -57406 40498 16908
06/03 -61926 44196 17730
07/03 -48176 34212 13964
07/03 -42786 31000 11786
07/03 -23724 18274 5450
07/03 -6370 2812 3558
07/03 9747 -13005 3258
08/03 23878 -27663 3785
08/03 20788 -26690 5902
08/03 14437 -20250 5813
08/03 13799 -18928 5129
09/03 -965 -3728 4693
09/03 -5618 -168 5786
09/03 -30868 21485 9383
09/03 -43173 31091 12082
09/03 -53269 39806 13463
10/03 -55776 40795 14981
10/03 -56360 38148 18212
10/03 -49508 31189 18319
10/03 -56776 36954 19822
11/03 -50680 33328 17352
11/03 -55789 39309 16480
11/03 -66528 44488 22040
11/03 -67354 46378 20976
12/03 -71292 46699 24593
12/03 -79136 54494 24642
12/03 -74408 50178 24230
12/03 -66822 48785 18037
12/03 -66230 49947 16283
01/04 -80781 59309 21472
01/04 -80161 59181 20980
01/04 -82187 61681 20506
01/04 -88921 65736 23185
02/04 -92453 69869 22584
02/04 -101035 77816 23219
02/04 -106121 82078 24043
02/04 -103853 79108 24745
03/04 -94620 72686 21934
03/04 -81762 59622 22140
03/04 -78840 59462 19378
03/04 -80089 58885 21204
03/04 -67627 48820 18807
04/04 -59032 43281 15751
04/04 -46319 33264 13055
04/04 -53359 39781 13578
04/04 -63620 46807 16813
05/04 -66577 47915 18662
05/04 -60845 41846 18999
05/04 -29825 20905 8920
05/04 -24842 17551 7291
06/04 -24212 18862 5350
06/04 -20683 16374 4309
06/04 -17027 15440 1587
06/04 -19767 18275 1492
06/04 -23808 19110 4698
07/04 -22201 15705 6496
07/04 -13615 10124 3491
07/04 -19927 14006 5921
07/04 -9349 4596 4753
08/04 -4664 702 3962
08/04 -4465 359 4106
08/04 -10478 4095 6383
08/04 -12297 4587 7710
08/04 -15537 6023 9514
09/04 -16040 6661 9379
09/04 -15652 5243 10409
09/04 -7612 135 7477
09/04 893 -5452 4559
10/04 -2839 -2110 4949
10/04 5824 -9863 4039
10/04 6504 -10162 3658
10/04 -3203 -2707 5910
11/04 -1331 -4706 6037
11/04 9009 -12092 3083
11/04 -1216 -3902 5118
11/04 -2459 -4002 6461
11/04 14076 -17129 3053
12/04 21660 -25436 3776
12/04 26910 -29946 3036
12/04 24382 -28274 3892
12/04 11163 -14196 3033
01/05 18899 -19197 298
01/05 21624 -21705 81
01/05 31981 -31984 3
01/05 29314 -28438 -876
02/05 37330 -34982 -2348
02/05 39138 -38849 -289
02/05 30308 -32182 1874
02/05 11357 -16203 4846
03/05 -21880 11436 10444
03/05 -34852 19843 15009
03/05 -42103 24994 17109
03/05 -34991 20792 14199
03/05 -34113 19134 14979
04/05 -33815 17433 16382
04/05 -28577 13111 15466
04/05 -30214 18155 12059
04/05 -29917 17468 12449
05/05 -23322 13386 9936
05/05 -35241 23412 11829
05/05 -5472 1528 3944
05/05 -11201 2772 8429
05/05 -23424 11092 12332
06/05 -26892 15264 11628
06/05 -31359 18628 12731
06/05 -47555 30003 17552
06/05 -47378 30626 16752
07/05 -45498 28141 17357
07/05 -46317 28284 18033
07/05 -44858 29835 15023
07/05 -40756 27204 13552
08/05 -37431 23756 13675
08/05 -19835 12895 6940
08/05 -10013 4671 5342
08/05 -8793 3251 5542
08/05 -6402 2344 4058
09/05 -6056 2192 3864
09/05 -2446 -319 2765
09/05 -6097 2838 3259
09/05 -6816 5084 1732
10/05 -35572 24658 10914
10/05 -47064 32305 14759
10/05 -48972 34001 14971
10/05 -45797 33116 12681
11/05 -35498 26922 8576
11/05 -27478 22443 5035
11/05 -15240 12905 2335
11/05 308 -1649 1341
11/05 10410 -10508 98
12/05 19467 -17694 -1773
12/05 19811 -18896 -915
12/05 20075 -20292 217
12/05 24967 -25936 969
01/06 11374 -12560 1186
01/06 2104 -1376 -728
01/06 11123 -9255 -1868
01/06 13175 -12274 -901
01/06 9617 -9700 83
02/06 881 -3638 2757
02/06 1588 -3310 1722
02/06 -10028 5728 4300
02/06 -15797 9791 6006
03/06 -32684 26254 6430
03/06 -37563 30732 6831
03/06 -26493 24497 1996
03/06 -21261 19255 2006
04/06 -15228 16439 -1211
04/06 -13149 12259 890
04/06 -18471 15652 2819
04/06 -54759 43936 10823
05/06 -77481 66311 11170
05/06 -76743 66032 10711
05/06 -81464 68049 13415
05/06 -74088 62112 11976
05/06 -78905 64877 14028
06/06 -81404 67399 14005
06/06 -72451 60922 11529
06/06 -45936 40146 5790
06/06 -46820 40605 6215
07/06 -68038 56752 11286
07/06 -91214 77286 13928
07/06 -92340 80762 11578
07/06 -86499 74419 12080
08/06 -86968 72540 14428
08/06 -85420 72350 13070
08/06 -58625 51890 6735
08/06 -50457 48027 2430
08/06 -36192 32514 3678
09/06 -33505 29432 4073
09/06 -23113 18863 4250
09/06 -21535 18094 3441
09/06 -4633 5496 -863
10/06 -215 -1977 2192
10/06 -7119 4509 2610
10/06 -25231 20085 5146
10/06 -56829 44154 12675
10/06 -62652 49472 13180
11/06 -75917 60840 15077
11/06 -90952 74806 16146
11/06 -88013 74317 13696
11/06 -85335 69612 15723
12/06 -80787 65358 15429
12/06 -78771 65333 13438
12/06 -64641 54187 10454
12/06 -64940 53911 11029
01/07 -63213 53998 9215
01/07 -56871 49282 7589
01/07 -56660 48548 8112
01/07 -71464 58734 12730
01/07 -76178 62712 13466
02/07 -85712 69544 16168
02/07 -83109 65967 17142
02/07 -84683 66327 18356
02/07 -84553 69510 15043
03/07 -64428 54956 9472
03/07 -77855 65776 12079
03/07 -81445 69804 11641
03/07 -95342 80435 14907
04/07 -99165 85652 13513
04/07 -102766 89459 13307
04/07 -93482 81331 12151
04/07 -82327 68785 13542
05/07 -91898 78784 13114
05/07 -87865 74231 13634
05/07 -92321 77841 14480
05/07 -85905 75284 10621
05/07 -86630 75001 11629
06/07 -92726 77937 14789
06/07 -87012 74414 12598
06/07 -83885 72984 10901
06/07 -70849 59484 11365
07/07 -79618 66739 12879
07/07 -82384 68649 13735
07/07 -75798 62609 13189
07/07 -72781 60937 11844
07/07 -72293 58826 13467
08/07 -64623 52631 11992
08/07 -57417 47975 9442
08/07 -37900 31379 6521
08/07 -35141 28771 6370
09/07 -48949 40022 8927
09/07 -63731 51449 12282
09/07 -71963 56230 15733
09/07 -73254 57934 15320
10/07 -64489 51387 13102
10/07 -70566 58242 12324
10/07 -73383 61781 11602
10/07 -73396 59753 13643
10/07 -76699 62946 13753
11/07 -78280 65940 12340
11/07 -75628 64689 10939
11/07 -76375 66111 10264
11/07 -79077 65223 13854
12/07 -80442 70053 10389
12/07 -73603 60977 12626
12/07 -69800 56947 12853
12/07 -76677 63530 13147
12/07 -68856 57395 11461
01/08 -73727 58354 15373
01/08 -70857 54269 16588
01/08 -64684 47386 17298
01/08 -53874 38641 15233
02/08 -53962 35072 18890
02/08 -54220 38586 15634
02/08 -51526 32637 18889
02/08 -57945 38930 19015
03/08 -54512 32360 22152
03/08 -46751 30558 16193
03/08 -38779 23482 15297
03/08 -32606 19420 13186
04/08 -43136 32418 10718
04/08 -31993 19619 12374
04/08 -32723 15987 16736
04/08 -40175 26121 14054
04/08 -27481 18040 9441
05/08 -28447 18000 10447
05/08 -38181 23098 15083
05/08 -34036 21206 12830
05/08 -33164 19296 13868
06/08 -32779 20360 12419
06/08 -34371 18897 15474
06/08 -39313 24371 14942
06/08 -43959 29213 14746
07/08 -47219 30623 16596
07/08 -40884 27561 13323
07/08 -39527 27005 12522
07/08 -29612 22326 7286
07/08 -22801 16055 6746
08/08 -20257 17641 2616
08/08 -15345 12420 2925
08/08 -10014 7577 2437
08/08 -4754 1688 3066
09/08 -3912 3137 775
09/08 3259 1254 -4513
09/08 2209 789 -2998
09/08 -1649 2812 -1163
09/08 -8310 11174 -2864
10/08 -10684 12421 -1737
10/08 -10442 13045 -2603
10/08 5057 -4142 -915
10/08 10864 -6220 -4644
11/08 1659 -1152 -507
11/08 5257 -1134 -4123
11/08 9196 -4948 -4248
11/08 12098 -8476 -3622
12/08 16806 -12788 -4018
12/08 20737 -17827 -2910
12/08 16612 -12665 -3947
12/08 12263 -16049 3786
12/08 10502 -14674 4172
01/09 6714 -11176 4462
01/09 7 -4148 4141
01/09 -901 -3938 4839
01/09 -2107 -924 3031
02/09 1792 665 -2457
02/09 -4945 2932 2013
02/09 -2629 4241 -1612
02/09 11722 -8016 -3706
03/09 14853 -11894 -2959
03/09 14402 -12111 -2291
03/09 18680 -18402 -278
03/09 11512 -15677 4165
03/09 2108 -7026 4918
04/09 -9705 106 9599
04/09 -17165 5126 12039
04/09 -20847 10393 10454
04/09 -21042 13581 7461
05/09 -33196 19031 14165
05/09 -41780 26555 15225
05/09 -37283 23163 14120
05/09 -33445 21563 11882
06/09 -41947 27652 14295
06/09 -41414 28815 12599
06/09 -24927 18830 6097
06/09 -19779 17289 2490
06/09 2254 -2747 493
07/09 17575 -15661 -1914
07/09 20910 -18362 -2548
07/09 20995 -17747 -3248
07/09 17703 -15177 -2526
08/09 -4487 -218 4705
08/09 -11799 4304 7495
08/09 -14962 6742 8220
08/09 -18150 11124 7026
09/09 6077 -5153 -924
09/09 12583 -7289 -5294
09/09 8308 -6090 -2218
09/09 9371 -7201 -2170
09/09 19677 -14654 -5023
10/09 15524 -12596 -2928
10/09 -3979 -3310 7289
10/09 -20239 10257 9982
10/09 -35184 23867 11317
11/09 -29392 16817 12575
11/09 -30111 17745 12366
11/09 -50739 33674 17065
11/09 -51608 38206 13402
12/09 -53692 38944 14748
12/09 -55029 38947 16082
12/09 -49591 36272 13319
12/09 -31295 23543 7752
12/09 -32758 22502 10256
01/10 -43964 29691 14273
01/10 -34409 24491 9918
01/10 -15080 10629 4451
01/10 -3846 1628 2218
02/10 -2856 2267 589
02/10 -14247 10949 3298
02/10 -24145 19212 4933
02/10 -20092 14168 5924
03/10 -29038 19715 9323
03/10 -31331 21386 9945
03/10 -28073 20891 7182
03/10 -28991 16834 12157
03/10 -14712 10481 4231
04/10 -27434 20974 6460
04/10 -41002 32214 8788
04/10 -22933 19842 3091
04/10 -29208 21178 8030
05/10 -2851 1338 1513
05/10 -780 2647 -1867
05/10 11616 -8221 -3395
05/10 18435 -14617 -3818
06/10 7342 -4228 -3114
06/10 19807 -12063 -7744
06/10 12275 -8263 -4012
06/10 5274 -1618 -3656
06/10 25209 -19537 -5672
07/10 32394 -25450 -6944
07/10 13023 -13162 139
07/10 1423 -5508 4085
07/10 -9892 5210 4682
08/10 -34700 24551 10149
08/10 -50038 37096 12942
08/10 -65046 49483 15563
08/10 -52725 40642 12083
08/10 -41824 28094 13730
09/10 -48107 31426 16681
09/10 -61856 43885 17971
09/10 -86259 64791 21468
09/10 -100081 80739 19342
10/10 -111786 93669 18117
10/10 -106693 86635 20058
10/10 -102068 83177 18891
10/10 -101561 78919 22642
11/10 -96572 77054 19518
11/10 -86837 66609 20228
11/10 -75467 62852 12615
11/10 -68825 60755 8070
11/10 -69326 58813 10513
12/10 -76317 64257 12060
12/10 -78459 66560 11899
12/10 -83818 69876 13942
12/10 -87730 72905 14825
01/11 -92620 78313 14307
01/11 -92540 76728 15812
01/11 -94660 79149 15511
01/11 -81512 68788 12724
02/11 -105566 89719 15847
02/11 -117444 99178 18266
02/11 -91423 80074 11349
02/11 -66681 56695 9986
03/11 -80176 70270 9906
03/11 -88643 75627 13016
03/11 -71780 65729 6051
03/11 -68774 60487 8287
03/11 -76160 66184 9976
04/11 -86595 74571 12024
04/11 -84638 72006 12632
04/11 -91150 77175 13975
04/11 -81359 67951 13408
05/11 -73710 63883 9827
05/11 -52781 45075 7706
05/11 -46107 41896 4211
05/11 -61757 52239 9518
05/11 -74009 62487 11522
06/11 -87714 72844 14870
06/11 -68981 59283 9698
06/11 -56208 48401 7807
06/11 -21599 24162 -2563
07/11 -13670 12411 1259
07/11 -29979 26551 3428
07/11 -41905 31666 10239
07/11 -30257 24380 5877
08/11 -32145 24869 7276
08/11 4362 -830 -3532
08/11 -170 1604 -1434
08/11 -11160 11281 -121
08/11 -47392 38148 9244
09/11 -52052 41851 10201
09/11 -48737 38589 10148
09/11 -31943 27606 4337
09/11 2133 3613 -5746
10/11 9376 -3125 -6251
10/11 18335 -10796 -7539
10/11 14771 -6802 -7969
10/11 20405 -12209 -8196
11/11 18138 -14383 -3755
11/11 12485 -8732 -3753
11/11 8429 -6997 -1432
11/11 25167 -18688 -6479
11/11 29745 -21401 -8344
12/11 26282 -17325 -8957
12/11 24441 -14615 -9826
12/11 23112 -17700 -5412
12/11 10517 -8193 -2324
01/12 1856 -2360 504
01/12 -5764 7586 -1822
01/12 17836 -12753 -5083
01/12 14365 -11444 -2921
01/12 20355 -14648 -5707
02/12 1199 -2475 1276
02/12 -8297 6543 1754
02/12 -24210 19315 4895
02/12 -39084 28418 10666
03/12 -23583 14671 8912
03/12 -37591 25802 11789
03/12 -46232 33689 12543
03/12 -49386 36186 13200
04/12 -61713 44508 17205
04/12 -76374 59200 17174
04/12 -79415 61908 17507
04/12 -71354 54402 16952
05/12 -48467 36062 12405
05/12 -30074 22865 7209
05/12 -6510 8523 -2013
05/12 4874 -1111 -3763
05/12 18460 -12994 -5466
06/12 28290 -22558 -5732
06/12 25796 -20885 -4911
06/12 20328 -19473 -855
06/12 30270 -29521 -749
07/12 20369 -22635 2266
07/12 4751 -8004 3253
07/12 -198 -2709 2907
07/12 -1078 -1106 2184
07/12 -12981 11761 1220
08/12 104 2767 -2871
08/12 -13930 12652 1278
08/12 -27232 18522 8710
08/12 -43795 31544 12251
09/12 -61130 41721 19409
09/12 -58816 41254 17562
09/12 -47359 31773 15586
09/12 -29211 20892 8319
10/12 -2995 3169 -174
10/12 4051 1094 -5145
10/12 15028 -11381 -3647
10/12 17835 -14565 -3270
10/12 23954 -21938 -2016
11/12 37367 -34650 -2717
11/12 45630 -37621 -8009
11/12 45163 -40601 -4562
11/12 40529 -35585 -4944
12/12 37742 -32102 -5640
12/12 28427 -24281 -4146
12/12 31140 -27919 -3221
12/12 42880 -39367 -3513
12/12 39215 -36132 -3083
01/13 32256 -27338 -4918
01/13 26173 -25088 -1085
01/13 11501 -13807 2306
01/13 4574 -8456 3882
02/13 -3252 -3672 6924
02/13 12771 -13077 306
02/13 7448 -13801 6353
02/13 35407 -33525 -1882
03/13 51745 -46117 -5628
03/13 49341 -44883 -4458
03/13 52908 -47353 -5555
03/13 34263 -35643 1380
04/13 43781 -39198 -4583
04/13 54928 -50401 -4527
04/13 59259 -50667 -8592
04/13 67101 -52804 -14297
04/13 56438 -49612 -6826
05/13 54060 -47348 -6712
05/13 38894 -35130 -3764
05/13 33808 -32304 -1504
05/13 27123 -26857 -266
06/13 43052 -40335 -2717
06/13 43444 -37115 -6329
06/13 36918 -30673 -6245
06/13 42109 -34168 -7941
07/13 49958 -41603 -8355
07/13 50131 -41508 -8623
07/13 47527 -37896 -9631
07/13 56613 -45790 -10823
07/13 56666 -43121 -13545
08/13 64831 -55087 -9744
08/13 53712 -47320 -6392
08/13 41938 -35366 -6572
08/13 17085 -15558 -1527
09/13 15043 -11698 -3345
09/13 19204 -12835 -6369
09/13 29756 -23301 -6455
09/13 30573 -22845 -7728
10/13 30398 -23900 -6498
10/13 31640 -24425 -7215
10/13 29521 -22499 -7022
10/13 15780 -8540 -7240
10/13 14291 -6480 -7811
11/13 6202 -1169 -5033
11/13 9022 -5489 -3533
11/13 22619 -16269 -6350
11/13 21886 -16226 -5660
12/13 33703 -27534 -6169
12/13 36833 -32288 -4545
12/13 38421 -30936 -7485
12/13 36138 -31961 -4177
12/13 40569 -35492 -5077
01/14 47393 -38341 -9052
01/14 61620 -53366 -8254
01/14 61058 -53854 -7204
01/14 56129 -50387 -5742
02/14 46057 -43621 -2436
02/14 33657 -32185 -1472
02/14 11660 -10783 -877
02/14 -2388 1791 597
03/14 -16165 15031 1134
03/14 -50930 40888 10042
03/14 -51390 41971 9419
03/14 -35362 27546 7816
04/14 -32500 22623 9877
04/14 -35978 28046 7932
04/14 -48806 39541 9265
04/14 -47721 39574 8147
04/14 -47545 40426 7119
05/14 -37321 35212 2109
05/14 -33524 30689 2835
05/14 -17267 16717 550
05/14 -15024 17062 -2038
06/14 1610 4499 -6109
06/14 2239 432 -2671
06/14 -3873 4757 -884
06/14 -22203 19402 2801
07/14 -24476 28121 -3645
07/14 -12058 16726 -4668
07/14 -8065 12876 -4811
07/14 -8823 11084 -2261
07/14 -9873 12406 -2533
08/14 -12856 17289 -4433
08/14 -11834 14898 -3064
08/14 -12205 13173 -968
08/14 -16495 18841 -2346
09/14 -18892 17780 1112
09/14 -19001 16309 2692
09/14 -25394 21998 3396
09/14 -38152 35273 2879
09/14 -42937 37378 5559
10/14 -54014 45758 8256
10/14 -50438 47382 3056
10/14 -44163 47261 -3098
10/14 -62121 59926 2195
11/14 -79439 76277 3162
11/14 -67844 64113 3731
11/14 -64862 62006 2856
11/14 -67676 61519 6157
12/14 -41172 43341 -2169
12/14 -43597 44965 -1368
12/14 -45067 44406 661
12/14 -50848 48535 2313
12/14 -66008 59976 6032
01/15 -67637 63463 4174
01/15 -83414 76752 6662
01/15 -87851 79365 8486
01/15 -55002 53497 1505
02/15 -17534 17417 117
02/15 -22090 24211 -2121
02/15 -42130 40736 1394
02/15 -41244 41149 95
03/15 -70997 65093 5904
03/15 -44363 43181 1182
03/15 -27501 28542 -1041
03/15 -30357 29085 1272
03/15 -21312 23521 -2209
04/15 -31907 29733 2174
04/15 -44324 39595 4729
04/15 -57936 50664 7272
04/15 -47159 40720 6439
05/15 -77309 62565 14744
05/15 -83453 68018 15435
05/15 -79639 72120 7519
05/15 -68416 62831 5585
06/15 -104278 88445 15833
06/15 -118863 104815 14048
06/15 -86122 72843 13279
06/15 -67119 55997 11122
06/15 -81095 69167 11928
07/15 -56421 53581 2840
07/15 -68327 64118 4209
07/15 -59004 51486 7518
07/15 -29332 30219 -887
08/15 -17699 21865 -4166
08/15 -19228 24617 -5389
08/15 -11831 14718 -2887
08/15 -11986 15558 -3572
09/15 -8075 11105 -3030
09/15 -13520 12569 951
09/15 -6899 7289 -390
09/15 -5897 6047 -150
09/15 -20864 17540 3324
10/15 -40280 34600 5680
10/15 -48116 40920 7196
10/15 -51578 46385 5193
10/15 -50693 46155 4538
11/15 -44800 40121 4679
11/15 -31796 31888 -92
11/15 -32491 32629 -138
11/15 -48017 42715 5302
12/15 -69321 63293 6028
12/15 -101705 90350 11355
12/15 -103345 91009 12336
12/15 -91289 79418 11871
12/15 -96758 85327 11431
01/16 -78549 72468 6081
01/16 -61028 52921 8107
01/16 -67856 60128 7728
01/16 -82572 71238 11334
02/16 -86064 73684 12380
02/16 -80563 69377 11186
02/16 -95903 80075 15828
02/16 -83559 73569 9990
03/16 -68136 61174 6962
03/16 -65773 55664 10109
03/16 -113692 96925 16767
03/16 -135956 118272 17684
03/16 -144121 127322 16799
04/16 -146154 127678 18476
04/16 -133868 116195 17673
04/16 -139132 114011 25121
04/16 -149864 126657 23207
05/16 -109200 94731 14469
05/16 -117827 99593 18234
05/16 -115314 99020 16294
05/16 -79221 69605 9616
05/16 -72173 61229 10944
06/16 -68172 60641 7531
06/16 -88026 80209 7817
06/16 -67599 62453 5146
06/16 -41011 36137 4874
07/16 -21828 22811 -983
07/16 -21697 20934 763
07/16 -21281 20946 335
07/16 -17495 16345 1150
08/16 -19708 19495 213
08/16 -38020 33776 4244
08/16 -64736 54987 9749
08/16 -105832 91957 13875
08/16 -121518 107657 13861
09/16 -125276 109860 15416
09/16 -115939 106212 9727
09/16 -132932 119855 13077
09/16 -144790 129799 14991
10/16 -139883 124482 15401
10/16 -128958 114533 14425
10/16 -145372 126060 19312
10/16 -163978 140539 23439
11/16 -178663 160160 18503
11/16 -170422 149689 20733
11/16 -145353 129022 16331
11/16 -149632 128646 20986
11/16 -165361 142702 22659
12/16 -167857 144976 22881
12/16 -150945 131928 19017
12/16 -146402 128047 18355
12/16 -126693 111869 14824
01/17 -112324 102896 9428
01/17 -123235 109831 13404
01/17 -134121 118186 15935
01/17 -140545 124542 16003
01/17 -101537 93657 7880
02/17 -92650 86024 6626
02/17 -93425 88957 4468
02/17 -70625 64626 5999
02/17 -51050 46484 4566
03/17 -50392 43468 6924
03/17 -22960 18084 4876
03/17 4234 -7379 3145
03/17 2047 -2367 320
04/17 17378 -18300 922
04/17 23998 -26969 2971
04/17 23892 -26188 2296
04/17 20007 -21458 1451
05/17 3872 -9490 5618
05/17 -12139 5918 6221
05/17 -18545 12772 5773
05/17 -14485 12542 1943
05/17 -1194 3640 -2446
06/17 9486 -6318 -3168
06/17 -5099 5357 -258
06/17 -24960 21964 2996
06/17 -27629 25535 2094
07/17 -45878 35966 9912
07/17 -64211 53394 10817
07/17 -68220 59167 9053
07/17 -81768 72035 9733
08/17 -88647 76196 12451
08/17 -86167 73524 12643
08/17 -66053 64508 1545
08/17 -70001 64449 5552
08/17 -87832 77987 9845
09/17 -112536 98514 14022
09/17 -121318 109532 11786
09/17 -115633 105883 9750
09/17 -105939 98372 7567
10/17 -65336 61598 3738
10/17 -62872 59091 3781
10/17 -68139 65498 2641
10/17 -76293 69865 6428
10/17 -79949 71663 8286
11/17 -81160 73743 7417
11/17 -85184 76034 9150
11/17 -78061 71711 6350
11/17 -55055 52237 2818
12/17 -50874 46843 4031
12/17 -48342 44009 4333
12/17 -43094 38485 4609
12/17 -32311 26561 5750
01/18 -32244 29295 2949
01/18 -38060 33026 5034
01/18 -25968 21441 4527
01/18 -18916 13838 5078
01/18 -28261 22667 5594
02/18 -42867 33793 9074
02/18 -40038 34709 5329
02/18 -33507 26930 6577
02/18 -50102 41574 8528
03/18 -55217 46783 8434
03/18 -40018 33641 6377
03/18 -36937 29582 7355
03/18 -31511 22552 8959
04/18 -40649 32881 7768
04/18 -31744 25669 6075
04/18 -20940 14208 6732
04/18 -4156 -90 4246
05/18 16200 -21475 5275
05/18 13210 -20057 6847
05/18 2213 -9840 7627
05/18 -12091 1810 10281
05/18 -7613 -1301 8914
06/18 -2591 -6294 8885
06/18 9620 -17797 8177
06/18 33710 -36192 2482
06/18 34052 -37190 3138
07/18 42201 -45869 3668
07/18 35529 -38487 2958
07/18 48537 -53911 5374
07/18 45131 -49797 4666
07/18 47084 -53303 6219
08/18 48378 -53875 5497
08/18 51628 -54250 2622
08/18 51476 -56140 4664
08/18 44639 -49196 4557
09/18 43038 -48744 5706
09/18 55744 -60178 4434
09/18 65346 -69818 4472
09/18 36555 -43227 6672
10/18 5455 -12249 6794
10/18 -3747 -5044 8791
10/18 -8288 2620 5668
10/18 -5049 -513 5562
10/18 6623 -12069 5446
11/18 5326 -10864 5538
11/18 16431 -22134 5703
11/18 25418 -31909 6491
11/18 36918 -44181 7263
12/18 13162 -19154 5992
12/18 -567 -6654 7221
12/18 2210 -10158 7948
12/18 5980 -12510 6530
12/18 6664 -12935 6271
01/19 -4211 -1890 6101
01/19 -6278 486 5792
01/19 -25534 17411 8123
01/19 -49567 38721 10846
02/19 -67837 58133 9704
02/19 -64217 54977 9240
02/19 -56489 47838 8651
02/19 -53080 44562 8518
03/19 -49423 43288 6135
03/19 -51879 46981 4898
03/19 -30679 27645 3034
03/19 -13970 8854 5116
04/19 254 -3794 3540
04/19 -696 -3257 3953
04/19 4795 -6892 2097
04/19 16984 -22981 5997
04/19 32468 -34201 1733
05/19 40377 -43575 3198
05/19 39018 -44236 5218
05/19 26907 -32251 5344
05/19 15925 -22234 6309
06/19 8695 -13137 4442
06/19 7720 -15291 7571
06/19 -5339 -770 6109
06/19 3367 -6522 3155
07/19 6956 -7966 1010
07/19 -602 -3132 3734
07/19 809 -3811 3002
07/19 7357 -8916 1559
07/19 -1374 -1067 2441
08/19 5527 -8785 3258
08/19 -45569 38299 7270
08/19 -41805 33252 8553
08/19 -28841 20252 8589
09/19 -32754 24755 7999
09/19 -27573 17153 10420
09/19 -58049 46549 11500
09/19 -56909 48133 8776
10/19 -50615 40323 10292
10/19 -54740 45295 9445
10/19 -73626 64150 9476
10/19 -96592 84888 11704
10/19 -101380 89979 11401
11/19 -106457 94719 11738
11/19 -108320 95586 12734
11/19 -105665 92793 12872
11/19 -98102 86624 11478
12/19 -89860 79997 9863
12/19 -112921 98383 14538
12/19 -141214 128147 13067
12/19 -149228 138675 10553
12/19 -145179 132986 12193
01/20 -139224 129396 9828
01/20 -145814 133277 12537
01/20 -126998 115751 11247
01/20 -118662 112718 5944
02/20 -87400 83302 4098
02/20 -79760 71525 8235
02/20 -63684 58423 5261
02/20 -40844 39510 1334
03/20 -35990 36628 -638
03/20 -23643 27251 -3608
03/20 -18263 13470 4793
03/20 -16327 12592 3735
03/20 -7774 4021 3753
04/20 -17134 12320 4814
04/20 -10235 6491 3744
04/20 -965 -1417 2382
04/20 -151 -4167 4318
05/20 -4907 -2126 7033
05/20 -3622 -4203 7825
05/20 -15143 8037 7106
05/20 -20245 13559 6686
06/20 -25748 19287 6461
06/20 -14254 4694 9560
06/20 -10315 3069 7246
06/20 -12956 5526 7430
06/20 -17968 10172 7796
07/20 -35038 27188 7850
07/20 -22636 16273 6363
07/20 -56235 45763 10472
07/20 -54073 43150 10923
08/20 -70440 53937 16503
08/20 -70017 55957 14060
08/20 -82454 70949 11505
08/20 -95107 83713 11394
09/20 -119913 101663 18250
09/20 -127743 110210 17533
09/20 -138614 120618 17996
09/20 -146214 127072 19142
09/20 -138651 124169 14482
10/20 -127253 114488 12765
10/20 -129181 110954 18227
10/20 -126108 110770 15338
10/20 -138518 119766 18752
11/20 -136331 119880 16451
11/20 -135875 116430 19445
11/20 -144171 123534 20637
11/20 -149349 130358 18991
12/20 -151373 133140 18233
12/20 -138934 118523 20411
12/20 -146552 125383 21169
12/20 -149935 128136 21799
12/20 -158990 140351 18639
01/21 -159547 141167 18380
01/21 -140105 119391 20714
01/21 -134512 115058 19454
01/21 -148066 127820 20246
02/21 -145587 125026 20561
02/21 -144603 122695 21908
02/21 -144438 122006 22432
02/21 -149736 129138 20598
03/21 -144883 123987 20896
03/21 -139323 119634 19689
03/21 -143351 120152 23199
03/21 -129175 108024 21151
03/21 -114489 100391 14098
04/21 -112924 94703 18221
04/21 -112069 95103 16966
04/21 -115178 96464 18714
04/21 -109751 91289 18462
05/21 -101311 82607 18704
05/21 -98852 81698 17154
05/21 -99376 82966 16410
05/21 -102673 87203 15470
06/21 -107222 89233 17989
06/21 -101202 83891 17311
06/21 -83449 68591 14858
06/21 -71439 64908 6531
06/21 -66438 58570 7868
07/21 -63623 56415 7208
07/21 -68690 59517 9173
07/21 -75054 64866 10188
07/21 -67293 61894 5399
08/21 -66850 62799 4051
08/21 -69594 63384 6210
08/21 -70885 64566 6319
08/21 -72023 65048 6975
08/21 -59508 54773 4735
09/21 -56880 49548 7332
09/21 -52681 48116 4565
09/21 -42682 40537 2145
09/21 -56280 51165 5115
10/21 -87225 77836 9389
10/21 -84802 75298 9504
10/21 -97547 87085 10462
10/21 -101824 90726 11098
11/21 -103585 91131 12454
11/21 -84310 78712 5598
11/21 -87150 78566 8584
11/21 -94645 85142 9503
11/21 -67652 65047 2605
12/21 -65501 62445 3056
12/21 -44315 43153 1162
12/21 -39280 40398 -1118
12/21 -44516 40599 3917
01/22 -55834 49714 6120
01/22 -59141 49917 9224
01/22 -60100 51503 8597
01/22 -78358 68472 9886
02/22 -86588 74410 12178
02/22 -77767 66035 11732
02/22 -80652 67320 13332
02/22 -97272 83093 14179
03/22 -100238 84952 15286
03/22 -108504 91682 16822
03/22 -113307 97927 15380
03/22 -111498 92568 18930
03/22 -102850 87284 15566
04/22 -105183 89496 15687
04/22 -119136 98324 20812
04/22 -127399 105211 22188
04/22 -123897 106958 16939
05/22 -111267 97291 13976
05/22 -118831 100596 18235
05/22 -117724 96301 21423
05/22 -98691 79496 19195
05/22 -92287 75041 17246
06/22 -95258 78645 16613
06/22 -87101 73398 13703
06/22 -77869 67530 10339
06/22 -53225 44918 8307
07/22 -38614 34681 3933
07/22 -32200 29788 2412
07/22 -30449 27325 3124
07/22 -23477 21030 2447
08/22 -31605 30381 1224
08/22 -35972 31007 4965
08/22 -46758 40963 5795
08/22 -55452 46577 8875
08/22 -62711 53958 8753
09/22 -55146 48782 6364
09/22 -64417 54581 9836
09/22 -66740 57411 9329
09/22 -60959 54987 5972
10/22 -67860 60044 7816
10/22 -68189 57879 10310
10/22 -91542 76323 15219
10/22 -106036 93241 12795
11/22 -111087 97110 13977
11/22 -112802 99981 12821
11/22 -120768 105263 15505
11/22 -111227 99521 11706
11/22 -116889 103854 13035
12/22 -78867 66311 12556
12/22 -68529 55642 12887
12/22 -76147 64823 11324
12/22 -82314 69314 13000
01/23 -80697 70690 10007
01/23 -71356 62099 9257
01/23 -71077 59495 11582
01/23 -44514 39250 5264
01/23 -36797 31371 5426
02/23 -30694 25444 5250
02/23 -33574 29177 4397
02/23 -46887 36282 10605
02/23 -34323 27570 6753
03/23 -22498 21586 912
03/23 -530 914 -384
03/23 1924 -567 -1357
03/23 8146 -7608 -538
04/23 11432 -9325 -2107
04/23 8180 -6356 -1824
04/23 6944 -9451 2507
04/23 20425 -18257 -2168
05/23 22536 -20056 -2480
05/23 9133 -8275 -858
05/23 30173 -29483 -690
05/23 28911 -27863 -1048
05/23 33635 -31248 -2387
06/23 10834 -7194 -3640
06/23 -11589 14165 -2576
06/23 -30138 28127 2011
06/23 -36274 32817 3457
07/23 -48028 40809 7219
07/23 -57142 48219 8923
07/23 -49860 41627 8233
07/23 -66223 54043 12180
08/23 -60813 50494 10319
08/23 -59001 49836 9165
08/23 -60786 50152 10634
08/23 -62009 51645 10364
08/23 -68721 56554 12167
09/23 -66483 55935 10548
09/23 -56338 46002 10336
09/23 -64411 54560 9851
09/23 -53263 48005 5258
10/23 -60657 50941 9716
10/23 -46616 39665 6951
10/23 -44810 40805 4005
10/23 -33462 31139 2323
10/23 -30434 25102 5332
11/23 -20109 15023 5086
11/23 -27511 20857 6654
11/23 -30832 21311 9521
11/23 -19288 14039 5249
12/23 -5792 1256 4536
12/23 699 -5804 5105
12/23 9146 -16356 7210
12/23 29147 -33820 4673
01/24 30612 -32487 1875
01/24 27654 -29208 1554
01/24 25234 -27587 2353
01/24 22065 -25358 3293
01/24 34664 -38035 3371
02/24 32763 -34601 1838
02/24 25463 -24616 -847
02/24 32527 -33941 1414
02/24 37289 -38926 1637
03/24 49262 -48808 -454
03/24 30498 -32522 2024
03/24 16387 -20206 3819
03/24 5680 -8851 3171
04/24 -1239 -3857 5096
04/24 8894 -10632 1738
04/24 33327 -34546 1219
04/24 31005 -31341 336
04/24 55356 -56442 1086
05/24 50351 -51553 1202
05/24 47181 -50532 3351
05/24 30838 -36278 5440
05/24 21264 -28264 7000
06/24 32683 -36585 3902
06/24 44166 -48951 4785
06/24 41507 -47186 5679
06/24 75083 -75739 656
07/24 26921 -30760 3839
07/24 -10143 6477 3666
07/24 -6929 2031 4898
07/24 -975 -6975 7950
07/24 32036 -36878 4842
08/24 45285 -49166 3881
08/24 47407 -49363 1956
08/24 39149 -42670 3521
08/24 26191 -29793 3602
09/24 6912 -8305 1393
09/24 3522 -4869 1347
09/24 6668 -8897 2229
09/24 -22416 18398 4018
10/24 -54989 50194 4795
10/24 -62043 60259 1784
10/24 -57777 52805 4972
01/24 30612 -32487 1875
01/24 27654 -29208 1554
01/24 25234 -27587 2353
01/24 22065 -25358 3293
01/24 34664 -38035 3371
02/24 32763 -34601 1838
02/24 25463 -24616 -847
02/24 32527 -33941 1414
02/24 37289 -38926 1637
03/24 49262 -48808 -454
03/24 30498 -32522 2024
03/24 16387 -20206 3819
03/24 5680 -8851 3171
04/24 -1239 -3857 5096
04/24 8894 -10632 1738
04/24 33327 -34546 1219
04/24 31005 -31341 336
04/24 55356 -56442 1086
05/24 50351 -51553 1202
05/24 47181 -50532 3351
05/24 30838 -36278 5440
05/24 21264 -28264 7000
06/24 32683 -36585 3902
06/24 44166 -48951 4785
06/24 41507 -47186 5679
06/24 75083 -75739 656
07/24 26921 -30760 3839
07/24 -10143 6477 3666
07/24 -6929 2031 4898
07/24 -975 -6975 7950
07/24 32036 -36878 4842
08/24 45285 -49166 3881
08/24 47407 -49363 1956
08/24 39149 -42670 3521
08/24 26191 -29793 3602
09/24 6912 -8305 1393
09/24 3522 -4869 1347
09/24 6668 -8897 2229
09/24 -22416 18398 4018
10/24 -54989 50194 4795
10/24 -62043 60259 1784
10/24 -57777 52805 4972
10/24 -78480 69032 9448
