01/86 -17087 6603 10484
01/86 -11925 5014 6911
02/86 -3613 3065 548
02/86 -6182 4423 1759
03/86 -10429 6040 4389
03/86 -6616 4612 2004
04/86 2339 -641 -1698
04/86 -1451 59 1392
05/86 -66 77 -11
05/86 5412 -3109 -2303
06/86 -136 -862 998
06/86 6219 -2003 -4216
07/86 1065 -1205 140
07/86 -3911 1319 2592
08/86 1112 -278 -834
08/86 -4792 1041 3751
09/86 -4160 2361 1799
09/86 -5650 3091 2559
10/86 -588 -754 1342
10/86 -11570 3021 8549
11/86 -12129 2030 10099
11/86 -8441 1055 7386
12/86 -2223 -1170 3393
12/86 3311 -2621 -690
01/87 784 -742 -42
01/87 2473 -1871 -602
02/87 1349 -1060 -289
02/87 4236 -1968 -2268
03/87 2835 -938 -1897
03/87 -4498 860 3638
04/87 -7085 2754 4331
04/87 -11674 5042 6632
05/87 -15165 3733 11432
05/87 -13226 5548 7678
06/87 -20822 10722 10100
06/87 -10072 6091 3981
07/87 -4033 1754 2279
07/87 -2097 1249 848
08/87 606 230 -836
08/87 601 -452 -149
09/87 -10262 4502 5760
09/87 -11543 5548 5995
10/87 -14526 6688 7838
10/87 -6470 3648 2822
11/87 -10553 5577 4976
11/87 -12443 6578 5865
12/87 -10105 4351 5754
12/87 -12940 5006 7934
01/88 -4707 875 3832
01/88 -3117 47 3070
02/88 -8557 2794 5763
02/88 -12643 5621 7022
03/88 -645 -2258 2903
03/88 -13905 8513 5392
04/88 -12246 6670 5576
04/88 -15163 8695 6468
05/88 -15925 10953 4972
05/88 -12252 6338 5914
06/88 -9983 6024 3959
06/88 -6692 3916 2776
07/88 -7976 4635 3341
07/88 -5215 3122 2093
08/88 -7627 2236 5391
08/88 -6047 3218 2829
09/88 -22105 8226 13879
09/88 -11622 3134 8488
10/88 -16046 6214 9832
10/88 -10231 3051 7180
11/88 -15142 5086 10056
11/88 -5219 909 4310
12/88 -12824 5358 7466
12/88 -18193 8228 9965
01/89 -22512 11300 11212
01/89 -10521 3801 6720
02/89 2620 -2561 -59
02/89 -194 -1777 1971
03/89 -5827 -1421 7248
03/89 2054 -3340 1286
04/89 6017 -2934 -3083
04/89 422 -1629 1207
05/89 3876 -3450 -426
05/89 5768 -4623 -1145
06/89 5568 -3991 -1577
06/89 -1816 -987 2803
07/89 -452 298 154
07/89 2921 -3122 201
08/89 5348 -3137 -2211
08/89 2600 -2871 271
09/89 -1871 1118 753
09/89 3441 -2181 -1260
10/89 -114 -1628 1742
10/89 -474 -1088 1562
11/89 -6931 2238 4693
11/89 -2252 216 2036
12/89 -3181 -2478 5659
12/89 -2018 -3239 5257
01/90 1504 -3073 1569
01/90 8224 -7647 -577
02/90 3665 -8264 4599
02/90 7717 -6544 -1173
03/90 -352 -1394 1746
03/90 -5874 559 5315
04/90 -4525 277 4248
04/90 -16202 7858 8344
05/90 -14501 8791 5710
05/90 -9129 5265 3864
06/90 2952 -2960 8
06/90 -6803 2382 4421
07/90 -9289 3697 5592
07/90 5147 -5292 145
08/90 -2460 -3232 5692
08/90 -10181 2858 7323
09/90 -20482 5954 14528
09/90 -8037 1077 6960
10/90 -22259 5273 16986
10/90 -11098 -2046 13144
11/90 33 -5608 5575
11/90 665 -7171 6506
12/90 -10067 567 9500
12/90 4296 -7571 3275
01/91 7309 -8975 1666
01/91 1925 -4864 2939
02/91 -523 -2621 3144
02/91 -520 -1003 1523
03/91 5662 -6208 546
03/91 5691 -6282 591
04/91 -2572 680 1892
04/91 -2923 2544 379
05/91 5923 -4959 -964
05/91 527 -1475 948
06/91 -958 -2226 3184
06/91 9463 -5678 -3785
07/91 6420 -6027 -393
07/91 -9148 3547 5601
08/91 -11110 5301 5809
08/91 -13092 5074 8018
09/91 -19286 8068 11218
09/91 -18214 5990 12224
10/91 -10198 1809 8389
10/91 -16070 4252 11818
11/91 -8922 297 8625
11/91 -8455 1155 7300
12/91 4625 -7813 3188
12/91 -5354 -515 5869
01/92 -8376 1516 6860
01/92 -15482 5432 10050
02/92 -7445 -786 8231
02/92 -7157 1174 5983
03/92 -9606 2263 7343
03/92 -12852 4098 8754
04/92 422 -1978 1556
04/92 947 -3119 2172
05/92 -22338 13760 8578
05/92 -12929 6223 6706
06/92 -13754 4016 9738
06/92 -15723 5829 9894
07/92 -4728 -792 5520
07/92 1637 -5220 3583
08/92 278 -3418 3140
08/92 -4739 447 4292
09/92 -3966 -1289 5255
09/92 -3565 -2373 5938
10/92 -1449 -3808 5257
10/92 -993 -4955 5948
10/92 -7171 -2762 9933
10/92 -6531 -2211 8742
11/92 -6972 -1760 8732
11/92 -648 -6586 7234
11/92 -7485 -2820 10305
11/92 -7451 -2190 9641
12/92 -1963 -4331 6294
12/92 -2436 -3937 6373
12/92 -15382 6952 8430
12/92 -20603 11407 9196
12/92 -20522 10735 9787
01/93 -14015 6822 7193
01/93 -12864 6145 6719
01/93 -13023 6365 6658
01/93 -11468 5360 6108
02/93 -258 -417 675
02/93 5382 -4671 -711
02/93 5252 -5255 3
02/93 8070 -6622 -1448
03/93 1458 -2414 956
03/93 2514 -4916 2402
03/93 673 -3520 2847
03/93 -8241 3255 4986
03/93 -12113 7569 4544
04/93 -11367 8573 2794
04/93 -12146 8135 4011
04/93 -6634 4363 2271
04/93 -7395 4314 3081
05/93 -9455 6594 2861
05/93 -26279 16524 9755
05/93 -24811 14233 10578
05/93 -26861 16275 10586
06/93 -15340 7625 7715
06/93 -11885 6104 5781
06/93 -10002 4358 5644
06/93 -20116 11276 8840
06/93 -25097 15703 9394
07/93 -31541 17350 14191
07/93 -29054 12448 16606
07/93 -28283 11736 16547
07/93 -25920 10818 15102
08/93 -25755 11838 13917
08/93 -13480 3352 10128
08/93 -15795 2262 13533
08/93 -13924 1018 12906
08/93 -12600 1681 10919
09/93 -7384 -1964 9348
09/93 -6678 -1093 7771
09/93 -5433 -1387 6820
09/93 -1739 -3817 5556
10/93 4498 -7996 3498
10/93 1429 -5938 4509
10/93 -2088 -5266 7354
10/93 -5972 -915 6887
11/93 -12208 2586 9622
11/93 -20698 7856 12842
11/93 -27731 15485 12246
11/93 -25728 13433 12295
11/93 -26499 12061 14438
12/93 -25943 11436 14507
12/93 -20939 7455 13484
12/93 -18700 6270 12430
12/93 -27255 10251 17004
01/94 -26561 10538 16023
01/94 -19706 7526 12180
01/94 -21486 8426 13060
01/94 -12971 2858 10113
02/94 -11616 1467 10149
02/94 -13582 2893 10689
02/94 -14727 4157 10570
02/94 -11881 207 11674
03/94 -3757 -3676 7433
03/94 795 -6812 6017
03/94 -14707 4229 10478
03/94 -15120 4612 10508
03/94 -16969 5415 11554
04/94 1014 -7325 6311
04/94 2540 -9116 6576
04/94 1804 -10412 8608
04/94 -880 -8971 9851
05/94 -4722 -6379 11101
05/94 -3519 -8430 11949
05/94 -7751 -5393 13144
05/94 -32028 13661 18367
05/94 -27309 14114 13195
06/94 -22474 8365 14109
06/94 -21055 7590 13465
06/94 -21061 7695 13366
06/94 -19746 6239 13507
07/94 -6356 -2335 8691
07/94 -5683 -3078 8761
07/94 -2227 -5240 7467
07/94 -1008 -5155 6163
08/94 211 -5222 5011
08/94 876 -4905 4029
08/94 62 -4353 4291
08/94 -2586 -2555 5141
08/94 -36 -4193 4229
09/94 -843 -4427 5270
09/94 2212 -5168 2956
09/94 -611 -7400 8011
09/94 2906 -8329 5423
10/94 7669 -12350 4681
10/94 5904 -11981 6077
10/94 5853 -9813 3960
10/94 1949 -7114 5165
11/94 3536 -11343 7807
11/94 3918 -10832 6914
11/94 307 -8884 8577
11/94 3314 -10945 7631
11/94 9938 -14756 4818
12/94 13504 -16477 2973
12/94 11588 -14551 2963
12/94 11186 -13403 2217
12/94 -173 -4866 5039
01/95 10706 -12439 1733
01/95 11269 -13215 1946
01/95 9249 -10177 928
01/95 4811 -7957 3146
01/95 6797 -9353 2556
02/95 10814 -13285 2471
02/95 10257 -12653 2396
02/95 9132 -11859 2727
02/95 4514 -7574 3060
03/95 768 -4443 3675
03/95 -3746 -2137 5883
03/95 -20524 15470 5054
03/95 -17361 11028 6333
04/95 -23845 15219 8626
04/95 -26040 16886 9154
04/95 -17757 10448 7309
04/95 -7542 3645 3897
05/95 -8171 2724 5447
05/95 -6283 791 5492
05/95 -9159 1923 7236
05/95 -39995 25839 14156
05/95 -26978 15787 11191
06/95 -24156 13780 10376
06/95 -23324 12178 11146
06/95 -27826 15331 12495
06/95 -17626 6401 11225
07/95 -17094 4440 12654
07/95 -23960 11026 12934
07/95 -32818 20143 12675
07/95 -34088 17487 16601
08/95 -24744 13559 11185
08/95 -21748 11307 10441
08/95 -21241 10741 10500
08/95 -21834 10874 10960
08/95 -22331 11974 10357
09/95 -22383 12977 9406
09/95 -22978 13924 9054
09/95 -36990 20677 16313
09/95 -34753 18500 16253
10/95 -32505 17451 15054
10/95 -37674 19429 18245
10/95 -40512 18446 22066
10/95 -50755 25248 25507
10/95 -50112 23076 27036
11/95 -52687 22419 30268
11/95 -43476 18335 25141
11/95 -41886 15486 26400
11/95 -40945 16906 24039
12/95 -48176 22021 26155
12/95 -50908 22136 28772
12/95 -50255 22049 28206
12/95 -47403 21490 25913
01/96 -48609 22164 26445
01/96 -41493 17927 23566
01/96 -40607 17720 22887
01/96 -38238 17556 20682
01/96 -28522 12419 16103
02/96 -28129 11462 16667
02/96 -20675 6241 14434
02/96 -25161 8237 16924
02/96 -28900 9347 19553
03/96 -16763 1548 15215
03/96 -22157 6965 15192
03/96 -14113 1452 12661
03/96 -17205 2477 14728
04/96 -33704 12388 21316
04/96 -39271 16478 22793
04/96 -42236 19918 22318
04/96 -45826 21533 24293
04/96 -33458 16468 16990
05/96 -34679 18745 15934
05/96 -34417 16299 18118
05/96 -29393 12539 16854
05/96 -26455 9521 16934
06/96 -17513 5779 11734
06/96 -19180 6413 12767
06/96 -22191 6899 15292
06/96 -24309 8846 15463
07/96 -23414 9226 14188
07/96 -21851 8651 13200
07/96 -26090 12090 14000
07/96 -23854 8945 14909
07/96 -20261 6553 13708
08/96 -16918 5366 11552
08/96 -17386 5568 11818
08/96 -18380 5759 12621
08/96 -23226 8543 14683
09/96 -24146 8690 15456
09/96 -26077 10543 15534
09/96 -28025 9936 18089
09/96 -28153 9551 18602
10/96 -26464 11844 14620
10/96 -25003 10963 14040
10/96 -17955 5141 12814
10/96 -12952 2741 10211
10/96 -11646 1549 10097
11/96 -10191 -374 10565
11/96 -20220 6457 13763
11/96 -16740 1301 15439
11/96 -18171 4890 13281
12/96 -17406 5555 11851
12/96 -10543 1745 8798
12/96 -16346 3568 12778
12/96 -14743 3519 11224
12/96 -11994 3251 8743
01/97 -13478 4499 8979
01/97 -22469 9869 12600
01/97 -25473 9129 16344
01/97 -24407 10341 14066
02/97 -28500 13587 14913
02/97 -27065 13299 13766
02/97 -36728 18830 17898
02/97 -39731 23815 15916
03/97 -34989 20488 14501
03/97 -35946 20675 15271
03/97 -31268 15213 16055
03/97 -32169 17798 14371
04/97 -36508 17959 18549
04/97 -33570 14446 19124
04/97 -26935 11453 15482
04/97 -24868 8929 15939
04/97 -29174 10539 18635
05/97 -35244 14554 20690
05/97 -38246 16320 21926
05/97 -40082 16793 23289
05/97 -34483 13914 20569
06/97 -35864 21228 14636
06/97 -23198 6182 17016
06/97 -24278 8035 16243
06/97 -18455 3155 15300
07/97 -16867 4390 12477
07/97 -14127 3544 10583
07/97 -17426 5682 11744
07/97 -17450 3931 13519
07/97 -18938 4556 14382
08/97 -21890 7394 14496
08/97 -21980 8515 13465
08/97 -22760 8839 13921
08/97 -23410 8956 14454
09/97 -24248 9599 14649
09/97 -30365 14131 16234
09/97 -28800 12404 16396
09/97 -28128 12860 15268
09/97 -21171 7410 13761
10/97 -17811 3194 14617
10/97 -33879 20126 13753
10/97 -34568 15797 18771
10/97 -35047 16506 18541
11/97 -36132 18453 17679
11/97 -36113 19696 16417
11/97 -31815 19299 12516
11/97 -28836 17762 11074
12/97 -24215 14224 9991
12/97 -23259 13392 9867
12/97 -14193 5792 8401
12/97 -4809 -734 5543
12/97 -2401 -1348 3749
12/97 -4265 -169 4434
01/98 4200 -6719 2519
01/98 9425 -11827 2402
01/98 7541 -8376 835
01/98 6417 -10405 3988
02/98 7470 -10630 3160
02/98 6194 -8345 2151
02/98 16591 -16981 390
02/98 20250 -20066 -184
03/98 17246 -17954 708
03/98 17141 -18085 944
03/98 17250 -18735 1485
03/98 11101 -14445 3344
03/98 12564 -15513 2949
04/98 14499 -17173 2674
04/98 17654 -21932 4278
04/98 11981 -16252 4271
04/98 -72 -9789 9861
05/98 8126 -12927 4801
05/98 6274 -12212 5938
05/98 5811 -11356 5545
05/98 2595 -9403 6808
06/98 -4384 -7440 11824
06/98 451 -11302 10851
06/98 -8146 -2974 11120
06/98 -23413 1421 21992
06/98 -19475 3107 16368
07/98 -16115 -2818 18933
07/98 -10990 -4918 15908
07/98 -9719 -5513 15232
07/98 -3569 -9998 13567
08/98 7862 -16563 8701
08/98 6234 -14872 8638
08/98 8344 -17704 9360
08/98 12403 -22028 9625
09/98 9469 -18116 8647
09/98 12672 -20296 7624
09/98 11463 -19773 8310
09/98 11532 -16818 5286
09/98 13401 -17261 3860
10/98 15876 -20835 4959
10/98 1891 -14188 12297
10/98 7253 -18236 10983
10/98 5413 -18596 13183
11/98 1442 -12818 11376
11/98 -1507 -9582 11089
11/98 -5147 -7473 12620
11/98 2618 -10350 7732
12/98 -1700 -5757 7457
12/98 -5128 -73 5201
12/98 -5124 -2111 7235
12/98 -3193 -4241 7434
12/98 -1070 -3386 4456
01/99 5020 -9745 4725
01/99 9240 -12852 3612
01/99 17614 -21186 3572
01/99 17655 -22417 4762
02/99 11020 -19975 8955
02/99 9495 -18047 8552
02/99 11834 -18133 6299
02/99 14772 -19945 5173
03/99 10089 -16562 6473
03/99 3436 -10577 7141
03/99 -5876 -5583 11459
03/99 -10923 -3 10926
03/99 -13952 2105 11847
04/99 -11877 2809 9068
04/99 -8167 412 7755
04/99 -4625 -3153 7778
04/99 4988 -8591 3603
05/99 3818 -8837 5019
05/99 3633 -8776 5143
05/99 -4981 -2014 6995
05/99 -2338 -3747 6085
06/99 -917 -6426 7343
06/99 -17878 6760 11118
06/99 -23454 10280 13174
06/99 -28548 15725 12823
06/99 -20339 8912 11427
07/99 -6542 -908 7450
07/99 -5970 -5360 11330
07/99 285 -10773 10488
07/99 -14545 3709 10836
08/99 -13517 4847 8670
08/99 -12667 4584 8083
08/99 -8348 -849 9197
08/99 -9967 1454 8513
08/99 -11192 3283 7909
09/99 -19039 10904 8135
09/99 -19999 11772 8227
09/99 -23146 12635 10511
09/99 -21649 10942 10707
10/99 -24569 15337 9232
10/99 -31424 16235 15189
10/99 -34434 17665 16769
10/99 -25015 10559 14456
11/99 -24876 8942 15934
11/99 -25474 10031 15443
11/99 -25172 9249 15923
11/99 -18082 82 18000
11/99 -15006 850 14156
12/99 -14681 106 14575
12/99 -11011 -2327 13338
12/99 -6941 -1997 8938
12/99 -5977 -1947 7924
01/00 -7476 -2188 9664
01/00 -19650 5559 14091
01/00 -33281 18955 14326
01/00 -39447 23337 16110
02/00 -37906 22521 15385
02/00 -38316 22270 16046
02/00 -39736 23343 16393
02/00 -42394 27051 15343
02/00 -31260 17890 13370
03/00 -33510 20486 13024
03/00 -47965 31217 16748
03/00 -49647 31432 18215
03/00 -43785 26566 17219
04/00 -42496 25657 16839
04/00 -43131 25655 17476
04/00 -43322 25602 17720
04/00 -53974 33331 20643
05/00 -49783 31192 18591
05/00 -54228 35828 18400
05/00 -52175 33123 19052
05/00 -50693 32182 18511
05/00 -40431 23696 16735
06/00 -38336 23256 15080
06/00 -39771 22117 17654
06/00 -20218 8975 11243
06/00 -21957 9465 12492
07/00 -20518 10125 10393
07/00 -18888 10760 8128
07/00 -21441 11873 9568
07/00 -19395 8814 10581
08/00 -14128 5075 9053
08/00 -15051 4952 10099
08/00 -19568 7247 12321
08/00 -24562 9489 15073
08/00 -28109 12348 15761
09/00 -35853 19126 16727
09/00 -34534 20992 13542
09/00 -33331 18801 14530
09/00 -37058 21796 15262
10/00 -39262 24725 14537
10/00 -34509 21143 13366
10/00 -32403 18809 13594
10/00 -41920 23956 17964
10/00 -44496 24868 19628
11/00 -55995 33149 22846
11/00 -44155 24246 19909
11/00 -53507 30962 22545
11/00 -53733 32875 20858
12/00 -53053 34439 18614
12/00 -50335 30726 19609
12/00 -50907 30573 20334
12/00 -50675 30578 20097
01/01 -47105 28235 18870
01/01 -41550 26632 14918
01/01 -32005 19142 12863
01/01 -25762 13593 12169
01/01 -20436 10499 9937
02/01 -17473 8042 9431
02/01 -16781 6876 9905
02/01 -16726 5862 10864
02/01 -13289 3051 10238
03/01 -8243 610 7633
03/01 -7339 -1644 8983
03/01 -6837 -439 7276
03/01 -5434 -1884 7318
04/01 -8619 1526 7093
04/01 -15922 4716 11206
04/01 -16839 5870 10969
04/01 -12145 2087 10058
05/01 -17137 4272 12865
05/01 -20913 8124 12789
05/01 -25585 11894 13691
05/01 -38484 20083 18401
05/01 -41331 22427 18904
06/01 -39419 19426 19993
06/01 -44711 22879 21832
06/01 -44933 24716 20217
06/01 -41446 23102 18344
07/01 -45559 26282 19277
07/01 -51202 30650 20552
07/01 -45582 24314 21268
07/01 -42550 22736 19814
07/01 -43181 25505 17676
08/01 -39503 23103 16400
08/01 -46787 27637 19150
08/01 -45033 25876 19157
08/01 -32225 16470 15755
09/01 -37310 20865 16445
09/01 -35988 15930 20058
09/01 -40403 22120 18283
09/01 -31251 16848 14403
10/01 -27166 14390 12776
10/01 -39225 22140 17085
10/01 -25201 12300 12901
10/01 -28144 11011 17133
10/01 -37810 17537 20273
11/01 -47469 25603 21866
11/01 -39586 19324 20262
11/01 -36108 16732 19376
11/01 -20635 4764 15871
12/01 -14968 977 13991
12/01 -9350 -2727 12077
12/01 -6811 -6430 13241
12/01 -9029 -6776 15805
12/01 -5465 -5684 11149
01/02 -4152 -7100 11252
01/02 -27949 13266 14683
01/02 -38236 20354 17882
01/02 -32021 16538 15483
02/02 -33887 16584 17303
02/02 -28215 12851 15364
02/02 -21740 5999 15741
02/02 -24477 10467 14010
03/02 -34145 17711 16434
03/02 -39008 20060 18948
03/02 -38433 21104 17329
03/02 -45889 28368 17521
04/02 -42913 26433 16480
04/02 -30824 14782 16042
04/02 -30523 13008 17515
04/02 -36356 17353 19003
04/02 -38642 19908 18734
05/02 -34169 17014 17155
05/02 -36827 19049 17778
05/02 -44590 25507 19083
05/02 -45954 25573 20381
06/02 -52470 30160 22310
06/02 -50958 28022 22936
06/02 -47267 24550 22717
06/02 -51245 26209 25036
07/02 -55636 33241 22395
07/02 -56491 33965 22526
07/02 -57655 32796 24859
07/02 -54166 32064 22102
07/02 -40417 21717 18700
08/02 -40220 19902 20318
08/02 -37675 17947 19728
08/02 -42686 21244 21442
08/02 -39933 17875 22058
09/02 -38766 16986 21780
09/02 -41520 22069 19451
09/02 -40986 22209 18777
09/02 -41754 21516 20238
10/02 -31519 15032 16487
10/02 -30448 12914 17534
10/02 -26626 9572 17054
10/02 -26111 9407 16704
10/02 -26963 8674 18289
11/02 -36139 13279 22860
11/02 -5812 -275 6087
11/02 -12807 -174 12981
11/02 -6333 -4755 11088
12/02 -16026 2780 13246
12/02 906 -7473 6567
12/02 -1306 -6735 8041
12/02 -4958 -7194 12152
12/02 -7933 -3572 11505
01/03 -26347 10917 15430
01/03 -7511 -4472 11983
01/03 -5871 -6137 12008
01/03 -9483 -1530 11013
02/03 -15580 2032 13548
02/03 -20558 3895 16663
02/03 -30540 15228 15312
02/03 -36170 23516 12654
03/03 -40573 28209 12364
03/03 -33628 17948 15680
03/03 -33209 18980 14229
03/03 -24243 12739 11504
04/03 -24433 11651 12782
04/03 -29889 15021 14868
04/03 -42713 25187 17526
04/03 -48783 31132 17651
04/03 -50152 33566 16586
05/03 -57147 39766 17381
05/03 -54803 36669 18134
05/03 -58043 39339 18704
05/03 -55505 37552 17953
06/03 -54170 35329 18841
06/03 -56918 41747 15171
06/03 -55249 37014 18235
06/03 -57468 37441 20027
07/03 -45467 27274 18193
07/03 -30856 16203 14653
07/03 -29711 16462 13249
07/03 -24091 13355 10736
07/03 -20278 8994 11284
08/03 -16347 5355 10992
08/03 -24642 11761 12881
08/03 -41420 26067 15353
08/03 -49072 34941 14131
09/03 -50729 34913 15816
09/03 -53679 37447 16232
09/03 -53414 38183 15231
09/03 -52664 38675 13989
09/03 -56260 39439 16821
10/03 -55565 39012 16553
10/03 -57363 39757 17606
10/03 -51720 32588 19132
10/03 -50853 31291 19562
11/03 -45727 25568 20159
11/03 -47250 26223 21027
11/03 -47181 28069 19112
11/03 -35395 16918 18477
12/03 -38641 21760 16881
12/03 -37667 20650 17017
12/03 -36640 17884 18756
12/03 -36317 18086 18231
12/03 -44165 23520 20645
01/04 -44626 22042 22584
01/04 -46351 23442 22909
01/04 -49339 27244 22095
01/04 -48034 27010 21024
02/04 -29118 21566 7552
02/04 -41310 21931 19379
02/04 -43548 24359 19189
02/04 -49002 29441 19561
03/04 -44449 26250 18199
03/04 -47496 28373 19123
03/04 -55610 34268 21342
03/04 -53082 30029 23053
03/04 -46268 23232 23036
04/04 -49125 26643 22482
04/04 -42086 22173 19913
04/04 -35829 16877 18952
04/04 -41907 24005 17902
05/04 -46223 27221 19002
05/04 -52435 29662 22773
05/04 -39834 22069 17765
05/04 -38817 22600 16217
06/04 -32348 17697 14651
06/04 -26782 13462 13320
06/04 -30186 16863 13323
06/04 -31139 15790 15349
06/04 -36977 23426 13551
07/04 -34776 20439 14337
07/04 -30404 15994 14410
07/04 -28999 16349 12650
07/04 -15234 7105 8129
08/04 -8229 672 7557
08/04 -6642 -2426 9068
08/04 -7640 -1616 9256
08/04 -9647 -2523 12170
08/04 -5363 -4195 9558
09/04 -1746 -7719 9465
09/04 -259 -8657 8916
09/04 1261 -8818 7557
09/04 2176 -9431 7255
10/04 10091 -14858 4767
10/04 7720 -16942 9222
10/04 7881 -16100 8219
10/04 7689 -15229 7540
11/04 15234 -21038 5804
11/04 20053 -23730 3677
11/04 18046 -23814 5768
11/04 13222 -20317 7095
11/04 18439 -22484 4045
12/04 21582 -26512 4930
12/04 11754 -19369 7615
12/04 17834 -21382 3548
12/04 16120 -18130 2010
01/05 25453 -24926 -527
01/05 8801 -12715 3914
01/05 30378 -32752 2374
01/05 30107 -32409 2302
02/05 33517 -33531 14
02/05 43389 -43052 -337
02/05 23843 -24613 770
02/05 -4996 357 4639
03/05 -12976 5172 7804
03/05 -23667 14396 9271
03/05 -29330 18245 11085
03/05 -23819 15042 8777
03/05 -20593 11902 8691
04/05 -15705 7468 8237
04/05 -13108 4297 8811
04/05 -20262 11667 8595
04/05 -30067 19702 10365
05/05 -25783 17012 8771
05/05 -24384 15378 9006
05/05 -16980 7855 9125
05/05 -23710 11863 11847
05/05 -36920 23764 13156
06/05 -43921 30707 13214
06/05 -51934 37018 14916
06/05 -57330 40679 16651
06/05 -45695 31696 13999
07/05 -40927 25114 15813
07/05 -39176 22900 16276
07/05 -41559 24819 16740
07/05 -41068 23884 17184
08/05 -36142 19681 16461
08/05 -29405 16199 13206
08/05 -20817 9398 11419
08/05 -19581 8781 10800
08/05 -14931 8076 6855
09/05 -14409 8677 5732
09/05 -10201 4783 5418
09/05 -6319 3999 2320
09/05 -7292 2919 4373
10/05 -5759 1225 4534
10/05 -5848 -758 6606
10/05 -6631 1840 4791
10/05 -4630 -2255 6885
11/05 -580 -3280 3860
11/05 1053 -1892 839
11/05 -5591 2595 2996
11/05 1494 -5252 3758
11/05 10636 -10535 -101
12/05 8325 -9496 1171
12/05 -13130 6213 6917
12/05 -21264 12946 8318
12/05 -27181 17537 9644
01/06 -30476 20975 9501
01/06 -20366 11617 8749
01/06 -17611 8835 8776
01/06 -9881 3766 6115
01/06 -7365 3019 4346
02/06 -163 -1181 1344
02/06 -2619 1035 1584
02/06 22 493 -515
02/06 16074 -15372 -702
03/06 17211 -15463 -1748
03/06 17146 -17066 -80
03/06 18477 -18763 286
03/06 10410 -11108 698
04/06 19480 -18463 -1017
04/06 29372 -27090 -2282
04/06 17367 -17726 359
04/06 13597 -16743 3146
05/06 5010 -9362 4352
05/06 3211 -10062 6851
05/06 7270 -11937 4667
05/06 18967 -22203 3236
05/06 24498 -27388 2890
06/06 -6868 128 6740
06/06 -7726 654 7072
06/06 -3085 -865 3950
06/06 14726 -16393 1667
07/06 7433 -10593 3160
07/06 3367 -9312 5945
07/06 10543 -17096 6553
07/06 12967 -19611 6644
08/06 22655 -29115 6460
08/06 24814 -30490 5676
08/06 24092 -30682 6590
08/06 26245 -34661 8416
08/06 29190 -36057 6867
09/06 23573 -31376 7803
09/06 31362 -38645 7283
09/06 18456 -27021 8565
09/06 15981 -24714 8733
10/06 15576 -25361 9785
10/06 7377 -17122 9745
10/06 -17755 4698 13057
10/06 -25239 9282 15957
10/06 -41498 23977 17521
11/06 -50984 31674 19310
11/06 -51758 32124 19634
11/06 -50408 33647 16761
11/06 -49960 31117 18843
12/06 -30658 16570 14088
12/06 -31735 18191 13544
12/06 -25677 14281 11396
12/06 -28886 15647 13239
01/07 -27230 16048 11182
01/07 -22830 12598 10232
01/07 -35144 20583 14561
01/07 -48095 32976 15119
01/07 -53067 36015 17052
02/07 -60156 41501 18655
02/07 -78061 57494 20567
02/07 -84598 64577 20021
02/07 -70203 50419 19784
03/07 -57611 37629 19982
03/07 -63098 42291 20807
03/07 -60119 39514 20605
03/07 -54773 36344 18429
04/07 -51163 32956 18207
04/07 -45186 29542 15644
04/07 -40857 25462 15395
04/07 -37533 22405 15128
05/07 -37213 25239 11974
05/07 -34973 21679 13294
05/07 -40774 24438 16336
05/07 -47383 27741 19642
05/07 -54005 32520 21485
06/07 -62702 41609 21093
06/07 -70059 45849 24210
06/07 -69654 49362 20292
06/07 -65498 45524 19974
07/07 -66833 48875 17958
07/07 -77197 57575 19622
07/07 -75248 56717 18531
07/07 -61561 43827 17734
07/07 -52274 36544 15730
08/07 -61860 44976 16884
08/07 -66324 47864 18460
08/07 -59153 42755 16398
08/07 -65857 47939 17918
09/07 -74960 54747 20213
09/07 -79730 58125 21605
09/07 -83973 62576 21397
09/07 -82267 61938 20329
10/07 -76372 56758 19614
10/07 -74792 56334 18458
10/07 -80804 61578 19226
10/07 -84010 64592 19418
10/07 -88888 68249 20639
11/07 -93145 72317 20828
11/07 -90985 71015 19970
11/07 -93082 68276 24806
11/07 -89769 65444 24325
12/07 -99143 74253 24890
12/07 -103559 77636 25923
12/07 -100264 73799 26465
12/07 -98034 72734 25300
12/07 -88012 66001 22011
01/08 -86494 62295 24199
01/08 -81681 55949 25732
01/08 -69212 48144 21068
01/08 -62659 41638 21021
02/08 -66563 44566 21997
02/08 -69891 48906 20985
02/08 -71026 48881 22145
02/08 -81591 58031 23560
03/08 -82880 58879 24001
03/08 -63924 45427 18497
03/08 -53990 38273 15717
03/08 -46288 32986 13302
04/08 -56189 42731 13458
04/08 -58546 42582 15964
04/08 -64131 43520 20611
04/08 -62962 44972 17990
04/08 -56375 40069 16306
05/08 -54852 41044 13808
05/08 -57778 41067 16711
05/08 -54681 39572 15109
05/08 -56435 41206 15229
06/08 -58526 44198 14328
06/08 -67143 48433 18710
06/08 -77673 57425 20248
06/08 -84258 64717 19541
07/08 -85681 63141 22540
07/08 -76890 55835 21055
07/08 -75434 55210 20224
07/08 -58950 42663 16287
07/08 -56163 41653 14510
08/08 -56236 41863 14373
08/08 -51547 37865 13682
08/08 -50232 37216 13016
08/08 -50640 35457 15183
09/08 -49693 35522 14171
09/08 -42675 30346 12329
09/08 -37089 25501 11588
09/08 -36765 25737 11028
09/08 -28993 21235 7758
10/08 -26253 18285 7968
10/08 -19674 14138 5536
10/08 -19498 13394 6104
10/08 -21677 16880 4797
11/08 -19558 11640 7918
11/08 -19055 11756 7299
11/08 -16806 11523 5283
11/08 -10671 6488 4183
12/08 -3771 2736 1035
12/08 -1533 526 1007
12/08 -3640 1238 2402
12/08 -6862 2216 4646
12/08 -10106 6127 3979
01/09 -11712 5566 6146
01/09 -15504 7138 8366
01/09 -16180 7305 8875
01/09 -21172 13162 8010
02/09 -19677 13317 6360
02/09 -21798 14233 7565
02/09 -12728 10553 2175
02/09 -10472 8553 1919
03/09 -8883 10046 -1163
03/09 -10863 10486 377
03/09 -19118 16278 2840
03/09 -28798 21013 7785
03/09 -32707 23958 8749
04/09 -31263 22112 9151
04/09 -38513 27574 10939
04/09 -50049 37076 12973
04/09 -46920 37397 9523
05/09 -61697 48498 13199
05/09 -62799 48015 14784
05/09 -73309 53848 19461
05/09 -78634 57918 20716
06/09 -82472 61886 20586
06/09 -81917 59857 22060
06/09 -77061 58212 18849
06/09 -64216 50315 13901
06/09 -61230 50446 10784
07/09 -48990 38708 10282
07/09 -41427 32565 8862
07/09 -36807 31139 5668
07/09 -42681 36250 6431
08/09 -52585 43835 8750
08/09 -54992 46152 8840
08/09 -50257 40209 10048
08/09 -50291 38976 11315
09/09 -48017 37815 10202
09/09 -38250 30920 7330
09/09 -42079 32136 9943
09/09 -32334 27570 4764
09/09 -31173 28251 2922
10/09 -28730 26382 2348
10/09 -38505 29904 8601
10/09 -40262 29787 10475
10/09 -35819 26134 9685
11/09 -43964 30752 13212
11/09 -38414 27292 11122
11/09 -40919 29465 11454
11/09 -50054 36539 13515
12/09 -53024 37675 15349
12/09 -47838 33036 14802
12/09 -50750 34847 15903
12/09 -35726 24716 11010
12/09 -37613 24578 13035
01/10 -42796 29025 13771
01/10 -34565 26587 7978
01/10 -37984 28595 9389
01/10 -38125 31162 6963
02/10 -31453 25984 5469
02/10 -23056 21384 1672
02/10 -27848 23402 4446
02/10 -31211 24720 6491
03/10 -25757 19025 6732
03/10 -7937 6066 1871
03/10 -6350 5622 728
03/10 -14398 11073 3325
03/10 -21621 15453 6168
04/10 -14070 9531 4539
04/10 -16159 9630 6529
04/10 -28876 20427 8449
04/10 -44645 36029 8616
05/10 -47432 36051 11381
05/10 -40941 30179 10762
05/10 -35999 27985 8014
05/10 -33809 25573 8236
06/10 -33509 27393 6116
06/10 -44836 35909 8927
06/10 -59661 46276 13385
06/10 -63631 47739 15892
06/10 -64544 52557 11987
07/10 -59866 48388 11478
07/10 -72191 57759 14432
07/10 -73034 55471 17563
07/10 -73524 59000 14524
08/10 -78790 62789 16001
08/10 -84167 65360 18807
08/10 -86140 68697 17443
08/10 -83305 64681 18624
08/10 -84815 67687 17128
09/10 -90487 68384 22103
09/10 -81754 62892 18862
09/10 -85988 64352 21636
09/10 -81629 59526 22103
10/10 -59838 42514 17324
10/10 -60390 42612 17778
10/10 -64132 44625 19507
10/10 -66050 43731 22319
11/10 -64672 42337 22335
11/10 -68099 44377 23722
11/10 -57225 38398 18827
11/10 -58659 39069 19590
11/10 -64889 47185 17704
12/10 -69098 47776 21322
12/10 -69803 48515 21288
12/10 -75270 53141 22129
12/10 -73749 52974 20775
01/11 -77247 53852 23395
01/11 -78113 54420 23693
01/11 -77895 54117 23778
01/11 -73498 51773 21725
02/11 -84656 60229 24427
02/11 -82242 59095 23147
02/11 -72241 52469 19772
02/11 -56059 41963 14096
03/11 -49004 36291 12713
03/11 -49439 34994 14445
03/11 -42592 32494 10098
03/11 -55334 40263 15071
03/11 -55446 39345 16101
04/11 -50273 33734 16539
04/11 -39370 27400 11970
04/11 -32915 23206 9709
04/11 -44578 30417 14161
05/11 -44026 29809 14217
05/11 -42868 31011 11857
05/11 -40690 27939 12751
05/11 -52700 35133 17567
05/11 -47366 31213 16153
06/11 -66035 43516 22519
06/11 -62323 41849 20474
06/11 -45483 32327 13156
06/11 -16395 11423 4972
07/11 -12672 9812 2860
07/11 -19331 14189 5142
07/11 -39885 26984 12901
07/11 -50205 34180 16025
08/11 -44525 31796 12729
08/11 -33913 27561 6352
08/11 -30643 22148 8495
08/11 -51010 35150 15860
08/11 -67081 48013 19068
09/11 -76105 58714 17391
09/11 -68619 51420 17199
09/11 -40221 30712 9509
09/11 -10674 8020 2654
10/11 -1204 -675 1879
10/11 5962 -9716 3754
10/11 13706 -15696 1990
10/11 10649 -12115 1466
11/11 12454 -15259 2805
11/11 13743 -13678 -65
11/11 20359 -20372 13
11/11 27915 -27101 -814
11/11 28729 -26467 -2262
12/11 31746 -31019 -727
12/11 32081 -31318 -763
12/11 26360 -25448 -912
12/11 17173 -17451 278
01/12 16543 -18111 1568
01/12 7650 -11480 3830
01/12 15865 -18330 2465
01/12 5836 -10527 4691
01/12 4796 -8025 3229
02/12 -6240 -46 6286
02/12 -9307 901 8406
02/12 -23270 13807 9463
02/12 -44318 31459 12859
03/12 -69734 52887 16847
03/12 -87202 64612 22590
03/12 -96348 74702 21646
03/12 -100059 77924 22135
04/12 -111961 90125 21836
04/12 -111862 92080 19782
04/12 -120710 99796 20914
04/12 -128486 107252 21234
05/12 -121211 99185 22026
05/12 -118130 99111 19019
05/12 -113295 92748 20547
05/12 -107859 91647 16212
05/12 -105142 85826 19316
06/12 -92368 74606 17762
06/12 -103433 81968 21465
06/12 -111638 91283 20355
06/12 -111982 92237 19745
07/12 -107105 88956 18149
07/12 -106856 85205 21651
07/12 -102425 82185 20240
07/12 -96059 76602 19457
07/12 -89703 71099 18604
08/12 -90864 72616 18248
08/12 -101438 80043 21395
08/12 -108620 82742 25878
08/12 -97823 75005 22818
09/12 -98086 73496 24590
09/12 -88465 66808 21657
09/12 -83824 61002 22822
09/12 -68816 50848 17968
10/12 -64252 47354 16898
10/12 -66488 50252 16236
10/12 -75674 56302 19372
10/12 -74205 52394 21811
10/12 -81065 57836 23229
11/12 -77532 53063 24469
11/12 -61876 43213 18663
11/12 -61187 44098 17089
11/12 -56054 38702 17352
12/12 -59014 40853 18161
12/12 -70722 49147 21575
12/12 -78259 54946 23313
12/12 -67921 45701 22220
12/12 -59839 42185 17654
01/13 -54156 41655 12501
01/13 -46206 32498 13708
01/13 -56001 41697 14304
01/13 -58440 43186 15254
02/13 -68295 53270 15025
02/13 -71593 58440 13153
02/13 -70089 56027 14062
02/13 -71593 59202 12391
03/13 -79625 64556 15069
03/13 -86740 70299 16441
03/13 -71473 57245 14228
03/13 -63563 47754 15809
04/13 -42974 36178 6796
04/13 -27754 22708 5046
04/13 -36686 32782 3904
04/13 -41958 37111 4847
04/13 -52909 40630 12279
05/13 -52092 39442 12650
05/13 -66784 50225 16559
05/13 -82753 58292 24461
05/13 -85526 59053 26473
06/13 -87459 58794 28665
06/13 -97946 68360 29586
06/13 -88485 63671 24814
06/13 -79703 60709 18994
07/13 -75849 55815 20034
07/13 -75461 52756 22705
07/13 -78899 56060 22839
07/13 -68281 48123 20158
07/13 -47039 34643 12396
08/13 -35418 24283 11135
08/13 -41458 29151 12307
08/13 -66544 45601 20943
08/13 -77922 53618 24304
09/13 -80402 57643 22759
09/13 -79631 53922 25709
09/13 -69290 45651 23639
09/13 -63747 41579 22168
10/13 -54626 36610 18016
10/13 -55695 35601 20094
10/13 -55374 32905 22469
10/13 -61617 38318 23299
10/13 -63899 42682 21217
11/13 -42422 25755 16667
11/13 -57967 36479 21488
11/13 -53455 34536 18919
11/13 -69712 49143 20569
12/13 -74498 52053 22445
12/13 -75565 53999 21566
12/13 -74567 52426 22141
12/13 -68550 48538 20012
12/13 -63093 47318 15775
01/14 -54963 40240 14723
01/14 -64056 43052 21004
01/14 -62237 43395 18842
01/14 -64327 44700 19627
02/14 -73791 49890 23901
02/14 -76646 54640 22006
02/14 -83209 59699 23510
02/14 -84299 62578 21721
03/14 -80941 58966 21975
03/14 -77866 53971 23895
03/14 -80300 54076 26224
03/14 -78775 53086 25689
04/14 -79813 54739 25074
04/14 -77558 52527 25031
04/14 -84281 59056 25225
04/14 -77179 57409 19770
04/14 -84616 63396 21220
05/14 -73302 52740 20562
05/14 -81066 60357 20709
05/14 -84526 61015 23511
05/14 -84190 63022 21168
06/14 -82824 61605 21219
06/14 -76002 55248 20754
06/14 -63599 44834 18765
06/14 -52692 36068 16624
07/14 -42945 24268 18677
07/14 -38365 22327 16038
07/14 -43193 30067 13126
07/14 -47185 33750 13435
07/14 -47604 35588 12016
08/14 -52554 39605 12949
08/14 -64438 51005 13433
08/14 -72631 57178 15453
08/14 -56961 47692 9269
09/14 -71903 57900 14003
09/14 -59584 47592 11992
09/14 -48314 41298 7016
09/14 -49383 47070 2313
09/14 -47733 46601 1132
10/14 -51575 46057 5518
10/14 -56503 48464 8039
10/14 -59915 50474 9441
10/14 -78689 67705 10984
11/14 -95619 80900 14719
11/14 -99823 85862 13961
11/14 -89581 75615 13966
11/14 -99485 81875 17610
12/14 -93489 78023 15466
12/14 -88921 71804 17117
12/14 -82577 64946 17631
12/14 -87358 69726 17632
12/14 -95192 78615 16577
01/15 -88229 74080 14149
01/15 -71866 64447 7419
01/15 -59950 55194 4756
01/15 -66414 60549 5865
02/15 -65921 52767 13154
02/15 -49376 38859 10517
02/15 -60369 45957 14412
02/15 -69699 56307 13392
03/15 -56374 43665 12709
03/15 -66505 48405 18100
03/15 -46013 34455 11558
03/15 -47847 33927 13920
03/15 -56093 40474 15619
04/15 -40406 28471 11935
04/15 -18286 9160 9126
04/15 -25963 16064 9899
04/15 -38691 28392 10299
05/15 -36316 26187 10129
05/15 -22997 16959 6038
05/15 -24198 15199 8999
05/15 -22323 14819 7504
06/15 -25721 17649 8072
06/15 -41756 27450 14306
06/15 -58098 41331 16767
06/15 -75457 54573 20884
06/15 -90524 68298 22226
07/15 -101094 78652 22442
07/15 -114369 90872 23497
07/15 -126405 104483 21922
07/15 -115580 100098 15482
08/15 -117736 100022 17714
08/15 -117580 95224 22356
08/15 -98429 77721 20708
08/15 -101263 82778 18485
09/15 -87371 72539 14832
09/15 -88703 70107 18596
09/15 -101534 77749 23785
09/15 -84917 64171 20746
09/15 -82229 62682 19547
10/15 -85834 63576 22258
10/15 -102256 76160 26096
10/15 -98116 73431 24685
10/15 -75104 48958 26146
11/15 -62027 40560 21467
11/15 -48538 29628 18910
11/15 -33781 18849 14932
11/15 -6157 -4600 10757
12/15 -7429 -6204 13633
12/15 -1086 -6793 7879
12/15 6564 -18703 12139
12/15 5649 -20054 14405
12/15 18961 -30740 11779
01/16 28194 -38344 10150
01/16 25270 -37850 12580
01/16 30404 -41366 10962
01/16 18797 -30458 11661
02/16 13356 -26395 13039
02/16 30484 -38362 7878
02/16 26448 -36446 9998
02/16 39262 -46575 7313
03/16 45701 -49505 3804
03/16 16461 -27084 10623
03/16 17511 -24785 7274
03/16 8532 -20066 11534
03/16 -4753 -9145 13898
04/16 8918 -17815 8897
04/16 -13261 -1511 14772
04/16 -43542 25700 17842
04/16 -69787 49079 20708
05/16 -79439 58914 20525
05/16 -99250 75550 23700
05/16 -109284 83654 25630
05/16 -108156 85012 23144
05/16 -112164 86839 25325
06/16 -113646 87841 25805
06/16 -112687 87893 24794
06/16 -111336 86430 24906
06/16 -111950 93037 18913
07/16 -108767 91865 16902
07/16 -111078 93457 17621
07/16 -106134 90090 16044
07/16 -105374 86866 18508
08/16 -96603 82950 13653
08/16 -97153 80978 16175
08/16 -96056 79259 16797
08/16 -98712 82383 16329
08/16 -86430 77770 8660
09/16 -75561 64663 10898
09/16 -75673 64221 11452
09/16 -77271 61485 15786
09/16 -51112 41848 9264
10/16 -56567 44051 12516
10/16 -44949 32517 12432
10/16 -43997 32036 11961
10/16 -50503 33439 17064
11/16 -58015 42091 15924
11/16 -57187 38615 18572
11/16 -46870 34111 12759
11/16 -59196 42070 17126
11/16 -61704 43567 18137
12/16 -68274 48598 19676
12/16 -58739 40382 18357
12/16 -49424 37284 12140
12/16 -55316 40981 14335
01/17 -51047 38023 13024
01/17 -57429 45164 12265
01/17 -98519 76969 21550
01/17 -117655 96875 20780
01/17 -113991 94560 19431
02/17 -109336 90224 19112
02/17 -113578 96103 17475
02/17 -118887 103686 15201
02/17 -112134 99380 12754
03/17 -105127 92649 12478
03/17 -100115 89534 10581
03/17 -98304 88397 9907
03/17 -65535 59206 6329
04/17 -55407 51846 3561
04/17 -48197 46558 1639
04/17 -42407 38865 3542
04/17 -38054 32299 5755
05/17 -29019 24414 4605
05/17 -36958 31751 5207
05/17 -26941 20750 6191
05/17 -1763 368 1395
05/17 10647 -9604 -1043
06/17 7626 -10418 2792
06/17 2026 -4845 2819
06/17 233 -6157 5924
06/17 25404 -28145 2741
07/17 16656 -19934 3278
07/17 -16612 7745 8867
07/17 -21796 15266 6530
07/17 -22915 16201 6714
08/17 -18411 15684 2727
08/17 -14438 10830 3608
08/17 -6676 985 5691
08/17 1460 -9098 7638
08/17 865 -8896 8031
09/17 -1734 -8869 10603
09/17 -4975 -5299 10274
09/17 -20440 9088 11352
09/17 -32392 21503 10889
10/17 -36693 24855 11838
10/17 -46745 33684 13061
10/17 -58383 43616 14767
10/17 -53515 44118 9397
10/17 -46545 37804 8741
11/17 -47194 38725 8469
11/17 -49531 41930 7601
11/17 -60437 48943 11494
11/17 -83591 71255 12336
12/17 -116478 99349 17129
12/17 -117506 98460 19046
12/17 -94796 79356 15440
12/17 -77427 64406 13021
01/18 -66851 54469 12382
01/18 -69167 55666 13501
01/18 -54037 43556 10481
01/18 -82380 69308 13072
01/18 -98869 83084 15785
02/18 -100087 85330 14757
02/18 -129765 112013 17752
02/18 -147591 128219 19372
02/18 -169049 152069 16980
03/18 -167897 152702 15195
03/18 -161107 146845 14262
03/18 -147277 132011 15266
03/18 -153964 136460 17504
04/18 -154750 138870 15880
04/18 -165152 146277 18875
04/18 -161380 143407 17973
04/18 -152144 136051 16093
05/18 -185173 167456 17717
05/18 -179736 161701 18035
05/18 -169814 154263 15551
05/18 -163131 145467 17664
05/18 -166211 147649 18562
06/18 -146851 134998 11853
06/18 -134563 124112 10451
06/18 -133918 121902 12016
06/18 -115428 105739 9689
07/18 -110378 101815 8563
07/18 -107887 97659 10228
07/18 -112964 100300 12664
07/18 -108414 96717 11697
07/18 -112186 97575 14611
08/18 -103914 90191 13723
08/18 -115723 100076 15647
08/18 -112241 98713 13528
08/18 -74636 66270 8366
09/18 -68835 58841 9994
09/18 -80882 70502 10380
09/18 -66075 58126 7949
09/18 -70070 61002 9068
10/18 -77648 65128 12520
10/18 -94234 78963 15271
10/18 -99721 82342 17379
10/18 -90154 76289 13865
10/18 -75398 64247 11151
11/18 -77189 62999 14190
11/18 -58443 42506 15937
11/18 -58104 39141 18963
11/18 -43791 26760 17031
12/18 -46500 29038 17462
12/18 -38805 22759 16046
12/18 -43419 27699 15720
12/18 -43231 27966 15265
12/18 -49407 34986 14421
01/19 -77229 55102 22127
01/19 -59265 46272 12993
01/19 -57561 42900 14661
01/19 -50081 34919 15162
02/19 -38059 21702 16357
02/19 -20430 5398 15032
02/19 -2299 -7609 9908
02/19 13622 -22700 9078
03/19 3424 -13011 9587
03/19 8465 -15791 7326
03/19 -12599 1290 11309
03/19 -32175 18122 14053
04/19 -20073 8595 11478
04/19 -26824 13427 13397
04/19 -23522 11383 12139
04/19 -19238 10328 8910
04/19 -25226 16724 8502
05/19 -4037 -5584 9621
05/19 -3578 -11295 14873
05/19 -12604 -3177 15781
05/19 -30131 11029 19102
06/19 -50125 33436 16689
06/19 -47447 32378 15069
06/19 -42260 26289 15971
06/19 -39807 24180 15627
07/19 -27720 13025 14695
07/19 -21601 6145 15456
07/19 -18555 4487 14068
07/19 -15833 3194 12639
07/19 -6620 -7333 13953
08/19 -5816 -9724 15540
08/19 -12499 -4005 16504
08/19 -13221 -3922 17143
08/19 -10601 -5842 16443
09/19 -552 -15343 15895
09/19 -809 -17015 17824
09/19 4984 -23000 18016
09/19 -2884 -19007 21891
10/19 -15706 -7238 22944
10/19 -16893 -6371 23264
10/19 -16431 408 16023
10/19 -19010 2816 16194
10/19 -15772 -4096 19868
11/19 -6572 -12136 18708
11/19 -23428 3174 20254
11/19 -28568 8576 19992
11/19 -8515 -7174 15689
12/19 1026 -18504 17478
12/19 -13428 -5999 19427
12/19 -21127 -739 21866
12/19 -24017 6211 17806
12/19 -20474 4246 16228
01/20 -17049 98 16951
01/20 -11823 -5654 17477
01/20 -8348 -6758 15106
01/20 -6121 -9724 15845
02/20 15845 -33693 17848
02/20 18125 -35135 17010
02/20 23412 -39377 15965
02/20 32513 -49284 16771
03/20 -24550 9399 15151
03/20 -36975 23841 13134
03/20 -52632 39721 12911
03/20 -76298 58886 17412
03/20 -84554 62167 22387
04/20 -66891 44439 22452
04/20 -41481 21990 19491
04/20 -39738 22152 17586
04/20 -35979 16967 19012
05/20 -35046 16551 18495
05/20 -39168 20568 18600
05/20 -27802 7944 19858
05/20 -20530 -872 21402
06/20 -15308 -5249 20557
06/20 -16044 -8024 24068
06/20 -19145 -4555 23700
06/20 -18449 -3170 21619
06/20 -5710 -14774 20484
07/20 -35673 13585 22088
07/20 -24839 5985 18854
07/20 -26160 6584 19576
07/20 -30573 14905 15668
08/20 -23849 10681 13168
08/20 -25311 7281 18030
08/20 -56778 40087 16691
08/20 -52443 36012 16431
09/20 -65545 47282 18263
09/20 -83123 63213 19910
09/20 -92487 69470 23017
09/20 -112473 91601 20872
09/20 -114852 95398 19454
10/20 -127607 105378 22229
10/20 -118335 97167 21168
10/20 -123663 100192 23471
10/20 -131857 107993 23864
11/20 -126473 104879 21594
11/20 -130934 105653 25281
11/20 -126988 101554 25434
11/20 -125813 102040 23773
12/20 -122628 100552 22076
12/20 -114104 90775 23329
12/20 -128189 105794 22395
12/20 -139209 114017 25192
12/20 -145009 121633 23376
01/21 -135708 112711 22997
01/21 -139720 113660 26060
01/21 -131514 103176 28338
01/21 -125400 99570 25830
02/21 -122945 96211 26734
02/21 -129378 97096 32282
02/21 -123570 97594 25976
02/21 -124520 98800 25720
03/21 -119728 95205 24523
03/21 -122076 94155 27921
03/21 -117934 92181 25753
03/21 -114760 87441 27319
03/21 -113251 89328 23923
04/21 -115178 89453 25725
04/21 -99725 75661 24064
04/21 -110885 82909 27976
04/21 -119804 91925 27879
05/21 -114992 91103 23889
05/21 -139593 109378 30215
05/21 -117505 86804 30701
05/21 -86704 60294 26410
06/21 -80692 55536 25156
06/21 -83369 60422 22947
06/21 -76358 53771 22587
06/21 -77209 55794 21415
06/21 -68291 48209 20082
07/21 -72645 51781 20864
07/21 -69762 48830 20932
07/21 -74845 54865 19980
07/21 -71993 51516 20477
08/21 -65393 47002 18391
08/21 -72944 52858 20086
08/21 -77800 54947 22853
08/21 -67400 49708 17692
08/21 -56278 40508 15770
09/21 -35775 19845 15930
09/21 -29464 12963 16501
09/21 -32358 13810 18548
09/21 -30286 13799 16487
10/21 -22153 2462 19691
10/21 -18056 -2587 20643
10/21 -32188 9114 23074
10/21 -48521 23419 25102
11/21 -55091 30771 24320
11/21 -70647 45635 25012
11/21 -99866 73989 25877
11/21 -108922 82271 26651
11/21 -84386 61121 23265
12/21 -74341 52643 21698
12/21 -93865 71429 22436
12/21 -101479 80134 21345
12/21 -114144 91744 22400
01/22 -123394 99029 24365
01/22 -122834 97174 25660
01/22 -107973 80893 27080
01/22 -104414 79018 25396
02/22 -126965 98839 28126
02/22 -132541 106260 26281
02/22 -135761 109544 26217
02/22 -138497 112100 26397
03/22 -138449 113183 25266
03/22 -150565 121604 28961
03/22 -159488 130255 29233
03/22 -157051 128784 28267
03/22 -150719 121785 28934
04/22 -154006 123778 30228
04/22 -148220 116258 31962
04/22 -154801 122756 32045
04/22 -142111 116295 25816
05/22 -119714 99561 20153
05/22 -108059 84132 23927
05/22 -100729 73300 27429
05/22 -108388 81907 26481
05/22 -109384 80754 28630
06/22 -115261 89676 25585
06/22 -114735 88831 25904
06/22 -119799 95371 24428
06/22 -114869 93925 20944
07/22 -112761 95944 16817
07/22 -119787 100397 19390
07/22 -120304 100674 19630
07/22 -126394 106507 19887
08/22 -132172 109776 22396
08/22 -135196 112176 23020
08/22 -135859 112163 23696
08/22 -141247 117554 23693
08/22 -137835 116189 21646
09/22 -126646 107135 19511
09/22 -137766 114177 23589
09/22 -151854 126470 25384
09/22 -138371 115075 23296
10/22 -125950 105922 20028
10/22 -118422 96601 21821
10/22 -122110 99132 22978
10/22 -141232 116146 25086
11/22 -145286 119508 25778
11/22 -147596 121234 26362
11/22 -124282 104749 19533
11/22 -121311 101070 20241
11/22 -122247 102339 19908
12/22 -141761 122174 19587
12/22 -152141 133532 18609
12/22 -162167 140071 22096
12/22 -165499 146873 18626
01/23 -175970 156568 19402
01/23 -180580 157710 22870
01/23 -186133 166350 19783
01/23 -169008 149785 19223
01/23 -173741 157830 15911
02/23 -176928 161174 15754
02/23 -189324 172351 16973
02/23 -191708 175951 15757
02/23 -171625 159362 12263
03/23 -196159 176990 19169
03/23 -176076 157721 18355
03/23 -150414 133343 17071
03/23 -131095 114541 16554
04/23 -130796 113102 17694
04/23 -134052 115912 18140
04/23 -146880 130269 16611
04/23 -126822 111252 15570
05/23 -103005 88882 14123
05/23 -104252 90980 13272
05/23 -126889 112341 14548
05/23 -119902 110022 9880
05/23 -107413 94533 12880
06/23 -117624 103317 14307
06/23 -115247 103436 11811
06/23 -122189 107750 14439
06/23 -113519 99273 14246
07/23 -109012 95998 13014
07/23 -115151 99821 15330
07/23 -116636 97251 19385
07/23 -128326 106329 21997
08/23 -128461 109503 18958
08/23 -128313 106964 21349
08/23 -108122 89760 18362
08/23 -97349 80865 16484
08/23 -115489 99231 16258
09/23 -112190 92750 19440
09/23 -107255 88283 18972
09/23 -103064 87212 15852
09/23 -101143 84544 16599
10/23 -78589 64775 13814
10/23 -71689 54654 17035
10/23 -94822 75938 18884
10/23 -126450 106326 20124
10/23 -138842 119668 19174
11/23 -141753 121225 20528
11/23 -155771 135583 20188
11/23 -153158 138549 14609
11/23 -150026 130628 19398
12/23 -138507 116651 21856
12/23 -107389 84744 22645
12/23 -81231 61397 19834
12/23 -54515 40981 13534
01/24 -38153 26938 11215
01/24 -10834 -2490 13324
01/24 -6171 -11242 17413
01/24 6120 -20616 14496
01/24 17882 -33932 16050
02/24 15996 -33922 17926
02/24 28730 -45467 16737
02/24 29150 -45453 16303
02/24 56238 -66820 10582
03/24 45873 -59509 13636
03/24 40575 -56887 16312
03/24 30378 -45705 15327
03/24 13039 -29745 16706
04/24 23944 -38437 14493
04/24 2946 -22062 19116
04/24 -2352 -12832 15184
04/24 -31560 14443 17117
04/24 -49108 32119 16989
05/24 -95405 73970 21435
05/24 -109370 82785 26585
05/24 -115939 89274 26665
05/24 -139803 114521 25282
06/24 -117328 97408 19920
06/24 -112147 92534 19613
06/24 -119589 101432 18157
06/24 -101575 89981 11594
07/24 -93893 76633 17260
07/24 -84429 66354 18075
07/24 -50702 33624 17078
07/24 -41536 23900 17636
07/24 -52809 37694 15115
08/24 -61351 43091 18260
08/24 -27706 9415 18291
08/24 -34197 13574 20623
08/24 -37614 17049 20565
09/24 -50660 29015 21645
09/24 -57666 38898 18768
09/24 -61679 43288 18391
09/24 -86397 62879 23518
10/24 -131994 104022 27972
10/24 -127797 99847 27950
10/24 -88822 61885 26937
10/24 -91858 68468 23390
