01/86 -58725 36275 22450
01/86 -55360 26730 28630
02/86 -39750 7715 32035
02/86 -6875 -3585 10460
03/86 -75675 29100 46575
03/86 -78825 34375 44450
04/86 3705 -22425 18720
04/86 -66230 26545 39685
05/86 -56795 26025 30770
05/86 -39200 15980 23220
06/86 -8870 -9175 18045
06/86 32245 -32240 -5
07/86 1650 -7200 5550
07/86 -38075 17250 20825
08/86 20490 -18555 -1935
08/86 30140 -15815 -14325
09/86 -480930 -21370 502300
09/86 13700 -8100 -5600
10/86 59625 -45555 -14070
10/86 -9540 10530 -990
11/86 -22550 22710 -160
11/86 -31210 17525 13685
12/86 25850 -9410 -16440
12/86 22330 2780 -25110
01/87 12805 4995 -17800
01/87 12175 17675 -29850
02/87 65700 -12460 -53240
02/87 60760 -25925 -34835
03/87 16910 6595 -23505
03/87 -7880 10390 -2510
04/87 -41715 40425 1290
04/87 -46705 37010 9695
05/87 -92510 47210 45300
05/87 -59920 33340 26580
06/87 -147800 76615 71185
06/87 -101960 40755 61205
07/87 -105370 34120 71250
07/87 -102560 33120 69440
08/87 -63960 9170 54790
08/87 -46290 2335 43955
09/87 -55275 9155 46120
09/87 -97805 36695 61110
10/87 -175150 94045 81105
10/87 -115500 58670 56830
11/87 -175230 98795 76435
11/87 -190440 117310 73130
12/87 -160665 95755 64910
12/87 -148975 106955 42020
01/88 -171540 109495 62045
01/88 -125085 75645 49440
02/88 -139045 97795 41250
02/88 -170990 106815 64175
03/88 -98485 49925 48560
03/88 -166445 125580 40865
04/88 -163375 88095 75280
04/88 -225565 161165 64400
05/88 -235765 174525 61240
05/88 -260220 169050 91170
06/88 -256345 165075 91270
06/88 -197505 110380 87125
07/88 -192220 118680 73540
07/88 -116950 106795 10155
08/88 -129170 96570 32600
08/88 -104775 91600 13175
09/88 -153510 127115 26395
09/88 -89380 83155 6225
10/88 -99135 67015 32120
10/88 -68745 42390 26355
11/88 -65125 33350 31775
11/88 -62965 37930 25035
12/88 -78830 50820 28010
12/88 -84260 57410 26850
01/89 -129510 67270 62240
01/89 -88595 15785 72810
02/89 -49595 -3615 53210
02/89 -78410 13475 64935
03/89 -81480 12750 68730
03/89 -32435 -14405 46840
04/89 -38030 3455 34575
04/89 -30300 12545 17755
05/89 -48720 17050 31670
05/89 12655 -24235 11580
06/89 -10935 -1160 12095
06/89 -6465 8250 -1785
07/89 -6820 2290 4530
07/89 48475 -25520 -22955
08/89 20940 -12800 -8140
08/89 24070 1070 -25140
09/89 29225 -15380 -13845
09/89 23015 -23795 780
10/89 20225 -26505 6280
10/89 9465 4420 -13885
11/89 -57500 38480 19020
11/89 -25160 13560 11600
12/89 -41295 28040 13255
12/89 -1495 -3670 5165
01/90 9350 -17940 8590
01/90 46500 -40170 -6330
02/90 26025 -27515 1490
02/90 22365 -20355 -2010
03/90 -61865 34920 26945
03/90 -65830 40680 25150
04/90 -35855 28120 7735
04/90 -108270 88805 19465
05/90 -81635 67825 13810
05/90 -53265 57410 -4145
06/90 -23945 23290 655
06/90 -85155 59610 25545
07/90 -79765 51020 28745
07/90 -44865 29065 15800
08/90 -71240 53420 17820
08/90 -57410 54355 3055
09/90 -92015 65285 26730
09/90 -50040 33695 16345
10/90 -46600 24630 21970
10/90 -41150 20825 20325
11/90 -470 -18325 18795
11/90 -23720 1815 21905
12/90 -31635 8860 22775
12/90 2540 -15810 13270
01/91 4965 -21735 16770
01/91 -26970 -2795 29765
02/91 -59595 8285 51310
02/91 -84255 28645 55610
03/91 -80345 14960 65385
03/91 -77610 100 77510
04/91 -115175 28210 86965
04/91 -79230 18810 60420
05/91 -51660 -9915 61575
05/91 -80525 20760 59765
06/91 -66405 12380 54025
06/91 -26740 -6135 32875
07/91 -37600 8390 29210
07/91 -93450 31050 62400
08/91 -85525 46935 38590
08/91 -126535 81950 44585
09/91 -143535 75840 67695
09/91 -139285 77180 62105
10/91 -97840 47820 50020
10/91 -102685 52295 50390
11/91 -92230 18040 74190
11/91 -114345 27765 86580
12/91 -92125 7050 85075
12/91 -95590 12240 83350
01/92 -144910 73190 71720
01/92 -161560 81660 79900
02/92 -157030 65620 91410
02/92 -206180 130010 76170
03/92 -230945 165510 65435
03/92 -201475 129875 71600
04/92 -168015 90985 77030
04/92 -165525 87820 77705
05/92 -266245 185740 80505
05/92 -226475 164740 61735
06/92 -228225 145920 82305
06/92 -219525 121240 98285
07/92 -108060 81660 26400
07/92 -47935 27480 20455
08/92 -34675 21445 13230
08/92 -17220 14305 2915
09/92 -23960 21925 2035
09/92 9945 -5220 -4725
10/92 38870 -15565 -23305
10/92 9000 -985 -8015
10/92 -18100 11845 6255
10/92 -44535 25685 18850
11/92 -62955 41395 21560
11/92 -50365 31305 19060
11/92 -76485 49170 27315
11/92 -77245 48270 28975
12/92 -70835 46870 23965
12/92 -67325 38170 29155
12/92 -104840 69300 35540
12/92 -109990 65900 44090
12/92 -101525 68555 32970
01/93 -105575 51985 53590
01/93 -139115 84245 54870
01/93 -144405 89010 55395
01/93 -135235 79995 55240
02/93 -116485 62815 53670
02/93 -92845 35715 57130
02/93 -110290 45330 64960
02/93 -125200 47250 77950
03/93 -162355 78265 84090
03/93 -160900 65160 95740
03/93 -173050 67690 105360
03/93 -231300 115645 115655
03/93 -225135 104630 120505
04/93 -251520 118740 132780
04/93 -260635 128085 132550
04/93 -244800 113295 131505
04/93 -268250 140555 127695
05/93 -225685 124020 101665
05/93 -297145 168965 128180
05/93 -298395 174045 124350
05/93 -315755 189165 126590
06/93 -261815 153315 108500
06/93 -232005 126840 105165
06/93 -230180 123640 106540
06/93 -323890 191515 132375
06/93 -365580 223780 141800
07/93 -429270 246545 182725
07/93 -452345 257395 194950
07/93 -473655 259430 214225
07/93 -443950 239855 204095
08/93 -444560 246235 198325
08/93 -391395 207555 183840
08/93 -341435 184625 156810
08/93 -344440 177715 166725
08/93 -345325 181965 163360
09/93 -291130 151620 139510
09/93 -255845 130450 125395
09/93 -258945 128140 130805
09/93 -235010 114900 120110
10/93 -209305 104635 104670
10/93 -214915 114800 100115
10/93 -222785 100535 122250
10/93 -206425 76065 130360
11/93 -214475 106490 107985
11/93 -221000 113420 107580
11/93 -281445 164155 117290
11/93 -317235 186750 130485
11/93 -284270 153285 130985
12/93 -293985 150470 143515
12/93 -291405 163515 127890
12/93 -294290 163755 130535
12/93 -330330 211720 118610
01/94 -345000 231435 113565
01/94 -350640 220425 130215
01/94 -361190 243730 117460
01/94 -351015 235245 115770
02/94 -327340 221365 105975
02/94 -299630 177690 121940
02/94 -306450 182020 124430
02/94 -285525 144990 140535
03/94 -288400 151320 137080
03/94 -259630 129340 130290
03/94 -312025 180220 131805
03/94 -321920 195865 126055
03/94 -329250 199970 129280
04/94 -234650 109260 125390
04/94 -195385 88975 106410
04/94 -179040 71900 107140
04/94 -168275 62715 105560
05/94 -149285 54800 94485
05/94 -148300 57545 90755
05/94 -197045 97670 99375
05/94 -291620 222375 69245
05/94 -283180 199885 83295
06/94 -246145 171690 74455
06/94 -277695 177890 99805
06/94 -285675 185385 100290
06/94 -213680 158850 54830
07/94 -136445 85330 51115
07/94 -71605 50715 20890
07/94 -47830 24235 23595
07/94 -8065 -3295 11360
08/94 -340 -11140 11480
08/94 -10935 -5300 16235
08/94 855 -19025 18170
08/94 29185 -15605 -13580
08/94 36405 -19830 -16575
09/94 37420 -14410 -23010
09/94 67200 -34495 -32705
09/94 119270 -78495 -40775
09/94 143445 -97420 -46025
10/94 144420 -109760 -34660
10/94 153355 -125120 -28235
10/94 123895 -101910 -21985
10/94 105155 -69245 -35910
11/94 107385 -75220 -32165
11/94 96925 -63755 -33170
11/94 82990 -63955 -19035
11/94 75480 -71260 -4220
11/94 68650 -52805 -15845
12/94 81940 -83015 1075
12/94 71000 -59960 -11040
12/94 45150 -36205 -8945
12/94 49545 -30050 -19495
01/95 74685 -58135 -16550
01/95 75090 -83535 8445
01/95 66990 -84085 17095
01/95 85530 -106765 21235
01/95 105295 -130465 25170
02/95 95420 -123105 27685
02/95 56310 -65690 9380
02/95 53180 -57675 4495
02/95 48810 -43610 -5200
03/95 7005 17755 -24760
03/95 -12070 27200 -15130
03/95 -72055 106705 -34650
03/95 -67235 83170 -15935
04/95 -56430 43445 12985
04/95 -113785 98085 15700
04/95 -72550 68545 4005
04/95 -71425 54335 17090
05/95 -78630 70355 8275
05/95 -39585 32870 6715
05/95 -37035 16480 20555
05/95 -113450 111675 1775
05/95 -79455 84400 -4945
06/95 -101725 91555 10170
06/95 -83110 78510 4600
06/95 -138945 122865 16080
06/95 -104365 79530 24835
07/95 -94905 73880 21025
07/95 -120325 95895 24430
07/95 -197440 169640 27800
07/95 -188185 146280 41905
08/95 -148040 115390 32650
08/95 -110280 77975 32305
08/95 -110025 65665 44360
08/95 -121005 63420 57585
08/95 -137950 80855 57095
09/95 -150890 108890 42000
09/95 -169510 138515 30995
09/95 -235955 180265 55690
09/95 -212570 161290 51280
10/95 -209625 155990 53635
10/95 -187850 149260 38590
10/95 -217300 179245 38055
10/95 -247320 233700 13620
10/95 -277285 235005 42280
11/95 -281960 241795 40165
11/95 -233365 215355 18010
11/95 -235420 206345 29075
11/95 -256650 219250 37400
12/95 -296935 261580 35355
12/95 -318275 277790 40485
12/95 -348200 272150 76050
12/95 -347540 269305 78235
01/96 -367325 294235 73090
01/96 -397330 296715 100615
01/96 -363165 289790 73375
01/96 -358040 274695 83345
01/96 -343595 262025 81570
02/96 -344145 274010 70135
02/96 -340695 273665 67030
02/96 -327380 238705 88675
02/96 -362940 268410 94530
03/96 -321860 226240 95620
03/96 -313935 222700 91235
03/96 -298140 213150 84990
03/96 -304540 232320 72220
04/96 -334875 274610 60265
04/96 -347800 279285 68515
04/96 -319630 263655 55975
04/96 -352210 272585 79625
04/96 -320955 270245 50710
05/96 -325165 273220 51945
05/96 -328265 268405 59860
05/96 -337325 276250 61075
05/96 -337280 276900 60380
06/96 -263210 238465 24745
06/96 -245340 223545 21795
06/96 -275170 242365 32805
06/96 -245920 197375 48545
07/96 -241595 202775 38820
07/96 -256690 223120 33570
07/96 -314115 257535 56580
07/96 -248675 211360 37315
07/96 -201170 179805 21365
08/96 -207010 182440 24570
08/96 -228360 202610 25750
08/96 -248375 211335 37040
08/96 -280385 238040 42345
09/96 -284435 249690 34745
09/96 -289925 260545 29380
09/96 -305310 278620 26690
09/96 -300235 257105 43130
10/96 -216315 222970 -6655
10/96 -141550 139145 2405
10/96 -65810 53995 11815
10/96 -73600 33005 40595
10/96 -111570 41820 69750
11/96 -71705 28900 42805
11/96 -66275 860 65415
11/96 -110775 17185 93590
11/96 -130440 13990 116450
12/96 -118100 18770 99330
12/96 -100550 -19685 120235
12/96 -94780 -6130 100910
12/96 -98990 11250 87740
12/96 -105555 23435 82120
01/97 -139980 58530 81450
01/97 -171755 125555 46200
01/97 -222355 172645 49710
01/97 -247745 192920 54825
02/97 -229970 174295 55675
02/97 -240710 164060 76650
02/97 -265555 212920 52635
02/97 -272250 205835 66415
03/97 -292265 229565 62700
03/97 -340435 262190 78245
03/97 -355790 269770 86020
03/97 -343980 261275 82705
04/97 -338020 265110 72910
04/97 -305025 216955 88070
04/97 -259780 177025 82755
04/97 -248585 166800 81785
04/97 -287810 206815 80995
05/97 -313395 218955 94440
05/97 -287340 195460 91880
05/97 -215975 148085 67890
05/97 -165970 123595 42375
06/97 -196545 133900 62645
06/97 -123880 92810 31070
06/97 -126700 81895 44805
06/97 -65315 36275 29040
07/97 54500 -51875 -2625
07/97 75315 -55905 -19410
07/97 60865 -52790 -8075
07/97 90665 -73630 -17035
07/97 57775 -58530 755
08/97 59695 -43640 -16055
08/97 89800 -69375 -20425
08/97 115975 -88305 -27670
08/97 138075 -103640 -34435
09/97 141250 -101235 -40015
09/97 166665 -87015 -79650
09/97 172325 -96125 -76200
09/97 192070 -124680 -67390
09/97 186710 -121675 -65035
10/97 91360 -66270 -25090
10/97 47825 -16330 -31495
10/97 -35955 24960 10995
10/97 -61231 48076 13155
11/97 -81080 64360 16720
11/97 -98270 73050 25220
11/97 -86020 46235 39785
11/97 -98490 46790 51700
12/97 -93700 40990 52710
12/97 -83575 37305 46270
12/97 -54435 -3755 58190
12/97 -8890 -34565 43455
12/97 -27985 -29085 57070
12/97 -23980 -23360 47340
01/98 2901 -11980 9079
01/98 -2291 -10903 13194
01/98 2019 -15200 13181
01/98 -2499 -10883 13382
02/98 -7615 -5035 12650
02/98 -14405 3251 11154
02/98 -4899 -5677 10576
02/98 3365 -10072 6707
03/98 9108 -14099 4991
03/98 8133 -13069 4936
03/98 15918 -18028 2110
03/98 21417 -22457 1040
03/98 25063 -24560 -503
04/98 28682 -27956 -726
04/98 28408 -26072 -2336
04/98 14588 -14057 -531
04/98 20653 -18461 -2192
05/98 20317 -16903 -3414
05/98 13305 -10862 -2443
05/98 14515 -9897 -4618
05/98 26635 -20396 -6239
06/98 25708 -22034 -3674
06/98 31707 -29534 -2173
06/98 24578 -21838 -2740
06/98 215 -927 712
06/98 -344 -836 1180
07/98 2060 -2972 912
07/98 1703 -3735 2032
07/98 4996 -8031 3035
07/98 15652 -14430 -1222
08/98 21084 -17230 -3854
08/98 26151 -21365 -4786
08/98 27440 -23832 -3608
08/98 32689 -26407 -6282
09/98 33103 -24839 -8264
09/98 36472 -27358 -9114
09/98 40996 -28095 -12901
09/98 42665 -31991 -10674
09/98 38677 -29273 -9404
10/98 28735 -23808 -4927
10/98 17817 -10283 -7534
10/98 11505 -4594 -6911
10/98 6943 -2004 -4939
11/98 6486 231 -6717
11/98 -5548 10331 -4783
11/98 -12606 18035 -5429
11/98 -3878 8784 -4906
12/98 -8652 17786 -9134
12/98 -6617 12055 -5438
12/98 5910 2412 -8322
12/98 9717 -5399 -4318
12/98 13568 -8599 -4969
01/99 14164 -9305 -4859
01/99 19444 -14868 -4576
01/99 29027 -23850 -5177
01/99 30596 -26469 -4127
02/99 22962 -20198 -2764
02/99 28032 -27382 -650
02/99 28416 -30040 1624
02/99 24410 -24858 448
03/99 17006 -13786 -3220
03/99 23329 -16327 -7002
03/99 21810 -17704 -4106
03/99 17149 -12067 -5082
03/99 18921 -12336 -6585
04/99 18100 -13499 -4601
04/99 17143 -13960 -3183
04/99 13148 -9246 -3902
04/99 21033 -14360 -6673
05/99 26832 -18003 -8829
05/99 25998 -16833 -9165
05/99 28255 -20659 -7596
05/99 27243 -18398 -8845
06/99 23771 -18046 -5725
06/99 7141 -10913 3772
06/99 9122 -12028 2906
06/99 14974 -19188 4214
06/99 15074 -17751 2677
07/99 19520 -25073 5553
07/99 16587 -22489 5902
07/99 4052 -13713 9661
07/99 912 -10775 9863
08/99 -11143 2576 8567
08/99 -19552 11706 7846
08/99 -12869 5161 7708
08/99 -10348 3948 6400
08/99 -16192 9866 6326
09/99 -22867 17078 5789
09/99 -16893 13669 3224
09/99 -13629 13794 -165
09/99 -20226 17430 2796
10/99 -20813 18682 2131
10/99 -27287 23946 3341
10/99 -30875 30280 595
10/99 -15591 18066 -2475
11/99 -18067 18872 -805
11/99 -18845 13005 5840
11/99 -13133 9490 3643
11/99 -11518 6659 4859
11/99 -22269 11872 10397
12/99 -31894 17491 14403
12/99 -14794 6348 8446
12/99 -9433 112 9321
12/99 -15091 3096 11995
01/00 -16146 5806 10340
01/00 -23853 11640 12213
01/00 -37065 25891 11174
01/00 -46921 37330 9591
02/00 -53016 46614 6402
02/00 -55559 42935 12624
02/00 -57883 44242 13641
02/00 -52310 39486 12824
02/00 -42577 30897 11680
03/00 -43586 33165 10421
03/00 -50390 38317 12073
03/00 -55476 40376 15100
03/00 -58121 42710 15411
04/00 -62325 44956 17369
04/00 -61133 40937 20196
04/00 -57051 37415 19636
04/00 -63459 41829 21630
05/00 -66506 44407 22099
05/00 -68799 45180 23619
05/00 -61629 35883 25746
05/00 -62980 34321 28659
05/00 -44763 21574 23189
06/00 -39416 15898 23518
06/00 -30868 6388 24480
06/00 -35159 6870 28289
06/00 -35949 7898 28051
07/00 -28264 5694 22570
07/00 -22602 4228 18374
07/00 -19621 -1843 21464
07/00 -16527 -3693 20220
08/00 -18950 -818 19768
08/00 -19820 728 19092
08/00 -23631 3792 19839
08/00 -21864 1491 20373
08/00 -26122 6969 19153
09/00 -34071 13984 20087
09/00 -33704 15391 18313
09/00 -30876 12645 18231
09/00 -34488 17729 16759
10/00 -41664 19249 22415
10/00 -46314 23120 23194
10/00 -34492 10371 24121
10/00 -31966 5843 26123
10/00 -29226 7534 21692
11/00 -37018 13098 23920
11/00 -30297 8581 21716
11/00 -31295 9021 22274
11/00 -33431 18835 14596
12/00 -34331 19783 14548
12/00 -45046 31105 13941
12/00 -38928 23326 15602
12/00 -34501 19422 15079
01/01 -30909 17185 13724
01/01 -27714 12461 15253
01/01 -8439 -4267 12706
01/01 -5297 -10904 16201
01/01 -1999 -12785 14784
02/01 -2456 -15031 17487
02/01 898 -18839 17941
02/01 1910 -22396 20486
02/01 2488 -24303 21815
03/01 -6332 -16232 22564
03/01 -3265 -17406 20671
03/01 3572 -21197 17625
03/01 6269 -22158 15889
04/01 16297 -30654 14357
04/01 16076 -30697 14621
04/01 13945 -29916 15971
04/01 13640 -30081 16441
05/01 4458 -19746 15288
05/01 4942 -20315 15373
05/01 -7436 -12050 19486
05/01 -10705 -8583 19288
05/01 -7680 -10968 18648
06/01 -14305 -6489 20794
06/01 -25447 7228 18219
06/01 -22799 6963 15836
06/01 -22336 3489 18847
07/01 -42701 23200 19501
07/01 -53503 32209 21294
07/01 -69214 43819 25395
07/01 -66646 43020 23626
07/01 -58887 33338 25549
08/01 -47791 21842 25949
08/01 -48994 22138 26856
08/01 -42390 14680 27710
08/01 -38120 11727 26393
09/01 -37951 13181 24770
09/01 -28319 10215 18104
09/01 -32001 9678 22323
09/01 -22972 2003 20969
10/01 -20786 1494 19292
10/01 -22484 2530 19954
10/01 -10995 -7440 18435
10/01 -4787 -12573 17360
10/01 -10257 -6124 16381
11/01 -800 -15673 16473
11/01 -8887 -11035 19922
11/01 -14206 -4667 18873
11/01 -5245 -12207 17452
12/01 -11706 -7481 19187
12/01 -10983 -7819 18802
12/01 -5330 -12795 18125
12/01 -8128 -10928 19056
12/01 -1326 -18041 19367
01/02 -3341 -16657 19998
01/02 -16277 1731 14546
01/02 -16091 6875 9216
01/02 -7991 -3013 11004
02/02 -5399 -8809 14208
02/02 -4836 -10534 15370
02/02 -9499 -6854 16353
02/02 -11860 109 11751
03/02 -16077 8509 7568
03/02 -27525 25486 2039
03/02 -27304 27495 -191
03/02 -22012 24282 -2270
04/02 -29646 30282 -636
04/02 -15106 17527 -2421
04/02 -12100 14030 -1930
04/02 -13934 15644 -1710
04/02 -8478 9666 -1188
05/02 -6466 7043 -577
05/02 -14414 15085 -671
05/02 -23116 26734 -3618
05/02 -26196 31620 -5424
06/02 -35282 36707 -1425
06/02 -36080 38241 -2161
06/02 -31218 32681 -1463
06/02 -37163 30412 6751
07/02 -55682 41933 13749
07/02 -67011 49931 17080
07/02 -74343 52498 21845
07/02 -73133 51071 22062
07/02 -58763 41873 16890
08/02 -61419 42532 18887
08/02 -65960 48597 17363
08/02 -58673 41817 16856
08/02 -47088 33312 13776
09/02 -47157 30342 16815
09/02 -54328 39890 14438
09/02 -61556 48651 12905
09/02 -61419 49981 11438
10/02 -57828 45656 12172
10/02 -55030 43192 11838
10/02 -59246 44387 14859
10/02 -60706 45030 15676
10/02 -60715 40463 20252
11/02 -65093 46186 18907
11/02 -64533 44163 20370
11/02 -69001 49785 19216
11/02 -79162 57314 21848
12/02 -76500 57737 18763
12/02 -70825 54177 16648
12/02 -66256 51631 14625
12/02 -65121 53423 11698
12/02 -63230 50350 12880
07/03 0 3231 -3231
07/03 0 2761 -2761
08/03 0 2444 -2444
08/03 0 4402 -4402
08/03 -115 4210 -4095
09/03 -344 4605 -4261
09/03 -134 5020 -4886
09/03 -150 3342 -3192
10/03 -155 3116 -2961
10/03 -160 3655 -3495
10/03 -179 3368 -3189
10/03 -127 1732 -1605
11/03 -141 1551 -1410
01/03 -84918 70541 14377
01/03 -57917 45143 12774
01/03 -44960 35182 9778
01/03 -56553 48943 7610
02/03 -52876 43185 9691
02/03 -54999 45799 9200
02/03 -52233 48354 3879
02/03 -63624 60274 3350
03/03 -62415 62927 -512
03/03 -52203 48316 3887
03/03 -54294 52145 2149
03/03 -52040 49940 2100
04/03 -47942 46348 1594
04/03 -64075 66858 -2783
04/03 -65801 70066 -4265
04/03 -63481 64769 -1288
04/03 -60764 60156 608
05/03 -58508 56487 2021
05/03 -52937 50773 2164
05/03 -47494 48441 -947
05/03 -36924 40044 -3120
06/03 -18671 24266 -5595
06/03 -21868 27670 -5802
06/03 -11894 19277 -7383
06/03 -17385 22691 -5306
07/03 -8386 12837 -4451
07/03 10150 -6309 -3841
07/03 23210 -15389 -7821
07/03 35501 -28384 -7117
07/03 40244 -35567 -4677
08/03 40737 -36672 -4065
08/03 26364 -20492 -5872
08/03 6605 -1254 -5351
08/03 -4684 6140 -1456
09/03 -8614 10383 -1769
09/03 -17802 21966 -4164
09/03 -21085 26031 -4946
09/03 -30079 34471 -4392
09/03 -44531 48163 -3632
10/03 -52364 51918 446
10/03 -56285 56790 -505
10/03 -69891 61727 8164
10/03 -72988 59255 13733
11/03 -64409 48785 15624
11/03 -66516 48407 18109
11/03 -64050 47666 16384
11/03 -62902 47680 15222
12/03 -67125 50687 16438
12/03 -74583 58760 15823
12/03 -70885 51582 19303
12/03 -71406 54140 17266
12/03 -73147 58888 14259
02/04 -195 2029 -1834
03/04 -279 2490 -2211
03/04 -300 3630 -3330
03/04 -455 4567 -4112
03/04 -497 4952 -4455
04/04 -580 4804 -4224
04/04 -592 4598 -4006
04/04 -419 5539 -5120
04/04 -415 6086 -5671
05/04 -285 5290 -5005
05/04 -254 5346 -5092
05/04 -259 5605 -5346
05/04 -249 5219 -4970
06/04 -250 4975 -4725
06/04 -252 4862 -4610
06/04 -253 4262 -4009
06/04 -247 3905 -3658
07/04 -387 6475 -6088
08/04 -370 5562 -5192
08/04 -399 6630 -6231
09/04 -522 6208 -5686
01/04 -79665 60331 19334
01/04 -87355 68802 18553
01/04 -89322 69042 20280
01/04 -92309 70527 21782
02/04 -73590 52616 20974
02/04 -69962 47433 22529
02/04 -63271 46872 16399
02/04 -68561 56738 11823
03/04 -67726 58754 8972
03/04 -67042 55836 11206
03/04 -67772 57264 10508
03/04 -68857 54273 14584
03/04 -70130 53250 16880
04/04 -58553 43113 15440
04/04 -49412 35896 13516
04/04 -42258 33669 8589
04/04 -48989 38187 10802
05/04 -55335 40465 14870
05/04 -56089 41829 14260
05/04 -24571 18304 6267
05/04 -27162 22838 4324
06/04 -24652 22986 1666
06/04 -20509 21670 -1161
06/04 -26181 24699 1482
06/04 -23124 26062 -2938
06/04 -15581 17627 -2046
07/04 -9888 9757 131
07/04 -1144 1756 -612
07/04 16437 -7772 -8665
07/04 29056 -15004 -14052
08/04 29247 -11173 -18074
08/04 36185 -19468 -16717
08/04 38505 -20948 -17557
08/04 37841 -22301 -15540
08/04 38065 -19121 -18944
09/04 37175 -19461 -17714
09/04 44479 -26067 -18412
09/04 55330 -32339 -22991
09/04 59432 -37613 -21819
10/04 67317 -44217 -23100
10/04 75426 -50742 -24684
10/04 75290 -47645 -27645
10/04 58919 -35874 -23045
11/04 71174 -51425 -19749
11/04 74458 -60210 -14248
11/04 52859 -42050 -10809
11/04 37399 -27457 -9942
11/04 39681 -28988 -10693
12/04 58983 -49576 -9407
12/04 47568 -37522 -10046
12/04 42334 -33005 -9329
12/04 44436 -30569 -13867
02/05 -269 1541 -1272
03/05 -205 6262 -6057
03/05 -237 7227 -6990
03/05 -360 8944 -8584
03/05 -551 9739 -9188
03/05 -553 9325 -8772
04/05 -658 8995 -8337
04/05 -853 9470 -8617
04/05 -755 7778 -7023
04/05 -475 8996 -8521
05/05 -601 8063 -7462
05/05 -607 7489 -6882
05/05 -725 9797 -9072
06/05 -777 10215 -9438
06/05 -822 10009 -9187
06/05 -902 13628 -12726
06/05 -926 12038 -11112
07/05 -916 9300 -8384
07/05 -940 8982 -8042
07/05 -768 8363 -7595
01/05 58052 -45070 -12982
01/05 62890 -51538 -11352
01/05 80572 -74314 -6258
01/05 80247 -72714 -7533
02/05 84640 -75759 -8881
02/05 83213 -78161 -5052
02/05 62272 -49556 -12716
02/05 52380 -29219 -23161
03/05 41988 -7884 -34104
03/05 37019 6357 -43376
03/05 35462 9379 -44841
03/05 29443 17642 -47085
03/05 30538 14117 -44655
04/05 34260 8671 -42931
04/05 39118 992 -40110
04/05 24675 12104 -36779
04/05 13208 20651 -33859
05/05 18029 12627 -30656
05/05 4939 22027 -26966
05/05 21732 4878 -26610
05/05 -2734 26460 -23726
05/05 -17019 40628 -23609
06/05 -26906 50365 -23459
06/05 -35592 57605 -22013
06/05 -42629 54580 -11951
06/05 -45289 56593 -11304
07/05 -39155 47081 -7926
07/05 -34496 42938 -8442
07/05 -34556 40367 -5811
07/05 -32443 41780 -9337
08/05 -37893 46274 -8381
08/05 -26525 37558 -11033
08/05 -21627 38153 -16526
08/05 -14403 29180 -14777
08/05 -4877 22012 -17135
09/05 -3677 21189 -17512
09/05 4789 15936 -20725
09/05 15604 9867 -25471
09/05 23422 1914 -25336
10/05 26738 2207 -28945
10/05 29172 4064 -33236
10/05 19094 11770 -30864
10/05 28581 962 -29543
11/05 26396 3081 -29477
11/05 21944 4017 -25961
11/05 18748 5595 -24343
11/05 35849 -13364 -22485
11/05 51282 -28271 -23011
12/05 49574 -27565 -22009
12/05 34712 -12522 -22190
12/05 20627 6247 -26874
12/05 17800 11499 -29299
01/06 -186 5785 -5599
01/06 -195 5463 -5268
01/06 -213 4132 -3919
02/06 0 4598 -4598
03/06 0 4695 -4695
03/06 0 4786 -4786
03/06 0 4649 -4649
03/06 -217 5733 -5516
04/06 371 6945 -7316
04/06 -218 7609 -7391
04/06 63 6480 -6543
04/06 120 6616 -6736
05/06 -130 7887 -7757
05/06 -161 9067 -8906
05/06 -178 9790 -9612
05/06 57 9665 -9722
05/06 155 9074 -9229
06/06 90 7899 -7989
06/06 -408 8841 -8433
07/06 -433 8809 -8376
07/06 -441 8940 -8499
07/06 -460 7219 -6759
08/06 -470 6878 -6408
08/06 -473 7391 -6918
08/06 -494 6968 -6474
08/06 -716 7007 -6291
08/06 -716 7098 -6382
09/06 -533 6955 -6422
09/06 -536 7164 -6628
09/06 -326 6950 -6624
09/06 -333 6603 -6270
10/06 -121 5941 -5820
10/06 -95 5806 -5711
10/06 -105 1940 -1835
10/06 -197 5537 -5340
11/06 -273 6769 -6496
11/06 34 7846 -7880
11/06 30 5946 -5976
11/06 -25 5971 -5946
12/06 -45 6137 -6092
12/06 -66 7854 -7788
12/06 -419 5263 -4844
01/06 16118 15122 -31240
01/06 29496 4948 -34444
01/06 44983 -12745 -32238
01/06 53235 -21504 -31731
01/06 49075 -13860 -35215
02/06 43594 -6785 -36809
02/06 34888 -1764 -33124
02/06 28865 14521 -43386
02/06 41809 -3816 -37993
03/06 41673 -4343 -37330
03/06 52412 -15519 -36893
03/06 68965 -30030 -38935
03/06 72410 -33954 -38456
04/06 89468 -43207 -46261
04/06 88292 -47070 -41222
04/06 78075 -40022 -38053
04/06 83699 -39846 -43853
05/06 54030 -14028 -40002
05/06 42802 -2649 -40153
05/06 33471 6101 -39572
05/06 51491 -12375 -39116
05/06 62678 -25689 -36989
06/06 50129 -12484 -37645
06/06 38817 -3229 -35588
06/06 46288 -12072 -34216
06/06 66403 -34315 -32088
07/06 46538 -11912 -34626
07/06 32513 -3930 -28583
07/06 35679 -7316 -28363
07/06 43829 -18009 -25820
08/06 60305 -35533 -24772
08/06 63743 -41240 -22503
08/06 67723 -44326 -23397
08/06 63523 -41425 -22098
08/06 64542 -39776 -24766
09/06 67732 -40184 -27548
09/06 70180 -43491 -26689
09/06 68228 -42299 -25929
09/06 69576 -43054 -26522
10/06 66407 -38396 -28011
10/06 40943 -17767 -23176
10/06 14429 11027 -25456
10/06 -1400 30782 -29382
10/06 7375 22757 -30132
11/06 -7707 33899 -26192
11/06 -7540 39993 -32453
11/06 548 35895 -36443
11/06 -15903 48259 -32356
12/06 -18174 48387 -30213
12/06 -25716 54908 -29192
12/06 -24187 54308 -30121
12/06 -26746 54742 -27996
01/07 -1027 6110 -5083
01/07 -942 7810 -6868
01/07 -757 6480 -5723
01/07 -782 6226 -5444
02/07 -794 6571 -5777
02/07 -987 7426 -6439
02/07 -780 7124 -6344
02/07 -643 7689 -7046
03/07 -498 7828 -7330
03/07 -512 8678 -8166
03/07 -500 8675 -8175
03/07 -525 9327 -8802
04/07 -874 9470 -8596
04/07 -862 9531 -8669
04/07 -655 10102 -9447
05/07 -686 9804 -9118
05/07 -697 9544 -8847
05/07 -682 9931 -9249
05/07 -981 11724 -10743
05/07 -1005 12149 -11144
06/07 -1083 12096 -11013
06/07 -1372 12661 -11289
06/07 -1413 14201 -12788
06/07 -1172 12187 -11015
07/07 -1049 12142 -11093
07/07 -1091 12515 -11424
07/07 -1120 12134 -11014
07/07 -1002 12064 -11062
07/07 -1020 11312 -10292
08/07 -1177 10654 -9477
08/07 -973 10514 -9541
08/07 -985 10565 -9580
08/07 -1001 11773 -10772
09/07 -965 12977 -12012
09/07 -1213 12145 -10932
09/07 -1086 12461 -11375
09/07 -1146 12784 -11638
10/07 -1168 13030 -11862
10/07 -782 12368 -11586
10/07 -484 12348 -11864
10/07 -705 12027 -11322
10/07 -234 11541 -11307
11/07 -650 12761 -12111
11/07 -716 13736 -13020
11/07 -780 15120 -14340
11/07 -848 15058 -14210
12/07 -703 13645 -12942
12/07 -789 14510 -13721
12/07 -842 15070 -14228
12/07 -650 14009 -13359
12/07 -1211 13995 -12784
01/07 -45256 71282 -26026
01/07 -38381 66136 -27755
01/07 -48453 72733 -24280
01/07 -62474 87968 -25494
01/07 -68025 92041 -24016
02/07 -80971 107690 -26719
02/07 -76257 103164 -26907
02/07 -80168 104557 -24389
02/07 -89465 111383 -21918
03/07 -68568 87121 -18553
03/07 -77516 96066 -18550
03/07 -80687 100931 -20244
03/07 -83246 104111 -20865
04/07 -85183 106379 -21196
04/07 -69288 95142 -25854
04/07 -56386 84681 -28295
04/07 -30403 62103 -31700
05/07 -40858 75435 -34577
05/07 -41694 75921 -34227
05/07 -68840 98653 -29813
05/07 -89582 118552 -28970
05/07 -97552 124098 -26546
06/07 -118325 143065 -24740
06/07 -120332 139214 -18882
06/07 -119455 142534 -23079
06/07 -104585 124707 -20122
07/07 -105767 127593 -21826
07/07 -118004 138993 -20989
07/07 -112184 134809 -22625
07/07 -91580 118642 -27062
07/07 -82719 104179 -21460
08/07 -81318 103789 -22471
08/07 -87597 109577 -21980
08/07 -64842 96119 -31277
08/07 -69332 101151 -31819
09/07 -72698 102598 -29900
09/07 -71692 103173 -31481
09/07 -75771 107742 -31971
09/07 -88079 123556 -35477
10/07 -87018 127999 -40981
10/07 -87922 131109 -43187
10/07 -86371 127594 -41223
10/07 -86330 125859 -39529
10/07 -99083 136106 -37023
11/07 -109923 145685 -35762
11/07 -110357 149087 -38730
11/07 -109024 152906 -43882
11/07 -102209 140093 -37884
12/07 -102914 143591 -40677
12/07 -115533 155278 -39745
12/07 -108214 145122 -36908
12/07 -116891 149756 -32865
12/07 -115938 148615 -32677
01/08 -1987 14124 -12137
01/08 -2981 15699 -12718
01/08 -3105 16514 -13409
01/08 -2783 15612 -12829
02/08 -2831 15841 -13010
02/08 -2711 16856 -14145
02/08 -2777 17123 -14346
02/08 -2869 16762 -13893
03/08 -3318 17313 -13995
03/08 -3573 16862 -13289
03/08 -3860 16754 -12894
03/08 -4302 16378 -12076
04/08 -4468 17412 -12944
04/08 -3743 16321 -12578
04/08 -3736 15924 -12188
04/08 -3942 17202 -13260
04/08 -3260 16433 -13173
05/08 -3410 15965 -12555
05/08 -3677 16248 -12571
05/08 -3587 16093 -12506
05/08 -3620 16364 -12744
06/08 -3611 16453 -12842
06/08 -3785 16847 -13062
06/08 -3693 15726 -12033
06/08 -3676 15172 -11496
07/08 -3050 15030 -11980
07/08 -3053 15428 -12375
07/08 -3125 14690 -11565
07/08 -3169 15007 -11838
07/08 -3139 14915 -11776
08/08 -3271 14583 -11312
08/08 -3304 13850 -10546
08/08 -3329 13997 -10668
08/08 -3362 13561 -10199
09/08 -3381 13780 -10399
09/08 -3227 13080 -9853
09/08 -3130 13113 -9983
09/08 -3034 12374 -9340
09/08 -2986 12005 -9019
10/08 -2801 11870 -9069
10/08 -1486 9852 -8366
10/08 -1020 6834 -5814
12/08 -778 4553 -3775
01/08 -116591 145143 -28552
01/08 -118847 148033 -29186
01/08 -108790 145130 -36340
01/08 -108117 147989 -39872
02/08 -117301 154193 -36892
02/08 -113953 152362 -38409
02/08 -118511 152746 -34235
02/08 -114866 145257 -30391
03/08 -98128 126981 -28853
03/08 -86841 115796 -28955
03/08 -87235 115793 -28558
03/08 -79866 114759 -34893
04/08 -68430 104763 -36333
04/08 -81743 116122 -34379
04/08 -84106 119796 -35690
04/08 -90323 126338 -36015
04/08 -72820 108515 -35695
05/08 -73862 107853 -33991
05/08 -80976 112187 -31211
05/08 -82699 116761 -34062
05/08 -80976 114726 -33750
06/08 -84531 121402 -36871
06/08 -99684 126603 -26919
06/08 -99408 127706 -28298
06/08 -90830 120038 -29208
07/08 -102215 124442 -22227
07/08 -90631 116298 -25667
07/08 -90114 115835 -25721
07/08 -74385 104162 -29777
07/08 -59663 86699 -27036
08/08 -52070 85471 -33401
08/08 -43835 76933 -33098
08/08 -43012 73851 -30839
08/08 -38215 65923 -27708
09/08 -38358 68065 -29707
09/08 -22024 53935 -31911
09/08 -20175 50726 -30551
09/08 -22854 53576 -30722
09/08 -16952 48948 -31996
10/08 -16974 50747 -33773
10/08 -11501 40337 -28836
10/08 251 23943 -24194
10/08 2275 20797 -23072
11/08 -10554 28838 -18284
11/08 -3039 23244 -20205
11/08 -5996 24587 -18591
11/08 -8276 26372 -18096
12/08 -3620 21334 -17714
12/08 -1312 20888 -19576
12/08 -5032 20958 -15926
12/08 -6189 21826 -15637
12/08 -8862 26177 -17315
01/09 -1130 5826 -4696
01/09 -1214 7012 -5798
01/09 -1305 7666 -6361
02/09 -1195 7132 -5937
03/09 -1094 5732 -4638
03/09 -1490 8179 -6689
03/09 -1612 8871 -7259
04/09 -1745 11183 -9438
04/09 -1743 10226 -8483
04/09 -1287 9278 -7991
05/09 -1475 12676 -11201
05/09 -1379 13066 -11687
05/09 -2102 13201 -11099
05/09 -3217 15825 -12608
06/09 -2888 15601 -12713
06/09 -2859 14833 -11974
06/09 -2964 15329 -12365
06/09 -2852 15722 -12870
06/09 -3225 15090 -11865
07/09 -3169 15315 -12146
07/09 -3207 15193 -11986
07/09 -3296 14930 -11634
07/09 -3266 15071 -11805
08/09 -3794 17157 -13363
08/09 -4138 18486 -14348
08/09 -4117 18784 -14667
08/09 -4172 19327 -15155
09/09 -3707 18322 -14615
09/09 -3935 17392 -13457
09/09 -3864 17694 -13830
09/09 -3559 16991 -13432
09/09 -3478 15883 -12405
10/09 -3964 15280 -11316
10/09 -4328 14373 -10045
10/09 -3301 12413 -9112
11/09 -971 8101 -7130
11/09 -1601 9847 -8246
11/09 -1913 11425 -9512
12/09 -2216 13769 -11553
12/09 -2037 13159 -11122
12/09 -2154 11226 -9072
12/09 -1300 10054 -8754
01/09 -13137 29017 -15880
01/09 -15902 36646 -20744
01/09 -13058 33314 -20256
01/09 -18979 40403 -21424
02/09 -12100 36990 -24890
02/09 -19532 41788 -22256
02/09 -10696 33280 -22584
02/09 6120 14928 -21048
03/09 16898 7611 -24509
03/09 13439 8803 -22242
03/09 4042 16705 -20747
03/09 -11117 33997 -22880
03/09 -14535 40336 -25801
04/09 -41749 65651 -23902
04/09 -54429 77003 -22574
04/09 -64346 90325 -25979
04/09 -70706 93729 -23023
05/09 -88492 110473 -21981
05/09 -95810 116815 -21005
05/09 -99798 119430 -19632
05/09 -106566 125467 -18901
06/09 -108629 125410 -16781
06/09 -112075 128420 -16345
06/09 -99711 124160 -24449
06/09 -94262 121317 -27055
06/09 -86298 116459 -30161
07/09 -75596 104553 -28957
07/09 -52578 86085 -33507
07/09 -45611 83161 -37550
07/09 -31287 67684 -36397
08/09 -51116 81548 -30432
08/09 -61557 90747 -29190
08/09 -42641 73460 -30819
08/09 -37090 67491 -30401
09/09 -26493 57516 -31023
09/09 -12821 46036 -33215
09/09 -14459 47475 -33016
09/09 4298 32384 -36682
09/09 5390 32695 -38085
10/09 3422 30878 -34300
10/09 -34747 60763 -26016
10/09 -48147 70132 -21985
10/09 -50614 74465 -23851
11/09 -66116 91472 -25356
11/09 -47646 77474 -29828
11/09 -61328 91111 -29783
11/09 -79935 111410 -31475
12/09 -88183 116292 -28109
12/09 -83399 116917 -33518
12/09 -81497 119467 -37970
12/09 -49672 91119 -41447
12/09 -37107 75650 -38543
01/10 -1491 10468 -8977
01/10 -1544 10517 -8973
01/10 -1530 10780 -9250
02/10 -1553 11330 -9777
02/10 -1698 10711 -9013
02/10 -1754 10856 -9102
02/10 -1635 9979 -8344
03/10 -1717 10182 -8465
03/10 -1768 10688 -8920
03/10 -1952 12259 -10307
03/10 -2090 12277 -10187
04/10 -2134 12206 -10072
04/10 -2604 12826 -10222
04/10 -2872 14646 -11774
04/10 -3111 14964 -11853
05/10 -3213 14553 -11340
05/10 -3398 14520 -11122
05/10 -3354 14478 -11124
05/10 -3360 13904 -10544
06/10 -3408 12823 -9415
06/10 -3432 13236 -9804
06/10 -3569 13641 -10072
06/10 -4003 14170 -10167
06/10 -3813 13136 -9323
07/10 -3846 12960 -9114
07/10 -4003 14878 -10875
07/10 -4193 16890 -12697
07/10 -4212 16823 -12611
08/10 -5253 18887 -13634
08/10 -5409 21412 -16003
08/10 -5777 21832 -16055
08/10 -5808 21944 -16136
08/10 -5539 21772 -16233
09/10 -5883 22328 -16445
09/10 -5983 21989 -16006
09/10 -6803 21600 -14797
09/10 -7113 22501 -15388
10/10 -6749 21592 -14843
10/10 -6453 21992 -15539
10/10 -3879 18396 -14517
10/10 -2945 16211 -13266
11/10 -2584 15821 -13237
11/10 -3884 18490 -14606
11/10 -4065 18219 -14154
11/10 -4090 16730 -12640
11/10 -3861 16399 -12538
12/10 -4110 16658 -12548
12/10 -3350 15957 -12607
12/10 -3664 16552 -12888
12/10 -4371 18357 -13986
01/10 -47090 87809 -40719
01/10 -16685 62359 -45674
01/10 -2899 50140 -47241
01/10 11849 39096 -50945
02/10 24820 29270 -54090
02/10 47801 5152 -52953
02/10 31548 19603 -51151
02/10 32084 14792 -46876
03/10 37437 12140 -49577
03/10 52592 2286 -54878
03/10 56797 -3433 -53364
03/10 27264 27476 -54740
03/10 23787 30643 -54430
04/10 49094 8221 -57315
04/10 29498 29228 -58726
04/10 -6869 56292 -49423
04/10 -17216 68099 -50883
05/10 -14288 66948 -52660
05/10 7469 47325 -54794
05/10 22753 33219 -55972
05/10 30031 24706 -54737
06/10 29589 23067 -52656
06/10 34246 17467 -51713
06/10 15273 31360 -46633
06/10 -886 43921 -43035
06/10 23187 24451 -47638
07/10 29118 13023 -42141
07/10 -26129 63536 -37407
07/10 -59222 95495 -36273
07/10 -52233 90151 -37918
08/10 -77790 111655 -33865
08/10 -95893 128074 -32181
08/10 -107102 135794 -28692
08/10 -106870 139374 -32504
08/10 -108158 140040 -31882
09/10 -114799 142447 -27648
09/10 -120122 146406 -26284
09/10 -139825 163087 -23262
09/10 -156977 180199 -23222
10/10 -140340 167295 -26955
10/10 -145835 172954 -27119
10/10 -162586 197151 -34565
10/10 -172202 201843 -29641
11/10 -179666 206823 -27157
11/10 -177843 204912 -27069
11/10 -160029 194654 -34625
11/10 -166778 199278 -32500
11/10 -172362 203255 -30893
12/10 -179802 208529 -28727
12/10 -183110 211599 -28489
12/10 -186802 216029 -29227
12/10 -203215 228273 -25058
01/11 -4550 17380 -12830
01/11 -5038 18883 -13845
01/11 -5708 20349 -14641
01/11 -5519 19548 -14029
02/11 -5417 20395 -14978
02/11 -5103 20161 -15058
02/11 -5187 19697 -14510
02/11 -5207 19035 -13828
03/11 -5212 18926 -13714
03/11 -5347 19108 -13761
03/11 -5418 19020 -13602
03/11 -5685 19656 -13971
03/11 -5782 19932 -14150
04/11 -5568 20076 -14508
04/11 -5784 20048 -14264
04/11 -5658 19007 -13349
04/11 -6074 19689 -13615
05/11 -6328 19589 -13261
05/11 -6347 19545 -13198
05/11 -6401 19628 -13227
05/11 -6504 19847 -13343
05/11 -6635 20345 -13710
06/11 -6452 20713 -14261
06/11 -6542 20420 -13878
06/11 -6445 19930 -13485
06/11 -5254 18065 -12811
07/11 -4952 17232 -12280
07/11 -5008 17988 -12980
07/11 -5501 18685 -13184
07/11 -5510 18500 -12990
08/11 -5726 18211 -12485
08/11 -5763 17983 -12220
08/11 -5718 18045 -12327
08/11 -5891 17902 -12011
08/11 -6406 19135 -12729
09/11 -6239 19459 -13220
09/11 -4311 17202 -12891
09/11 -4049 15367 -11318
09/11 -4013 14006 -9993
10/11 -4189 13281 -9092
10/11 -3576 12343 -8767
12/11 -1748 5608 -3860
01/11 -192117 218416 -26299
01/11 -192389 218777 -26388
01/11 -203260 225588 -22328
01/11 -186699 213196 -26497
02/11 -194664 218809 -24145
02/11 -202008 224747 -22739
02/11 -177574 206790 -29216
02/11 -143663 175942 -32279
03/11 -136125 164840 -28715
03/11 -148871 178533 -29662
03/11 -128082 164934 -36852
03/11 -138198 170353 -32155
03/11 -135727 165562 -29835
04/11 -142779 166733 -23954
04/11 -119648 151479 -31831
04/11 -107150 137798 -30648
04/11 -104509 132724 -28215
05/11 -100740 127916 -27176
05/11 -82210 114352 -32142
05/11 -77971 111723 -33752
05/11 -89886 120151 -30265
05/11 -100113 124869 -24756
06/11 -112280 134181 -21901
06/11 -91457 119811 -28354
06/11 -73101 104072 -30971
06/11 -48480 81944 -33464
07/11 -47513 80469 -32956
07/11 -69616 93898 -24282
07/11 -117491 133312 -15821
07/11 -120304 135675 -15371
08/11 -103106 118778 -15672
08/11 -69597 95195 -25598
08/11 -86005 108173 -22168
08/11 -134196 146768 -12572
08/11 -191724 197684 -5960
09/11 -193048 199241 -6193
09/11 -174262 182560 -8298
09/11 -133659 151915 -18256
09/11 -88024 120157 -32133
10/11 -72834 110571 -37737
10/11 -65027 102360 -37333
10/11 -75560 110594 -35034
10/11 -31098 64319 -33221
11/11 -21315 52699 -31384
11/11 -12894 45391 -32497
11/11 10238 24560 -34798
11/11 28178 11400 -39578
11/11 24414 11063 -35477
12/11 27839 8586 -36425
12/11 14685 19909 -34594
12/11 6204 23905 -30109
12/11 -574 29009 -28435
01/12 -2028 8109 -6081
01/12 -2086 7174 -5088
01/12 -2088 7889 -5801
01/12 -1722 7519 -5797
02/12 -1291 7565 -6274
02/12 -1460 9373 -7913
03/12 -2322 12419 -10097
03/12 -2921 13322 -10401
03/12 -3084 13549 -10465
04/12 -3344 14814 -11470
04/12 -2700 14102 -11402
04/12 -3026 11930 -8904
01/12 -11900 39411 -27511
01/12 -20068 48650 -28582
01/12 -10788 43152 -32364
01/12 -18677 52242 -33565
01/12 -18996 55388 -36392
02/12 -42160 73662 -31502
02/12 -55948 91599 -35651
02/12 -71777 107029 -35252
02/12 -94842 126557 -31715
03/12 -126897 160509 -33612
03/12 -141648 172756 -31108
03/12 -167002 200011 -33009
03/12 -181740 212427 -30687
04/12 -199155 235857 -36702
04/12 -196209 231181 -34972
04/12 -198224 233405 -35181
04/12 -215259 249342 -34083
05/12 -226818 258743 -31925
05/12 -216014 249923 -33909
05/12 -211263 242822 -31559
05/12 -215171 244887 -29716
05/12 -207522 236310 -28788
06/12 -186346 213696 -27350
06/12 -212614 233926 -21312
06/12 -217271 233641 -16370
06/12 -226969 237482 -10513
07/12 -250413 260433 -10020
07/12 -253748 257822 -4074
07/12 -260845 259612 1233
07/12 -252365 255959 -3594
07/12 -243526 243126 400
08/12 -231027 232277 -1250
08/12 -225519 230298 -4779
08/12 -248441 249104 -663
08/12 -227917 224380 3537
09/12 -233765 232645 1120
09/12 -229604 229815 -211
09/12 -206882 217037 -10155
09/12 -206376 217686 -11310
10/12 -199423 213487 -14064
10/12 -196768 207835 -11067
10/12 -186646 204151 -17505
10/12 -192784 204624 -11840
10/12 -172941 182669 -9728
11/12 -171991 177277 -5286
11/12 -141408 148788 -7380
11/12 -126369 132695 -6326
11/12 -117057 122189 -5132
12/12 -115653 122819 -7166
12/12 -127886 131471 -3585
12/12 -135613 137463 -1850
12/12 -110645 114613 -3968
12/12 -108451 109228 -777
09/13 -3636 8336 -4700
09/13 -3605 8911 -5306
01/13 -75999 80880 -4881
01/13 -77670 79363 -1693
01/13 -88166 89549 -1383
01/13 -91341 92418 -1077
02/13 -114675 113471 1204
02/13 -121753 125085 -3332
02/13 -107375 111708 -4333
02/13 -118064 128255 -10191
03/13 -118549 123158 -4609
03/13 -128399 133574 -5175
03/13 -99549 110242 -10693
03/13 -105282 110625 -5343
04/13 -83412 96163 -12751
04/13 -54720 70764 -16044
04/13 -65899 81546 -15647
04/13 -64435 77567 -13132
04/13 -69806 79072 -9266
05/13 -47962 61957 -13995
05/13 -58122 71635 -13513
05/13 -67888 82897 -15009
05/13 -72333 93034 -20701
06/13 -85554 109604 -24050
06/13 -95053 122209 -27156
06/13 -76376 101515 -25139
06/13 -87292 109924 -22632
07/13 -80362 103980 -23618
07/13 -79583 104371 -24788
07/13 -93912 111788 -17876
07/13 -80892 104044 -23152
07/13 -46808 80196 -33388
08/13 -16836 56687 -39851
08/13 -25801 60892 -35091
08/13 -80076 105395 -25319
08/13 -122304 139813 -17509
09/13 -148068 165762 -17694
09/13 -134816 152815 -17999
09/13 -140448 159910 -19462
09/13 -126214 145306 -19092
10/13 -112840 131254 -18414
10/13 -107172 129303 -22131
10/13 -108885 136145 -27260
10/13 -116220 139105 -22885
10/13 -104918 129969 -25051
11/13 -86299 111738 -25439
11/13 -109016 129964 -20948
11/13 -114518 143162 -28644
11/13 -128789 154794 -26005
12/13 -129451 159546 -30095
12/13 -144004 173374 -29370
12/13 -145089 176981 -31892
12/13 -144934 175774 -30840
12/13 -132358 165789 -33431
05/14 -4259 12240 -7981
05/14 -4895 14052 -9157
06/14 -4851 14549 -9698
06/14 -4893 14893 -10000
06/14 -4737 15273 -10536
06/14 -5024 15429 -10405
07/14 -5231 14150 -8919
07/14 -5320 14923 -9603
07/14 -5397 15245 -9848
07/14 -5242 15946 -10704
07/14 -5264 16121 -10857
08/14 -5313 15926 -10613
08/14 -5359 16384 -11025
08/14 -5402 16134 -10732
08/14 -5513 16754 -11241
09/14 -5577 16818 -11241
09/14 -5311 17045 -11734
09/14 -5634 17422 -11788
09/14 -5699 17473 -11774
09/14 -5229 17854 -12625
10/14 -4005 18303 -14298
01/14 -105010 142263 -37253
01/14 -119675 153700 -34025
01/14 -122327 158010 -35683
01/14 -112998 152950 -39952
02/14 -123363 165359 -41996
02/14 -147948 189763 -41815
02/14 -158952 199331 -40379
02/14 -168209 211816 -43607
03/14 -164842 210364 -45522
03/14 -154526 195557 -41031
03/14 -146657 187912 -41255
03/14 -135384 176363 -40979
04/14 -139845 181519 -41674
04/14 -124431 163648 -39217
04/14 -126030 166501 -40471
04/14 -97315 139763 -42448
04/14 -112329 158859 -46530
05/14 -82416 130420 -48004
05/14 -76677 126780 -50103
05/14 -67417 116898 -49481
05/14 -71697 124058 -52361
06/14 -44851 102289 -57438
06/14 -23169 81082 -57913
06/14 16418 48438 -64856
06/14 24805 37404 -62209
07/14 46162 17121 -63283
07/14 63094 4478 -67572
07/14 73728 -118 -73610
07/14 79927 -5652 -74275
07/14 77481 -3755 -73726
08/14 78366 -6404 -71962
08/14 72211 2835 -75046
08/14 77067 750 -77817
08/14 91303 -9712 -81591
09/14 96540 -13720 -82820
09/14 106130 -22680 -83450
09/14 124466 -31642 -92824
09/14 130404 -31120 -99284
09/14 125708 -24366 -101342
10/14 112105 -16171 -95934
10/14 100875 -7088 -93787
10/14 85976 6647 -92623
10/14 87175 -737 -86438
11/14 72710 13292 -86002
11/14 55286 25115 -80401
11/14 58982 19699 -78681
11/14 60134 19242 -79376
12/14 79774 1430 -81204
12/14 52114 22502 -74616
12/14 51202 22276 -73478
12/14 50524 19963 -70487
12/14 46470 30225 -76695
07/15 -4565 12942 -8377
07/15 -4564 13152 -8588
08/15 -4436 11308 -6872
08/15 -4340 11309 -6969
01/15 44544 32409 -76953
01/15 66629 13146 -79775
01/15 88394 -7740 -80654
01/15 114358 -33483 -80875
02/15 99374 -26242 -73132
02/15 112534 -41113 -71421
02/15 95499 -28605 -66894
02/15 78092 -13066 -65026
03/15 70819 4711 -75530
03/15 80729 -8393 -72336
03/15 82074 -10525 -71549
03/15 75254 -8576 -66678
03/15 79607 -14286 -65321
04/15 72592 -11038 -61554
04/15 97842 -37215 -60627
04/15 72871 -10748 -62123
04/15 67586 -3884 -63702
05/15 68675 -943 -67732
05/15 74444 -7424 -67020
05/15 110973 -45851 -65122
05/15 120457 -54954 -65503
06/15 111551 -48829 -62722
06/15 96617 -38081 -58536
06/15 76671 -19912 -56759
06/15 19419 30218 -49637
06/15 -40877 80116 -39239
07/15 -61587 98593 -37006
07/15 -76714 107046 -30332
07/15 -84404 113921 -29517
07/15 -56684 91971 -35287
08/15 -53690 87803 -34113
08/15 -77707 104383 -26676
08/15 -39247 67576 -28329
08/15 -11599 46911 -35312
09/15 1070 30716 -31786
09/15 -6356 34825 -28469
09/15 -1915 27057 -25142
09/15 8761 17552 -26313
09/15 -15907 39917 -24010
10/15 -23094 43688 -20594
10/15 -43651 63133 -19482
10/15 -44152 64140 -19988
10/15 -10868 23803 -12935
11/15 8764 1243 -10007
11/15 40501 -28945 -11556
11/15 36900 -27086 -9814
11/15 43688 -36059 -7629
12/15 34398 -26208 -8190
12/15 20775 -10780 -9995
12/15 34322 -26187 -8135
12/15 40778 -34481 -6297
12/15 70853 -60283 -10570
04/16 -3632 9424 -5792
05/16 -4618 11218 -6600
05/16 -6413 14677 -8264
05/16 -7560 5917 1643
05/16 -7720 6558 1162
05/16 -7976 7663 313
06/16 -9137 9093 44
06/16 -9646 8480 1166
06/16 -9777 4681 5096
06/16 -9969 4394 5575
07/16 -10270 5175 5095
07/16 -10345 5367 4978
07/16 -10431 5188 5243
07/16 -10779 4908 5871
08/16 -10968 5615 5353
08/16 -11088 6384 4704
08/16 -11002 6302 4700
08/16 -11127 7310 3817
08/16 -10933 5525 5408
09/16 -10972 5422 5550
09/16 -10801 5621 5180
09/16 -9362 6388 2974
09/16 -8307 7193 1114
10/16 -4714 8161 -3447
10/16 -4206 7988 -3782
10/16 -2628 9512 -6884
11/16 -576 8461 -7885
12/16 -1034 6607 -5573
01/16 94477 -78915 -15562
01/16 74932 -65498 -9434
01/16 49786 -39094 -10692
01/16 53445 -40504 -12941
02/16 51668 -40527 -11141
02/16 84218 -70539 -13679
02/16 66813 -55581 -11232
02/16 44877 -29377 -15500
03/16 83858 -77991 -5867
03/16 55798 -42292 -13506
03/16 4991 13461 -18452
03/16 -23657 45265 -21608
03/16 -40546 68858 -28312
04/16 -25342 61060 -35718
04/16 -41572 83197 -41625
04/16 -87734 132711 -44977
04/16 -127119 181080 -53961
05/16 -139578 193524 -53946
05/16 -173051 229516 -56465
05/16 -175007 226002 -50995
05/16 -175935 224577 -48642
05/16 -184197 233689 -49492
06/16 -199581 242177 -42596
06/16 -207364 247108 -39744
06/16 -203179 242483 -39304
06/16 -208645 252074 -43429
07/16 -181461 228234 -46773
07/16 -175425 216106 -40681
07/16 -165305 202146 -36841
07/16 -145037 181471 -36434
08/16 -127908 164701 -36793
08/16 -131534 170047 -38513
08/16 -123125 156920 -33795
08/16 -142699 179379 -36680
08/16 -103541 146546 -43005
09/16 -89446 132088 -42642
09/16 -76748 118952 -42204
09/16 -88431 125216 -36785
09/16 -55583 98470 -42887
10/16 -67706 104940 -37234
10/16 -78998 118835 -39837
10/16 -100702 139773 -39071
10/16 -81547 124977 -43430
11/16 -92904 139637 -46733
11/16 -106996 152671 -45675
11/16 -71065 119340 -48275
11/16 -87846 140245 -52399
11/16 -105877 164173 -58296
12/16 -94909 155435 -60526
12/16 -90649 151994 -61345
12/16 -75255 136574 -61319
12/16 -70268 133733 -63465
03/17 -1969 6668 -4699
03/17 -2174 6702 -4528
03/17 -2150 1764 386
04/17 -2226 1814 412
05/17 -2218 2037 181
07/17 -4840 2720 2120
07/17 -4684 3365 1319
07/17 -4920 4080 840
08/17 -4952 3262 1690
08/17 -4595 3185 1410
08/17 -4041 3201 840
08/17 -4047 3405 642
08/17 -4152 3382 770
09/17 -4205 3511 694
09/17 -3934 3543 391
09/17 -3773 4749 -976
01/17 -64507 125830 -61323
01/17 -58200 119102 -60902
01/17 -88367 154765 -66398
01/17 -115016 181011 -65995
01/17 -99547 168449 -68902
02/17 -92951 160533 -67582
02/17 -109161 176321 -67160
02/17 -98320 166769 -68449
02/17 -80865 148192 -67327
03/17 -73182 143379 -70197
03/17 -35723 105478 -69755
03/17 -2412 70957 -68545
03/17 17496 51665 -69161
04/17 42924 22157 -65081
04/17 64173 54 -64227
04/17 73859 -12673 -61186
04/17 99348 -43737 -55611
05/17 93386 -39783 -53603
05/17 85212 -29887 -55325
05/17 86606 -28823 -57783
05/17 101585 -47931 -53654
05/17 117192 -63347 -53845
06/17 111296 -66882 -44414
06/17 89810 -45956 -43854
06/17 93845 -50490 -43355
06/17 134427 -94540 -39887
07/17 91780 -59429 -32351
07/17 18153 18000 -36153
07/17 -5519 40831 -35312
07/17 -21381 58785 -37404
08/17 -17700 54705 -37005
08/17 -4280 41412 -37132
08/17 3456 33285 -36741
08/17 17567 18038 -35605
08/17 49981 -14707 -35274
09/17 32300 -2044 -30256
09/17 32292 3592 -35884
09/17 14987 20124 -35111
09/17 -69 34028 -33959
10/17 -5040 38134 -33094
10/17 -12328 44243 -31915
10/17 -42145 81884 -39739
10/17 -19533 56493 -36960
10/17 -31638 67872 -36234
11/17 -37475 70814 -33339
11/17 -14696 51887 -37191
11/17 -19452 52243 -32791
11/17 -25518 62873 -37355
12/17 -54772 92585 -37813
12/17 -14955 55245 -40290
12/17 29127 10282 -39409
12/17 59953 -23331 -36622
03/18 -4912 18089 -13177
03/18 -5741 19407 -13666
03/18 -5973 20092 -14119
03/18 -6483 20506 -14023
04/18 -7489 23067 -15578
04/18 -8218 24387 -16169
04/18 -8620 17313 -8693
04/18 -8182 16450 -8268
05/18 -7150 11415 -4265
05/18 -7201 11508 -4307
05/18 -7186 11340 -4154
05/18 -7238 11236 -3998
05/18 -7909 12211 -4302
06/18 -8167 12583 -4416
06/18 -7865 12135 -4270
06/18 -7473 11438 -3965
06/18 -6747 9273 -2526
07/18 -6878 7040 -162
07/18 -6927 6902 25
07/18 -7015 6898 117
07/18 -7724 7186 538
07/18 -6940 6108 832
08/18 -6930 6251 679
08/18 -6332 6522 -190
08/18 -6258 6736 -478
08/18 -6015 6571 -556
09/18 -5466 6192 -726
09/18 -4746 6355 -1609
09/18 -4619 7094 -2475
01/18 77954 -44754 -33200
01/18 97040 -65433 -31607
01/18 111976 -78648 -33328
01/18 105646 -67090 -38556
01/18 59188 -12799 -46389
02/18 42036 1893 -43929
02/18 1026 51163 -52189
02/18 -50023 106866 -56843
02/18 -100575 155357 -54782
03/18 -132450 194877 -62427
03/18 -137472 201382 -63910
03/18 -130168 197820 -67652
03/18 -122494 192800 -70306
04/18 -140694 210461 -69767
04/18 -145836 210265 -64429
04/18 -157680 224357 -66677
04/18 -129747 193022 -63275
05/18 -147384 203160 -55776
05/18 -116968 172647 -55679
05/18 -103362 155648 -52286
05/18 -93936 143470 -49534
05/18 -97560 150233 -52673
06/18 -78736 126949 -48213
06/18 -49748 91656 -41908
06/18 -22692 58179 -35487
06/18 28998 1285 -30283
07/18 34663 -4729 -29934
07/18 22577 5147 -27724
07/18 25186 1150 -26336
07/18 34505 -10814 -23691
07/18 33024 -14083 -18941
08/18 44016 -18678 -25338
08/18 62366 -35761 -26605
08/18 48053 -17804 -30249
08/18 73013 -40565 -32448
09/18 86599 -55657 -30942
09/18 96525 -66552 -29973
09/18 99087 -69526 -29561
09/18 82866 -54861 -28005
10/18 69311 -39027 -30284
10/18 71183 -41294 -29889
10/18 62978 -29774 -33204
10/18 67953 -31539 -36414
10/18 98621 -64215 -34406
11/18 68197 -34013 -34184
11/18 76986 -41958 -35028
11/18 73478 -42347 -31131
11/18 72003 -39846 -32157
12/18 22179 8951 -31130
12/18 30558 5931 -36489
12/18 18910 14531 -33441
12/18 30752 4110 -34862
12/18 37425 -2094 -35331
01/19 25128 10774 -35902
01/19 39592 -4107 -35485
01/19 49493 -11837 -37656
01/19 29898 8572 -38470
02/19 32003 6892 -38895
02/19 48504 -5322 -43182
02/19 70488 -28319 -42169
02/19 64016 -22972 -41044
03/19 68491 -30931 -37560
03/19 103279 -65967 -37312
03/19 76205 -40480 -35725
03/19 63602 -27511 -36091
04/19 76260 -44040 -32220
04/19 68121 -38643 -29478
04/19 88307 -56906 -31401
04/19 114541 -86500 -28041
04/19 145279 -118335 -26944
05/19 139026 -117511 -21515
05/19 142665 -123395 -19270
05/19 119045 -99941 -19104
05/19 92136 -76983 -15153
06/19 71470 -47893 -23577
06/19 71790 -47669 -24121
06/19 21712 -2734 -18978
06/19 16929 -1868 -15061
07/19 17169 3152 -20321
07/19 18164 -1238 -16926
07/19 12380 5184 -17564
07/19 13355 4120 -17475
07/19 28124 -11283 -16841
08/19 42744 -25477 -17267
08/19 33575 -17647 -15928
08/19 37204 -21740 -15464
08/19 42659 -29967 -12692
09/19 37203 -24984 -12219
09/19 55163 -46627 -8536
09/19 18033 -9796 -8237
09/19 5253 1235 -6488
10/19 -33401 38765 -5364
10/19 -40606 41421 -815
10/19 -74781 77348 -2567
10/19 -89450 91456 -2006
10/19 -101927 102683 -756
11/19 -86627 91933 -5306
11/19 -60950 68334 -7384
11/19 -55283 59914 -4631
11/19 -12217 13867 -1650
12/19 28263 -26143 -2120
12/19 42418 -43497 1079
12/19 16356 -16995 639
12/19 -15478 19241 -3763
12/19 -20251 29579 -9328
09/20 -4120 12910 -8790
09/20 -4472 14318 -9846
09/20 -5672 15968 -10296
09/20 -6990 18812 -11822
09/20 -6662 20397 -13735
10/20 -7335 21337 -14002
10/20 -7353 23142 -15789
10/20 -5987 23737 -17750
01/20 -19910 28451 -8541
01/20 -25877 34661 -8784
01/20 -8400 17644 -9244
01/20 15938 -6296 -9642
02/20 24321 -19838 -4483
02/20 22313 -23684 1371
02/20 11050 -15864 4814
02/20 28511 -30558 2047
03/20 -16418 11378 5040
03/20 -33696 31468 2228
03/20 -32581 33616 -1035
03/20 -63502 60347 3155
03/20 -91567 89411 2156
04/20 -97714 93101 4613
04/20 -101842 96924 4918
04/20 -89836 83022 6814
04/20 -88343 76629 11714
05/20 -92973 82783 10190
05/20 -117721 103227 14494
05/20 -104564 87601 16963
05/20 -94863 78859 16004
06/20 -86258 71836 14422
06/20 -94019 84109 9910
06/20 -102188 90202 11986
06/20 -117196 108014 9182
06/20 -127292 122871 4421
07/20 -152419 150509 1910
07/20 -127311 127694 -383
07/20 -118291 121499 -3208
07/20 -107415 113043 -5628
08/20 -81679 91951 -10272
08/20 -66842 78289 -11447
08/20 -134029 138580 -4551
08/20 -143670 143252 418
09/20 -188138 192009 -3871
09/20 -182326 192429 -10103
09/20 -195799 210135 -14336
09/20 -201737 218566 -16829
09/20 -218443 239872 -21429
10/20 -246344 257283 -10939
10/20 -241147 254753 -13606
10/20 -251006 259872 -8866
10/20 -268983 280864 -11881
11/20 -257527 265891 -8364
11/20 -277497 282075 -4578
11/20 -274499 276343 -1844
11/20 -279751 281730 -1979
12/20 -267130 272329 -5199
12/20 -260334 268968 -8634
12/20 -261783 267503 -5720
12/20 -264916 271238 -6322
12/20 -250344 260448 -10104
04/21 -6983 11371 -4388
04/21 -6982 11279 -4297
04/21 -7147 12041 -4894
04/21 -7467 11634 -4167
05/21 -7281 11650 -4369
05/21 -7719 12480 -4761
05/21 -8150 13326 -5176
05/21 -8313 14555 -6242
06/21 -8819 14111 -5292
06/21 -9091 15199 -6108
06/21 -9350 15552 -6202
06/21 -9081 16502 -7421
06/21 -9329 14719 -5390
07/21 -9459 14173 -4714
07/21 -9610 15504 -5894
07/21 -10078 15362 -5284
07/21 -10116 15388 -5272
08/21 -10129 15196 -5067
08/21 -9805 16592 -6787
08/21 -10178 16434 -6256
08/21 -10234 16790 -6556
08/21 -9944 17054 -7110
09/21 -9631 17544 -7913
09/21 -8640 17652 -9012
09/21 -7624 17670 -10046
01/21 -236367 241568 -5201
01/21 -226928 230857 -3929
01/21 -224954 226687 -1733
01/21 -231367 236433 -5066
02/21 -238625 242222 -3597
02/21 -246908 249175 -2267
02/21 -228977 236108 -7131
02/21 -226747 239808 -13061
03/21 -213678 223662 -9984
03/21 -215869 224745 -8876
03/21 -212051 221531 -9480
03/21 -215994 227664 -11670
03/21 -196006 211679 -15673
04/21 -224010 233803 -9793
04/21 -216049 224018 -7969
04/21 -239391 243162 -3771
04/21 -248464 250633 -2169
05/21 -240671 247587 -6916
05/21 -242090 245908 -3818
05/21 -217046 228341 -11295
05/21 -204446 221055 -16609
06/21 -213475 224076 -10601
06/21 -222616 226688 -4072
06/21 -194308 205393 -11085
06/21 -165947 180948 -15001
06/21 -117406 134011 -16605
07/21 -123663 139264 -15601
07/21 -115525 130640 -15115
07/21 -127539 137679 -10140
07/21 -112331 125661 -13330
08/21 -101867 115803 -13936
08/21 -106486 122396 -15910
08/21 -100593 116404 -15811
08/21 -80417 101647 -21230
08/21 -58196 81135 -22939
09/21 -44835 70237 -25402
09/21 -45602 65755 -20153
09/21 -39359 61054 -21695
09/21 -42564 64720 -22156
10/21 -22592 51401 -28809
10/21 -9665 41990 -32325
10/21 -9575 43541 -33966
10/21 -10177 43230 -33053
11/21 -19885 58756 -38871
11/21 9085 27584 -36669
11/21 -4927 46917 -41990
11/21 -29173 66214 -37041
11/21 -16980 55317 -38337
12/21 -22744 59654 -36910
12/21 -27165 63221 -36056
12/21 -72352 102877 -30525
12/21 -93079 125285 -32206
02/22 -5951 17771 -11820
02/22 -6774 19896 -13122
02/22 -7595 21693 -14098
02/22 -6963 23482 -16519
03/22 -7755 17109 -9354
03/22 -7992 17554 -9562
03/22 -8255 18384 -10129
03/22 -8555 19079 -10524
03/22 -8661 19475 -10814
04/22 -8561 19872 -11311
04/22 -9116 20213 -11097
04/22 -9492 20763 -11271
04/22 -9581 17810 -8229
05/22 -9414 16135 -6721
05/22 -9464 16792 -7328
05/22 -9939 17338 -7399
05/22 -9860 17465 -7605
05/22 -10472 18633 -8161
06/22 -10616 19739 -9123
06/22 -11189 20262 -9073
06/22 -11188 20696 -9508
06/22 -11034 18171 -7137
07/22 -11090 17905 -6815
07/22 -11202 18361 -7159
07/22 -11058 18237 -7179
07/22 -10816 18264 -7448
08/22 -10856 18956 -8100
08/22 -10881 18966 -8085
08/22 -10747 19893 -9146
08/22 -10903 20491 -9588
08/22 -10858 20442 -9584
09/22 -10881 20087 -9206
09/22 -10917 21251 -10334
09/22 -10314 21056 -10742
09/22 -9680 21234 -11554
10/22 -8277 20891 -12614
10/22 -6364 21002 -14638
01/22 -91893 130556 -38663
01/22 -104896 138272 -33376
01/22 -92198 128015 -35817
01/22 -112799 148872 -36073
02/22 -155577 193373 -37796
02/22 -176080 209730 -33650
02/22 -186438 216732 -30294
02/22 -196755 226464 -29709
03/22 -189233 218907 -29674
03/22 -189219 216577 -27358
03/22 -193958 217599 -23641
03/22 -193646 218636 -24990
03/22 -178764 206469 -27705
04/22 -170882 198924 -28042
04/22 -170694 198295 -27601
04/22 -174873 200098 -25225
04/22 -177792 203806 -26014
05/22 -165353 190402 -25049
05/22 -147698 174608 -26910
05/22 -156937 183647 -26710
05/22 -159047 188368 -29321
05/22 -158757 186078 -27321
06/22 -148390 176644 -28254
06/22 -155663 182667 -27004
06/22 -152968 178379 -25411
06/22 -106705 137193 -30488
07/22 -93638 125491 -31853
07/22 -87284 115119 -27835
07/22 -74427 102593 -28166
07/22 -57573 85241 -27668
08/22 -65632 92527 -26895
08/22 -62971 88901 -25930
08/22 -51650 83183 -31533
08/22 -58359 87836 -29477
08/22 -52791 83562 -30771
09/22 -50826 81251 -30425
09/22 -61424 92110 -30686
09/22 -55485 84773 -29288
09/22 -50206 80051 -29845
10/22 -40083 66757 -26674
10/22 -30614 55769 -25155
10/22 -30595 54683 -24088
10/22 -35301 57385 -22084
11/22 -57886 86522 -28636
11/22 -60966 87809 -26843
11/22 -49046 76804 -27758
11/22 -44439 70239 -25800
11/22 -61551 87208 -25657
12/22 -59882 89661 -29779
12/22 -82011 113059 -31048
12/22 -91681 124694 -33013
12/22 -100081 133519 -33438
07/23 -9348 13161 -3813
08/23 -9253 12411 -3158
08/23 -9191 12287 -3096
08/23 -9059 12713 -3654
08/23 -8933 12990 -4057
08/23 -9519 14542 -5023
09/23 -9511 14852 -5341
09/23 -9509 14985 -5476
09/23 -9205 14606 -5401
09/23 -7943 14610 -6667
01/23 -111329 148639 -37310
01/23 -104166 140328 -36162
01/23 -130790 169065 -38275
01/23 -117945 155222 -37277
01/23 -137153 178398 -41245
02/23 -133790 174813 -41023
02/23 -149773 191886 -42113
02/23 -150141 193260 -43119
02/23 -117888 158421 -40533
03/23 -141361 180199 -38838
03/23 -130481 167994 -37513
03/23 -141848 171787 -29939
03/23 -129321 161020 -31699
04/23 -163267 184345 -21078
04/23 -148511 179346 -30835
04/23 -149491 177510 -28019
04/23 -76491 104096 -27605
05/23 -48516 75120 -26604
05/23 -38568 64275 -25707
05/23 -11064 38154 -27090
05/23 -2404 29205 -26801
05/23 -4162 29814 -25652
06/23 -16089 39155 -23066
06/23 -36522 62949 -26427
06/23 -67634 88532 -20898
06/23 -80229 101849 -21620
07/23 -71924 90973 -19049
07/23 -77180 90863 -13683
07/23 -81463 107283 -25820
07/23 -116876 134982 -18106
08/23 -95382 113760 -18378
08/23 -63652 83463 -19811
08/23 -43649 65333 -21684
08/23 -48148 66133 -17985
08/23 -73690 92162 -18472
09/23 -68843 87329 -18486
09/23 -68440 85217 -16777
09/23 -43765 62690 -18925
09/23 -31408 46488 -15080
10/23 -5880 22503 -16623
10/23 -9429 23378 -13949
10/23 -12049 27105 -15056
10/23 -24483 36454 -11971
10/23 -1813 16260 -14447
11/23 -49323 63557 -14234
11/23 -69495 86677 -17182
11/23 -53777 73806 -20029
11/23 -30394 50697 -20303
12/23 -2961 20298 -17337
12/23 -216 17539 -17323
12/23 11079 1998 -13077
12/23 20716 -11926 -8790
09/24 -4923 14030 -9107
10/24 -5326 17140 -11814
10/24 -4304 17898 -13594
01/24 35338 -21928 -13410
01/24 53620 -38049 -15571
01/24 112439 -93668 -18771
01/24 123490 -105994 -17496
01/24 155822 -140577 -15245
02/24 171920 -160817 -11103
02/24 171638 -161751 -9887
02/24 171748 -160288 -11460
02/24 202950 -191232 -11718
03/24 207278 -197241 -10037
03/24 191331 -180413 -10918
03/24 180816 -167653 -13163
03/24 166421 -153714 -12707
04/24 169140 -158040 -11100
04/24 165652 -158477 -7175
04/24 179718 -171893 -7825
04/24 159322 -154570 -4752
04/24 168676 -162343 -6333
05/24 74323 -60048 -14275
05/24 81604 -65975 -15629
05/24 60129 -44982 -15147
05/24 44728 -25908 -18820
06/24 71292 -51989 -19303
06/24 72385 -56345 -16040
06/24 87774 -74302 -13472
06/24 118244 -111179 -7065
07/24 129811 -122214 -7597
07/24 160682 -150150 -10532
07/24 173410 -161503 -11907
07/24 149236 -138423 -10813
07/24 178957 -167900 -11057
08/24 173211 -159128 -14083
08/24 181179 -165723 -15456
08/24 197454 -178893 -18561
08/24 198947 -184266 -14681
09/24 184576 -162025 -22551
09/24 168163 -144231 -23932
09/24 155638 -134638 -21000
09/24 115399 -93431 -21968
10/24 100848 -73697 -27151
10/24 83915 -51186 -32729
10/24 94150 -65379 -28771
