09/07 83 -9046 8963
09/07 11743 -19962 8219
09/07 24516 -26599 2083
09/07 -35278 16681 18597
10/07 -42446 24411 18035
10/07 -44333 33504 10829
10/07 -83418 62946 20472
10/07 -120713 94624 26089
10/07 -120258 105443 14815
11/07 -135850 110363 25487
11/07 -116176 92607 23569
11/07 -95157 79720 15437
11/07 -78113 64595 13518
12/07 -93541 82024 11517
12/07 -148064 121005 27059
12/07 -170448 135380 35068
12/07 -198869 156904 41965
12/07 -239188 190158 49030
01/08 -285743 220743 65000
01/08 -307077 240792 66285
01/08 -239958 187732 52226
01/08 -228461 169291 59170
02/08 -234857 169448 65409
02/08 -226032 162412 63620
02/08 -247283 174689 72594
02/08 -266216 193563 72653
03/08 -264221 193708 70513
03/08 -241054 174270 66784
03/08 -210035 154431 55604
03/08 -208316 167810 40506
04/08 -198539 162743 35796
04/08 -201075 158191 42884
04/08 -211133 160888 50245
04/08 -212451 164600 47851
04/08 -196024 163225 32799
05/08 -178961 146567 32394
05/08 -174662 148790 25872
05/08 -165191 142113 23078
05/08 -143069 130772 12297
06/08 -126477 113218 13259
06/08 -127095 111769 15326
06/08 -142582 124483 18099
06/08 -154986 130192 24794
07/08 -168816 136333 32483
07/08 -176943 143016 33927
07/08 -164180 127061 37119
07/08 -136947 118309 18638
07/08 -130290 112369 17921
08/08 -154429 128646 25783
08/08 -167579 138659 28920
08/08 -160862 133512 27350
08/08 -184025 149819 34206
09/08 -161108 133822 27286
09/08 -146677 131307 15370
09/08 -115212 109973 5239
09/08 -114851 105739 9112
09/08 -108042 106025 2017
10/08 -86212 89978 -3766
10/08 -84616 91211 -6595
10/08 -87645 93518 -5873
10/08 -86988 93372 -6384
11/08 -98254 97907 347
11/08 -92094 93079 -985
11/08 -91213 94596 -3383
11/08 -101891 99578 2313
12/08 -103840 103796 44
12/08 -72825 77197 -4372
12/08 -88940 87849 1091
12/08 -77123 83514 -6391
12/08 -77590 82539 -4949
01/09 -102635 93451 9184
01/09 -109004 107598 1406
01/09 -121052 113669 7383
01/09 -140829 127746 13083
02/09 -145378 133230 12148
02/09 -166302 146910 19392
02/09 -155375 143319 12056
02/09 -151777 136986 14791
03/09 -141083 130844 10239
03/09 -125974 123885 2089
03/09 -131968 130437 1531
03/09 -161566 155319 6247
03/09 -142068 140650 1418
04/09 -124866 127285 -2419
04/09 -140143 135828 4315
04/09 -136979 126514 10465
04/09 -161094 140758 20336
05/09 -203772 167011 36761
05/09 -211948 171704 40244
05/09 -211749 171478 40271
05/09 -225703 184540 41163
06/09 -212389 172092 40297
06/09 -204703 164097 40606
06/09 -181430 159370 22060
06/09 -199044 166648 32396
06/09 -214810 179798 35012
07/09 -207982 174433 33549
07/09 -200264 166979 33285
07/09 -208121 174446 33675
07/09 -239060 197844 41216
08/09 -249405 206330 43075
08/09 -218776 169809 48967
08/09 -223985 177946 46039
08/09 -215674 169835 45839
09/09 -220103 175014 45089
09/09 -193557 164104 29453
09/09 -207553 172713 34840
09/09 -205991 186758 19233
09/09 -234795 200704 34091
10/09 -229101 197545 31556
10/09 -178510 175371 3139
10/09 -209067 180964 28103
10/09 -202762 175135 27627
11/09 -201472 172222 29250
11/09 -181146 151248 29898
11/09 -181217 147892 33325
11/09 -179156 147445 31711
12/09 -190453 155682 34771
12/09 -185473 157127 28346
12/09 -230834 185204 45630
12/09 -238403 190803 47600
12/09 -231563 183760 47803
01/10 -231663 184440 47223
01/10 -234180 190907 43273
01/10 -241529 194919 46610
01/10 -236279 196399 39880
02/10 -238100 200835 37265
02/10 -199858 174785 25073
02/10 -212149 183473 28676
02/10 -199033 176972 22061
03/10 -190717 170001 20716
03/10 -177372 163449 13923
03/10 -182362 171353 11009
03/10 -164937 155463 9474
03/10 -162833 155610 7223
04/10 -156993 142400 14593
04/10 -154910 141098 13812
04/10 -123646 112858 10788
04/10 -113672 99857 13815
05/10 -113234 101512 11722
05/10 -115316 98704 16612
05/10 -106719 95304 11415
05/10 -108787 99140 9647
06/10 -105509 96479 9030
06/10 -108440 95557 12883
06/10 -112659 105353 7306
06/10 -113028 105166 7862
06/10 -105959 100640 5319
07/10 -104983 97812 7171
07/10 -108834 97708 11126
07/10 -118601 104921 13680
07/10 -130306 109003 21303
08/10 -138828 115802 23026
08/10 -141461 115520 25941
08/10 -152821 123188 29633
08/10 -148611 119293 29318
08/10 -154183 120071 34112
09/10 -166318 128598 37720
09/10 -171794 139442 32352
09/10 -183191 155912 27279
09/10 -183582 154209 29373
10/10 -177901 146715 31186
10/10 -187315 153105 34210
10/10 -196422 160660 35762
10/10 -193110 156994 36116
11/10 -200346 161217 39129
11/10 -195931 150462 45469
11/10 -174349 147567 26782
11/10 -173658 147170 26488
11/10 -173856 150486 23370
12/10 -177944 150542 27402
12/10 -184379 152492 31887
12/10 -214952 174756 40196
12/10 -216482 177452 39030
01/11 -206006 175319 30687
01/11 -206189 174355 31834
01/11 -197433 165412 32021
01/11 -199293 168104 31189
02/11 -221694 182096 39598
02/11 -202695 171756 30939
02/11 -191183 160400 30783
02/11 -184671 162325 22346
03/11 -181856 161363 20493
03/11 -208312 179107 29205
03/11 -175230 158572 16658
03/11 -160583 142117 18466
03/11 -162918 146304 16614
04/11 -163579 147224 16355
04/11 -135670 131955 3715
04/11 -117448 116053 1395
04/11 -115112 113446 1666
05/11 -117337 121246 -3909
05/11 -122808 126626 -3818
05/11 -105967 115515 -9548
05/11 -104595 113095 -8500
05/11 -109638 107300 2338
06/11 -123748 112740 11008
06/11 -138295 126158 12137
06/11 -157143 142536 14607
06/11 -161193 138149 23044
07/11 -169633 141230 28403
07/11 -182444 148293 34151
07/11 -184127 152789 31338
07/11 -193815 163353 30462
08/11 -186625 160805 25820
08/11 -168729 143631 25098
08/11 -159137 128290 30847
08/11 -176262 142903 33359
08/11 -170125 135580 34545
09/11 -158527 129752 28775
09/11 -162419 134262 28157
09/11 -135962 125715 10247
09/11 -103642 99369 4273
10/11 -92181 93781 -1600
10/11 -97501 92042 5459
10/11 -122181 112024 10157
10/11 -126894 118633 8261
11/11 -120645 114052 6593
11/11 -106990 99985 7005
11/11 -76865 75669 1196
11/11 -46857 58057 -11200
11/11 -36220 51351 -15131
12/11 -41175 54784 -13609
12/11 -41505 57429 -15924
12/11 -26087 41276 -15189
12/11 -25626 38516 -12890
01/12 -41174 50304 -9130
01/12 -31975 47071 -15096
01/12 -39124 47994 -8870
01/12 -76965 74854 2111
01/12 -72748 81223 -8475
02/12 -64569 68036 -3467
02/12 -73985 76002 -2017
02/12 -103606 87213 16393
02/12 -167293 132097 35196
03/12 -160168 128621 31547
03/12 -126952 105029 21923
03/12 -158000 125644 32356
03/12 -169328 135309 34019
04/12 -150859 119503 31356
04/12 -148476 124591 23885
04/12 -110543 99115 11428
04/12 -81318 82290 -972
05/12 -64386 71713 -7327
05/12 -46543 60760 -14217
05/12 -46749 59010 -12261
05/12 -47984 69024 -21040
05/12 -44966 69410 -24444
06/12 -48960 71867 -22907
06/12 -50053 69795 -19742
06/12 -60108 67466 -7358
06/12 -66445 75380 -8935
07/12 -77801 82614 -4813
07/12 -113255 112545 710
07/12 -123234 119651 3583
07/12 -156311 135944 20367
07/12 -152446 134342 18104
08/12 -135394 123263 12131
08/12 -104777 99874 4903
08/12 -71596 74813 -3217
08/12 -68366 75114 -6748
09/12 -52389 61007 -8618
09/12 -45367 54239 -8872
09/12 -32981 41824 -8843
09/12 -44361 43025 1336
10/12 -65204 57485 7719
10/12 -89276 85397 3879
10/12 -67647 71526 -3879
10/12 -54485 62115 -7630
10/12 -39717 49869 -10152
11/12 -28249 35963 -7714
11/12 -12749 29249 -16500
11/12 -26002 32005 -6003
11/12 -17236 28774 -11538
12/12 -30843 36862 -6019
12/12 -7452 30454 -23002
12/12 -17025 34706 -17681
12/12 -22150 44648 -22498
12/12 -41692 52507 -10815
01/13 -27550 44328 -16778
01/13 -23603 39915 -16312
01/13 1046 17209 -18255
01/13 -12307 25299 -12992
02/13 -15781 25489 -9708
02/13 361 10652 -11013
02/13 22643 -14800 -7843
02/13 6619 -1468 -5151
03/13 4639 2529 -7168
03/13 -38677 34543 4134
03/13 -43374 40638 2736
03/13 -10177 17545 -7368
04/13 24210 -14106 -10104
04/13 31559 -24701 -6858
04/13 9728 -2073 -7655
04/13 12449 3685 -16134
04/13 18577 1311 -19888
05/13 6747 11182 -17929
05/13 27033 -4436 -22597
05/13 35138 -12930 -22208
05/13 20957 -2536 -18421
06/13 15111 3225 -18336
06/13 26340 -9619 -16721
06/13 22730 -18504 -4226
06/13 323 1913 -2236
07/13 -5317 21493 -16176
07/13 6413 10106 -16519
07/13 30814 -12354 -18460
07/13 13496 5153 -18649
07/13 2702 3751 -6453
08/13 317 5889 -6206
08/13 -40604 37151 3453
08/13 -46426 52116 -5690
08/13 -21182 34117 -12935
09/13 -20219 26726 -6507
09/13 -63114 55817 7297
09/13 -86535 76850 9685
09/13 -123458 99133 24325
10/13 -162800 136992 25808
10/13 -204846 173070 31776
10/13 -227220 189412 37808
10/13 -242529 194570 47959
10/13 -236940 198212 38728
11/13 -228394 194493 33901
11/13 -206270 179050 27220
11/13 -185463 166455 19008
11/13 -152811 148647 4164
12/13 -114040 114256 -216
12/13 -67727 71279 -3552
12/13 -31425 38815 -7390
12/13 -28659 33967 -5308
12/13 -29051 33289 -4238
01/14 -21604 26886 -5282
01/14 7899 5128 -13027
01/14 17145 -901 -16244
01/14 19093 -6274 -12819
02/14 -8343 14556 -6213
02/14 -19987 16055 3932
02/14 -39989 24612 15377
02/14 -97896 82847 15049
03/14 -136991 119662 17329
03/14 -161933 146885 15048
03/14 -165528 153910 11618
03/14 -157356 152212 5144
04/14 -171744 161769 9975
04/14 -173685 164948 8737
04/14 -166738 158800 7938
04/14 -170877 163239 7638
04/14 -183083 169974 13109
05/14 -174227 168173 6054
05/14 -183392 176648 6744
05/14 -210729 190184 20545
05/14 -168024 164154 3870
06/14 -169078 168186 892
06/14 -140598 143978 -3380
06/14 -108706 113360 -4654
06/14 -190039 181858 8181
07/14 -177365 177716 -351
07/14 -135832 138510 -2678
07/14 -87494 101330 -13836
07/14 -65692 80355 -14663
07/14 -41957 60662 -18705
08/14 -32817 48559 -15742
08/14 -25318 37839 -12521
08/14 -12139 24612 -12473
08/14 -22690 36592 -13902
09/14 -32992 43953 -10961
09/14 -25951 40913 -14962
09/14 31 14728 -14759
09/14 7995 8723 -16718
09/14 11111 9645 -20756
10/14 -2497 16835 -14338
10/14 -4208 14327 -10119
10/14 -6768 15453 -8685
10/14 -4660 12698 -8038
11/14 5577 6241 -11818
11/14 -9564 8509 1055
11/14 -13295 14677 -1382
11/14 -27725 33891 -6166
12/14 1859 6883 -8742
12/14 15807 -1872 -13935
12/14 26933 -11908 -15025
12/14 19230 -6889 -12341
12/14 23003 -12136 -10867
01/15 15888 -10599 -5289
01/15 -4699 8433 -3734
01/15 -40613 30386 10227
01/15 -70808 71408 -600
02/15 -34330 36467 -2137
02/15 -36367 35594 773
02/15 -60486 54366 6120
02/15 -37934 33302 4632
03/15 4894 -6935 2041
03/15 1431 1123 -2554
03/15 5256 -577 -4679
03/15 18955 -10616 -8339
03/15 28383 -16673 -11710
04/15 11998 -13535 1537
04/15 -15582 12909 2673
04/15 -11825 6728 5097
04/15 -57316 43219 14097
05/15 -41381 36015 5366
05/15 -78432 64631 13801
05/15 -63423 55497 7926
05/15 -34771 31290 3481
06/15 -41132 34992 6140
06/15 -39661 28412 11249
06/15 11924 -11578 -346
06/15 20035 -22352 2317
06/15 -8536 5777 2759
07/15 -31363 33595 -2232
07/15 -79425 68376 11049
07/15 -21618 23044 -1426
07/15 -12901 15143 -2242
08/15 -5101 6572 -1471
08/15 5039 -1329 -3710
08/15 11338 -9651 -1687
08/15 12788 -11275 -1513
09/15 -14649 14137 512
09/15 -59636 50571 9065
09/15 -73887 56770 17117
09/15 -45220 45815 -595
09/15 -91176 79901 11275
10/15 -146460 130525 15935
10/15 -187990 158907 29083
10/15 -194654 164456 30198
10/15 -205880 171985 33895
11/15 -229783 185358 44425
11/15 -217160 171132 46028
11/15 -212343 173010 39333
11/15 -242415 194476 47939
12/15 -245913 196485 49428
12/15 -256281 205722 50559
12/15 -234756 192915 41841
12/15 -245861 196680 49181
12/15 -238758 192062 46696
01/16 -231919 190043 41876
01/16 -202251 166636 35615
01/16 -222128 175378 46750
01/16 -189266 154619 34647
02/16 -125301 105586 19715
02/16 -92282 84006 8276
02/16 -82225 78257 3968
02/16 -77465 66648 10817
03/16 -103446 86512 16934
03/16 -139358 112359 26999
03/16 -176062 137659 38403
03/16 -221723 174599 47124
03/16 -241077 189120 51957
04/16 -232573 186235 46338
04/16 -200929 162760 38169
04/16 -211262 166542 44720
04/16 -238452 189981 48471
05/16 -261658 206499 55159
05/16 -278741 231776 46965
05/16 -306526 252334 54192
05/16 -301294 250354 50940
05/16 -311232 255359 55873
06/16 -317320 255674 61646
06/16 -323536 262069 61467
06/16 -374302 317316 56986
06/16 -366507 313071 53436
07/16 -366630 303633 62997
07/16 -361912 302435 59477
07/16 -354881 297757 57124
07/16 -350763 291955 58808
08/16 -335500 289795 45705
08/16 -353605 297391 56214
08/16 -345754 296909 48845
08/16 -359852 309281 50571
08/16 -360203 312672 47531
09/16 -343460 294212 49248
09/16 -347206 293042 54164
09/16 -389683 326929 62754
09/16 -386940 329296 57644
10/16 -387963 328937 59026
10/16 -376169 314092 62077
10/16 -364891 304720 60171
10/16 -353301 298860 54441
11/16 -319187 276607 42580
11/16 -319256 270090 49166
11/16 -294443 252905 41538
11/16 -248128 216714 31414
11/16 -247496 216533 30963
12/16 -248240 220500 27740
12/16 -226592 209678 16914
12/16 -192715 183724 8991
12/16 -190003 175473 14530
01/17 -200156 174932 25224
01/17 -222648 182994 39654
01/17 -233877 192171 41706
01/17 -234774 197092 37682
01/17 -236837 197421 39416
02/17 -262905 213819 49086
02/17 -240708 203076 37632
02/17 -239469 199131 40338
02/17 -197144 179767 17377
03/17 -173705 166476 7229
03/17 -150404 143276 7128
03/17 -126376 126116 260
03/17 -114418 115163 -745
04/17 -102075 104479 -2404
04/17 -96630 104127 -7497
04/17 -82811 91720 -8909
04/17 -68539 78859 -10320
05/17 -51641 66586 -14945
05/17 -44497 54948 -10451
05/17 -36850 43332 -6482
05/17 -55489 62920 -7431
05/17 -35654 49065 -13411
06/17 -10362 22122 -11760
06/17 -601 11850 -11249
06/17 36692 -28943 -7749
06/17 54876 -46969 -7907
07/17 51770 -45898 -5872
07/17 63901 -56035 -7866
07/17 60194 -53475 -6719
07/17 51912 -41939 -9973
08/17 25983 -25733 -250
08/17 33489 -25352 -8137
08/17 66839 -53802 -13037
08/17 75756 -68632 -7124
08/17 62268 -64903 2635
09/17 50049 -56330 6281
09/17 37977 -39453 1476
09/17 21676 -19690 -1986
09/17 34386 -26187 -8199
10/17 52639 -46781 -5858
10/17 53381 -48072 -5309
10/17 65472 -62241 -3231
10/17 64580 -62867 -1713
10/17 33769 -40880 7111
11/17 35266 -35722 456
11/17 -13237 8365 4872
11/17 -38610 26827 11783
11/17 -47856 33990 13866
12/17 -49758 36309 13449
12/17 35187 -33172 -2015
12/17 60136 -55445 -4691
12/17 40276 -37562 -2714
01/18 2772 -8198 5426
01/18 -14318 15146 -828
01/18 42448 -35022 -7426
01/18 97253 -84460 -12793
01/18 114686 -104518 -10168
02/18 103183 -99578 -3605
02/18 86185 -86731 546
02/18 87743 -89414 1671
02/18 102029 -100326 -1703
03/18 81745 -82028 283
03/18 112412 -114354 1942
03/18 115327 -116156 829
03/18 123676 -120594 -3082
04/18 126225 -119055 -7170
04/18 121423 -115852 -5571
04/18 116236 -114036 -2200
04/18 112751 -114236 1485
05/18 105626 -102891 -2735
05/18 94998 -95605 607
05/18 83705 -88311 4606
05/18 35194 -45654 10460
05/18 -466 -11218 11684
06/18 -39947 26214 13733
06/18 -40559 23209 17350
06/18 -27812 13939 13873
06/18 -54844 31713 23131
07/18 -12179 816 11363
07/18 -1000 -7973 8973
07/18 20019 -27713 7694
07/18 28074 -37535 9461
07/18 63900 -68326 4426
08/18 63486 -67273 3787
08/18 75259 -78624 3365
08/18 96745 -102462 5717
08/18 98872 -112803 13931
09/18 110993 -116355 5362
09/18 92068 -103276 11208
09/18 37903 -48228 10325
09/18 54532 -68555 14023
10/18 67819 -79884 12065
10/18 24505 -34322 9817
10/18 -24771 11560 13211
10/18 -70798 48801 21997
10/18 -89534 61324 28210
11/18 -89941 60841 29100
11/18 -63175 40851 22324
11/18 -49677 29985 19692
11/18 -38541 21877 16664
12/18 -38919 22669 16250
12/18 -47060 24755 22305
12/18 -16618 562 16056
12/18 -12130 -3137 15267
12/18 9275 -20361 11086
01/19 16082 -33175 17093
01/19 -15953 -4838 20791
01/19 -22548 2860 19688
01/19 -10593 -7550 18143
02/19 -11271 -9295 20566
02/19 -11939 -6137 18076
02/19 -20522 -3662 24184
02/19 -29051 5868 23183
03/19 3772 -22512 18740
03/19 59456 -65987 6531
03/19 46295 -55467 9172
03/19 43366 -52018 8652
04/19 24972 -37999 13027
04/19 -2233 -16028 18261
04/19 -15278 -1685 16963
04/19 -37557 15063 22494
04/19 -12455 -2416 14871
05/19 47849 -48763 914
05/19 79370 -78850 -520
05/19 109625 -113856 4231
05/19 105933 -116418 10485
06/19 83529 -101069 17540
06/19 61538 -76388 14850
06/19 14889 -23257 8368
06/19 -7088 -2357 9445
07/19 -15752 8633 7119
07/19 -18015 13533 4482
07/19 11871 -19154 7283
07/19 81964 -87707 5743
07/19 56238 -68229 11991
08/19 66117 -74887 8770
08/19 69001 -81728 12727
08/19 81019 -90147 9128
08/19 97809 -107309 9500
09/19 105904 -119467 13563
09/19 132113 -141922 9809
09/19 157215 -175713 18498
09/19 137123 -148221 11098
10/19 94720 -109169 14449
10/19 128215 -139322 11107
10/19 136992 -148331 11339
10/19 168075 -178319 10244
10/19 163351 -177567 14216
11/19 146647 -167037 20390
11/19 124927 -138247 13320
11/19 63308 -83451 20143
11/19 45072 -66182 21110
12/19 25645 -51179 25534
12/19 -55656 17130 38526
12/19 -88818 52090 36728
12/19 -96543 62500 34043
12/19 -92782 52843 39939
01/20 -81877 38792 43085
01/20 -144211 98296 45915
01/20 -187222 145574 41648
01/20 -206551 165353 41198
02/20 -209751 157036 52715
02/20 -230956 172364 58592
02/20 -252484 191730 60754
02/20 -264107 216104 48003
03/20 -216304 181907 34397
03/20 -163431 137485 25946
03/20 -108525 93950 14575
03/20 -96605 88677 7928
03/20 -94537 80521 14016
04/20 -80544 68987 11557
04/20 -59079 56119 2960
04/20 -27194 32478 -5284
04/20 -11451 17817 -6366
05/20 -38114 32194 5920
05/20 -52381 44114 8267
05/20 -81630 69622 12008
05/20 -97380 87063 10317
06/20 -101787 93406 8381
06/20 -123362 102694 20668
06/20 -135162 112164 22998
06/20 -149594 132594 17000
06/20 -149713 134901 14812
07/20 -174640 155572 19068
07/20 -164506 148802 15704
07/20 -171957 152737 19220
07/20 -186108 162968 23140
08/20 -231053 195222 35831
08/20 -261516 219117 42399
08/20 -291797 241108 50689
08/20 -306767 254089 52678
09/20 -307255 257326 49929
09/20 -274151 237289 36862
09/20 -242442 211401 31041
09/20 -268879 234659 34220
09/20 -290199 248345 41854
10/20 -308422 261973 46449
10/20 -330049 280534 49515
10/20 -347162 295988 51174
10/20 -359520 308463 51057
11/20 -335110 281382 53728
11/20 -334920 281925 52995
11/20 -353188 297643 55545
11/20 -347647 289950 57697
12/20 -312573 268579 43994
12/20 -305932 257800 48132
12/20 -291559 244468 47091
12/20 -287844 234997 52847
12/20 -299586 243884 55702
01/21 -337154 273650 63504
01/21 -321403 253265 68138
01/21 -320981 257714 63267
01/21 -301914 237860 64054
02/21 -288872 222459 66413
02/21 -280478 211355 69123
02/21 -294217 226940 67277
02/21 -312478 237936 74542
03/21 -294206 223020 71186
03/21 -279612 212933 66679
03/21 -279633 213767 65866
03/21 -252442 198687 53755
03/21 -236644 190169 46475
04/21 -228329 183005 45324
04/21 -242593 191617 50976
04/21 -289150 229169 59981
04/21 -327943 267768 60175
05/21 -325330 263046 62284
05/21 -347057 281203 65854
05/21 -325518 267834 57684
05/21 -307075 252991 54084
06/21 -328283 269226 59057
06/21 -330549 270109 60440
06/21 -318744 269661 49083
06/21 -279035 241991 37044
06/21 -283442 240728 42714
07/21 -319625 264005 55620
07/21 -290070 246981 43089
07/21 -289545 242469 47076
07/21 -326717 270987 55730
08/21 -332603 283287 49316
08/21 -351385 297421 53964
08/21 -357406 302267 55139
08/21 -350435 299077 51358
08/21 -338795 291432 47363
09/21 -325732 283929 41803
09/21 -301862 259049 42813
09/21 -290392 249467 40925
09/21 -291724 248915 42809
10/21 -293135 247375 45760
10/21 -294674 246188 48486
10/21 -243564 211550 32014
10/21 -244341 198607 45734
11/21 -250849 209061 41788
11/21 -260761 212031 48730
11/21 -276185 227389 48796
11/21 -296922 249626 47296
11/21 -242927 214995 27932
12/21 -221289 191239 30050
12/21 -251878 216463 35415
12/21 -210783 189198 21585
12/21 -209011 184686 24325
01/22 -192794 172987 19807
01/22 -134491 122925 11566
01/22 -127053 113168 13885
01/22 -142972 121283 21689
02/22 -117500 93593 23907
02/22 -96963 79090 17873
02/22 -90388 74563 15825
02/22 -95306 75246 20060
03/22 -105323 84539 20784
03/22 -190856 151076 39780
03/22 -188036 156580 31456
03/22 -194333 155796 38537
03/22 -202758 161581 41177
04/22 -240107 188547 51560
04/22 -301628 239864 61764
04/22 -295470 239515 55955
04/22 -261025 222549 38476
05/22 -236394 201592 34802
05/22 -220611 187185 33426
05/22 -245374 196630 48744
05/22 -255450 209487 45963
05/22 -240752 201680 39072
06/22 -234496 195403 39093
06/22 -198006 170483 27523
06/22 -181280 163111 18169
06/22 -132877 122709 10168
07/22 -85255 83512 1743
07/22 -115779 105869 9910
07/22 -141842 127162 14680
07/22 -65756 64103 1653
08/22 -35229 34438 791
08/22 -30608 26065 4543
08/22 -61837 49970 11867
08/22 -60118 58087 2031
08/22 -72593 62551 10042
09/22 -61944 57771 4173
09/22 -79426 68330 11096
09/22 -35860 37345 -1485
09/22 -56409 48601 7808
10/22 -63354 47087 16267
10/22 -135145 101115 34030
10/22 -164671 126412 38259
10/22 -140147 111888 28259
11/22 -90576 69093 21483
11/22 -122561 90182 32379
11/22 -201779 156194 45585
11/22 -236126 187962 48164
11/22 -222607 179035 43572
12/22 -226066 183124 42942
12/22 -228593 193051 35542
12/22 -283035 233166 49869
12/22 -296755 246430 50325
01/23 -273497 228492 45005
01/23 -232509 187713 44796
01/23 -233144 186698 46446
01/23 -229339 185084 44255
01/23 -292448 247072 45376
02/23 -282317 235980 46337
02/23 -279379 238826 40553
02/23 -277742 233338 44404
02/23 -263993 223799 40194
03/23 -289588 240709 48879
03/23 -279432 231143 48289
03/23 -258522 210656 47866
03/23 -275157 222829 52328
04/23 -304019 246651 57368
04/23 -317308 259788 57520
04/23 -326198 269172 57026
04/23 -335640 279528 56112
05/23 -322392 267347 55045
05/23 -331356 276610 54746
05/23 -323383 270829 52554
05/23 -323323 273810 49513
05/23 -293732 250387 43345
06/23 -278395 233868 44527
06/23 -298388 251260 47128
06/23 -310762 261001 49761
06/23 -248368 220174 28194
07/23 -229713 199368 30345
07/23 -226030 196304 29726
07/23 -226229 196306 29923
07/23 -251397 219814 31583
08/23 -246529 211601 34928
08/23 -230769 199223 31546
08/23 -228493 191433 37060
08/23 -216226 185283 30943
08/23 -258901 208430 50471
09/23 -289805 235421 54384
09/23 -297725 244435 53290
09/23 -294614 244309 50305
09/23 -281054 239240 41814
10/23 -255129 217382 37747
10/23 -263043 221680 41363
10/23 -277699 227959 49740
10/23 -271696 224695 47001
10/23 -258587 213589 44998
11/23 -283940 232083 51857
11/23 -277525 226266 51259
11/23 -267400 222137 45263
11/23 -249605 205076 44529
12/23 -188821 165469 23352
12/23 -129631 107392 22239
12/23 -114965 92847 22118
12/23 -99024 78543 20481
01/24 -92187 74825 17362
01/24 -81593 68958 12635
01/24 -81568 60215 21353
01/24 -91516 67555 23961
01/24 -96000 73684 22316
02/24 -100282 80524 19758
02/24 -112138 92155 19983
02/24 -97693 91690 6003
02/24 -110952 103254 7698
03/24 -80561 81777 -1216
03/24 -89468 84963 4505
03/24 -97873 91323 6550
03/24 -118006 100425 17581
04/24 -133030 117461 15569
04/24 -112202 105694 6508
04/24 -50279 62564 -12285
04/24 -39150 45101 -5951
04/24 -29820 40305 -10485
05/24 -25176 28561 -3385
05/24 -11459 25891 -14432
05/24 6623 8421 -15044
05/24 8283 5105 -13388
06/24 12341 -4040 -8301
06/24 -3963 11070 -7107
06/24 -12669 18524 -5855
06/24 -43286 37187 6099
07/24 -79686 64858 14828
07/24 -80789 68019 12770
07/24 -76328 67589 8739
07/24 -31380 35245 -3865
07/24 -34550 36479 -1929
08/24 -20274 25815 -5541
08/24 -33023 34562 -1539
08/24 -13294 19304 -6010
08/24 -52993 47915 5078
09/24 -78891 72802 6089
09/24 -65218 63403 1815
09/24 -79058 72250 6808
09/24 -140563 115383 25180
10/24 -156894 129461 27433
10/24 -139667 103086 36581
10/24 -145332 105473 39859
01/24 -92187 74825 17362
01/24 -81593 68958 12635
01/24 -81568 60215 21353
01/24 -91516 67555 23961
01/24 -96000 73684 22316
02/24 -100282 80524 19758
02/24 -112138 92155 19983
02/24 -97693 91690 6003
02/24 -110952 103254 7698
03/24 -80561 81777 -1216
03/24 -89468 84963 4505
03/24 -97873 91323 6550
03/24 -118006 100425 17581
04/24 -133030 117461 15569
04/24 -112202 105694 6508
04/24 -50279 62564 -12285
04/24 -39150 45101 -5951
04/24 -29820 40305 -10485
05/24 -25176 28561 -3385
05/24 -11459 25891 -14432
05/24 6623 8421 -15044
05/24 8283 5105 -13388
06/24 12341 -4040 -8301
06/24 -3963 11070 -7107
06/24 -12669 18524 -5855
06/24 -43286 37187 6099
07/24 -79686 64858 14828
07/24 -80789 68019 12770
07/24 -76328 67589 8739
07/24 -31380 35245 -3865
07/24 -34550 36479 -1929
08/24 -20274 25815 -5541
08/24 -33023 34562 -1539
08/24 -13294 19304 -6010
08/24 -52993 47915 5078
09/24 -78891 72802 6089
09/24 -65218 63403 1815
09/24 -79058 72250 6808
09/24 -140563 115383 25180
10/24 -156894 129461 27433
10/24 -139667 103086 36581
10/24 -145332 105473 39859
10/24 -129743 93551 36192
