08/00 32939 -21678 -11261
09/00 36729 -21864 -14865
09/00 34298 -22852 -11446
09/00 33916 -22381 -11535
09/00 22101 -15777 -6324
10/00 19072 -15332 -3740
10/00 19433 -13893 -5540
10/00 26441 -17512 -8929
10/00 28700 -18005 -10695
10/00 28501 -17293 -11208
11/00 21487 -13199 -8288
11/00 18367 -12417 -5950
11/00 23693 -14700 -8993
11/00 14026 -11163 -2863
12/00 -10201 5125 5076
12/00 -16480 9089 7391
12/00 -20142 8840 11302
12/00 -24262 11154 13108
01/01 -26241 11486 14755
01/01 -28940 11959 16981
01/01 -25645 13313 12332
01/01 -24928 13668 11260
01/01 -23778 10837 12941
02/01 -19044 8425 10619
02/01 -15899 7587 8312
02/01 -3610 -1333 4943
02/01 -2635 -2092 4727
03/01 -8362 196 8166
03/01 -1503 -1918 3421
03/01 14903 -14630 -273
03/01 18909 -15031 -3878
04/01 17611 -15316 -2295
04/01 19436 -15561 -3875
04/01 17095 -16745 -350
04/01 17876 -18022 146
05/01 25341 -20688 -4653
05/01 28435 -20424 -8011
05/01 31376 -21997 -9379
05/01 35844 -24343 -11501
05/01 33208 -23704 -9504
06/01 32510 -23342 -9168
06/01 38095 -21769 -16326
06/01 28498 -18492 -10006
06/01 24547 -17361 -7186
07/01 39960 -28415 -11545
07/01 34496 -26318 -8178
07/01 16981 -18118 1137
07/01 -13897 4827 9070
07/01 -16342 6669 9673
08/01 -21053 10999 10054
08/01 -31546 17131 14415
08/01 -38016 20703 17313
08/01 -37964 20179 17785
09/01 -28192 15362 12830
09/01 -26070 14766 11304
09/01 -38393 21668 16725
09/01 -37850 18339 19511
10/01 -34689 17158 17531
10/01 -31543 17082 14461
10/01 -29106 16961 12145
10/01 -16788 9443 7345
10/01 -25288 12429 12859
11/01 -24715 12036 12679
11/01 -7909 5219 2690
11/01 -4293 239 4054
11/01 2834 -4584 1750
12/01 -5666 -205 5871
12/01 -1894 -466 2360
12/01 -18540 7133 11407
12/01 -6782 2250 4532
12/01 14785 -9439 -5346
01/02 8035 -5865 -2170
01/02 14982 -9020 -5962
01/02 7811 -3946 -3865
01/02 28596 -18370 -10226
02/02 25918 -13957 -11961
02/02 23040 -14326 -8714
02/02 19427 -12230 -7197
02/02 24846 -14899 -9947
03/02 21526 -12945 -8581
03/02 8098 -8036 -62
03/02 -2960 -6555 9515
03/02 -4189 -4257 8446
04/02 -7848 -1741 9589
04/02 -2676 -6540 9216
04/02 -5708 -3517 9225
04/02 -22723 6770 15953
04/02 -34381 15107 19274
05/02 -36925 15674 21251
05/02 -30860 13315 17545
05/02 -33345 13821 19524
05/02 -33704 11988 21716
06/02 -29652 10022 19630
06/02 -31692 12475 19217
06/02 -30591 14400 16191
06/02 -30641 14520 16121
07/02 -30027 13173 16854
07/02 -29242 12398 16844
07/02 -32215 14085 18130
07/02 -27896 13114 14782
07/02 -21244 8159 13085
08/02 -15513 6487 9026
08/02 -15884 7552 8332
08/02 -13335 6223 7112
08/02 -16744 9939 6805
09/02 -21705 10931 10774
09/02 -19310 10234 9076
09/02 3765 -5904 2139
09/02 -2328 -3074 5402
10/02 -9425 2105 7320
10/02 -81 -3594 3675
10/02 -1958 -2998 4956
10/02 5160 -6155 995
10/02 -6205 1677 4528
11/02 -25412 10550 14862
11/02 -34975 17241 17734
11/02 -32012 15127 16885
11/02 -16195 6007 10188
12/02 -17016 5308 11708
12/02 -20930 9033 11897
12/02 -35238 19195 16043
12/02 -38361 21823 16538
12/02 -39971 23253 16718
01/03 -41516 23050 18466
01/03 -41835 23030 18805
01/03 -45484 26679 18805
01/03 -42652 25464 17188
02/03 -44744 25746 18998
02/03 -35976 20287 15689
02/03 -29175 14506 14669
02/03 -32884 15843 17041
03/03 -38146 20228 17918
03/03 -36907 20819 16088
03/03 -10665 5032 5633
03/03 691 -443 -248
04/03 -6932 1988 4944
04/03 1692 -1220 -472
04/03 1933 -1429 -504
04/03 525 -2053 1528
04/03 -6108 -326 6434
05/03 -26477 13491 12986
05/03 -31643 15626 16017
05/03 -34927 17989 16938
05/03 -37981 20787 17194
06/03 -31234 16049 15185
06/03 -30762 16140 14622
06/03 -30177 17779 12398
06/03 -18141 8495 9646
07/03 -4417 379 4038
07/03 9265 -6099 -3166
07/03 13367 -8852 -4515
07/03 12568 -9025 -3543
07/03 8763 -8140 -623
08/03 8841 -8456 -385
08/03 12172 -10002 -2170
08/03 27821 -19797 -8024
08/03 28705 -19376 -9329
09/03 31070 -20089 -10981
09/03 24300 -16104 -8196
09/03 28032 -19934 -8098
09/03 13516 -9503 -4013
09/03 -9034 1587 7447
10/03 -16468 7066 9402
10/03 -25822 14898 10924
10/03 -20483 11393 9090
10/03 -23727 13099 10628
11/03 787 -2294 1507
11/03 15120 -15722 602
11/03 -14024 2951 11073
11/03 -17086 4881 12205
12/03 -23724 8458 15266
12/03 -26096 12351 13745
12/03 -27926 13254 14672
12/03 -26065 11632 14433
12/03 -29758 16783 12975
01/04 -30861 16205 14656
01/04 -26430 15273 11157
01/04 -16737 9032 7705
01/04 -20025 12979 7046
02/04 -13696 9443 4253
02/04 -17364 11003 6361
02/04 -20434 11479 8955
02/04 -10109 5374 4735
03/04 13787 -10780 -3007
03/04 19997 -14773 -5224
03/04 13758 -9323 -4435
03/04 5129 -2862 -2267
03/04 8491 -4620 -3871
04/04 19238 -12828 -6410
04/04 10325 -5941 -4384
04/04 17896 -8303 -9593
04/04 21511 -11092 -10419
05/04 12794 -7089 -5705
05/04 13806 -6895 -6911
05/04 5332 -2598 -2734
05/04 2408 -3540 1132
06/04 -13538 5322 8216
06/04 -25228 16262 8966
06/04 -25300 16745 8555
06/04 -29224 17438 11786
06/04 -21771 12349 9422
07/04 -37910 22176 15734
07/04 -40008 26841 13167
07/04 -34381 21163 13218
07/04 -1689 -826 2515
08/04 15869 -12827 -3042
08/04 7838 -6429 -1409
08/04 -37 -2502 2539
08/04 7396 -6536 -860
08/04 10595 -8183 -2412
09/04 11772 -7660 -4112
09/04 6616 -5546 -1070
10/04 2836 -4760 1924
10/04 -1878 -4638 6516
10/04 -23893 11798 12095
10/04 -45924 27331 18593
11/04 -49705 31792 17913
11/04 -57222 40367 16855
11/04 -55233 41005 14228
11/04 -54640 38786 15854
11/04 -51997 38938 13059
12/04 -48073 36048 12025
12/04 -27939 17560 10379
12/04 -22348 11552 10796
12/04 -36620 24989 11631
01/05 -20812 11495 9317
01/05 -3841 60 3781
01/05 30 -1100 1070
01/05 6916 -5181 -1735
02/05 11123 -7400 -3723
02/05 23757 -17174 -6583
02/05 16781 -11269 -5512
02/05 340 -3450 3110
03/05 -3055 -1903 4958
03/05 -4002 -3027 7029
03/05 -7694 160 7534
03/05 8170 -11356 3186
03/05 19102 -14042 -5060
04/05 24314 -18779 -5535
04/05 29002 -22764 -6238
04/05 16093 -11721 -4372
04/05 13402 -8625 -4777
05/05 16468 -11330 -5138
05/05 25097 -17424 -7673
05/05 41089 -28378 -12711
05/05 52337 -37671 -14666
05/05 51821 -39399 -12422
06/05 59420 -45312 -14108
06/05 59642 -43581 -16061
06/05 56865 -42387 -14478
06/05 58673 -44421 -14252
07/05 59206 -45540 -13666
07/05 51717 -37948 -13769
07/05 51383 -36492 -14891
07/05 53740 -36429 -17311
08/05 45794 -31326 -14468
08/05 43812 -32211 -11601
08/05 33485 -27622 -5863
08/05 45334 -37544 -7790
08/05 40846 -31876 -8970
09/05 -552 -785 1337
09/05 13834 -14966 1132
09/05 38862 -30910 -7952
09/05 57986 -43731 -14255
10/05 61069 -47126 -13943
10/05 39959 -25287 -14672
10/05 47683 -30982 -16701
10/05 31623 -20843 -10780
11/05 35811 -21779 -14032
11/05 50982 -34670 -16312
11/05 63988 -45034 -18954
11/05 64737 -48207 -16530
11/05 64808 -48416 -16392
12/05 62469 -49359 -13110
12/05 49865 -39861 -10004
12/05 45501 -34067 -11434
12/05 52200 -38326 -13874
01/06 29823 -16511 -13312
01/06 1222 -240 -982
01/06 2054 1460 -3514
01/06 -6572 4363 2209
01/06 2710 983 -3693
02/06 24963 -14690 -10273
02/06 44005 -31188 -12817
02/06 50584 -36975 -13609
02/06 83418 -68262 -15156
03/06 63847 -46223 -17624
03/06 63942 -48378 -15564
03/06 60266 -46865 -13401
03/06 61041 -45335 -15706
04/06 51516 -38128 -13388
04/06 38181 -28651 -9530
04/06 26505 -22168 -4337
04/06 26657 -24429 -2228
05/06 11435 -12629 1194
05/06 7485 -11013 3528
05/06 -7877 -1581 9458
05/06 -17130 8382 8748
05/06 -19555 10531 9024
06/06 -16598 9320 7278
06/06 481 -2882 2401
06/06 5334 -5472 138
06/06 17100 -15889 -1211
07/06 5367 -4314 -1053
07/06 6825 -7259 434
07/06 21925 -15417 -6508
07/06 27363 -20960 -6403
08/06 14031 -9394 -4637
08/06 13290 -14853 1563
08/06 18413 -15247 -3166
08/06 10637 -10465 -172
08/06 14991 -12635 -2356
09/06 21032 -19146 -1886
09/06 42904 -33241 -9663
09/06 54947 -44034 -10913
09/06 39054 -29020 -10034
10/06 40323 -30127 -10196
10/06 73631 -60420 -13211
10/06 83352 -67208 -16144
10/06 85985 -70223 -15762
10/06 56829 -47069 -9760
11/06 63890 -55701 -8189
11/06 44925 -42545 -2380
11/06 41669 -38797 -2872
11/06 7583 -13903 6320
12/06 -6872 -6468 13340
12/06 -3370 -9772 13142
12/06 -16 -10838 10854
12/06 6943 -12285 5342
01/07 19545 -22798 3253
01/07 42846 -40371 -2475
01/07 51189 -42248 -8941
01/07 52601 -44081 -8520
01/07 68097 -59580 -8517
02/07 50982 -42925 -8057
02/07 73323 -63406 -9917
02/07 58285 -55553 -2732
02/07 42308 -44685 2377
03/07 16503 -21867 5364
03/07 20159 -24891 4732
03/07 8431 -15002 6571
03/07 5339 -11559 6220
04/07 21217 -27265 6048
04/07 21828 -23206 1378
04/07 17307 -22372 5065
04/07 11447 -16851 5404
05/07 27062 -31170 4108
05/07 33787 -34352 565
05/07 37288 -34745 -2543
05/07 74211 -65869 -8342
05/07 69692 -59208 -10484
06/07 67112 -58252 -8860
06/07 87959 -79181 -8778
06/07 93381 -79331 -14050
06/07 75805 -58831 -16974
07/07 42437 -33575 -8862
07/07 43386 -38072 -5314
07/07 38551 -35554 -2997
07/07 43990 -42877 -1113
07/07 15831 -14633 -1198
08/07 -4288 -2304 6592
08/07 7483 -13990 6507
08/07 17505 -17279 -226
08/07 19796 -18123 -1673
09/07 35659 -34475 -1184
09/07 -6729 2661 4068
09/07 -17620 5489 12131
09/07 -19309 6292 13017
10/07 -12096 -3078 15174
10/07 -9012 -4091 13103
10/07 -761 -8189 8950
10/07 -11182 2510 8672
10/07 -23984 10790 13194
11/07 -16544 2419 14125
11/07 -30260 15503 14757
11/07 -30474 13732 16742
11/07 -27707 13202 14505
12/07 -19125 7043 12082
12/07 -13123 1933 11190
12/07 -1611 -6984 8595
12/07 2386 -11497 9111
12/07 -3753 -4619 8372
01/08 -11085 -2171 13256
01/08 -18654 5162 13492
01/08 -32812 15376 17436
01/08 -23157 9233 13924
02/08 -16195 2786 13409
02/08 -17673 3180 14493
02/08 -12902 987 11915
02/08 -22561 8772 13789
03/08 -17298 167 17131
03/08 -10683 -4248 14931
03/08 -25222 11224 13998
03/08 -23432 10781 12651
04/08 -18038 8881 9157
04/08 -12025 917 11108
04/08 -13933 5234 8699
04/08 -12030 3009 9021
04/08 -11701 7001 4700
05/08 2549 -4137 1588
05/08 13727 -17436 3709
05/08 -2929 -4943 7872
05/08 2032 -9849 7817
06/08 6793 -7271 478
06/08 551 -3732 3181
06/08 3554 -8914 5360
06/08 -4147 -2401 6548
07/08 -17510 6607 10903
07/08 -5410 -4697 10107
07/08 -29760 15044 14716
07/08 -6435 -1666 8101
07/08 3707 -4655 948
08/08 10728 -8983 -1745
08/08 12459 -8383 -4076
08/08 17398 -13402 -3996
08/08 18807 -13329 -5478
09/08 18048 -13263 -4785
09/08 20453 -14915 -5538
09/08 19359 -13448 -5911
09/08 6573 -8107 1534
09/08 12164 -11449 -715
10/08 12269 -11529 -740
10/08 13266 -13082 -184
10/08 19528 -15922 -3606
10/08 17792 -14316 -3476
11/08 10972 -7201 -3771
11/08 15336 -10156 -5180
11/08 18372 -13589 -4783
11/08 22175 -16413 -5762
12/08 22561 -18240 -4321
12/08 19095 -14074 -5021
12/08 1765 -5311 3546
12/08 -2935 -4156 7091
12/08 -3814 -3847 7661
01/09 -2543 -5867 8410
01/09 -244 -6234 6478
01/09 2857 -6374 3517
01/09 8399 -10188 1789
02/09 8386 -11140 2754
02/09 12544 -11521 -1023
02/09 13722 -11138 -2584
02/09 14334 -11188 -3146
03/09 18026 -12910 -5116
03/09 12383 -11453 -930
03/09 14019 -8438 -5581
03/09 1458 -3148 1690
03/09 828 -4411 3583
04/09 2902 -3541 639
04/09 6871 -5055 -1816
04/09 19052 -12085 -6967
04/09 11191 -4922 -6269
05/09 3526 -743 -2783
05/09 -4247 1619 2628
05/09 -8551 4609 3942
05/09 -11949 6674 5275
06/09 -15246 8599 6647
06/09 -15089 8474 6615
06/09 -13850 7902 5948
06/09 -23093 14408 8685
06/09 -16018 10690 5328
07/09 -17773 11054 6719
07/09 -15645 10792 4853
07/09 -23032 13197 9835
07/09 -22114 14170 7944
08/09 -25627 14512 11115
08/09 -6687 -37 6724
08/09 -12573 6755 5818
08/09 -28030 16798 11232
09/09 -24363 14252 10111
09/09 -30609 18137 12472
09/09 -31760 18191 13569
09/09 -37877 23791 14086
09/09 -30915 17593 13322
10/09 -35403 23470 11933
10/09 -35061 22279 12782
10/09 -37716 23853 13863
10/09 -29493 17845 11648
11/09 -28396 18665 9731
11/09 -36245 23298 12947
11/09 -31956 22199 9757
11/09 -32707 22117 10590
12/09 -37855 24725 13130
12/09 -17927 13348 4579
12/09 -3891 461 3430
12/09 4809 -4568 -241
12/09 9564 -7051 -2513
01/10 1905 -2780 875
01/10 -18080 13926 4154
01/10 -19653 13971 5682
01/10 -4312 5705 -1393
02/10 5035 -1775 -3260
02/10 12214 -6896 -5318
02/10 7226 -4667 -2559
02/10 13578 -8819 -4759
03/10 9952 -6310 -3642
03/10 7551 -5145 -2406
03/10 4084 -5233 1149
03/10 -1902 -1088 2990
03/10 6668 -6540 -128
04/10 3477 -4152 675
04/10 5312 -4954 -358
04/10 5559 -5382 -177
04/10 17869 -13613 -4256
05/10 22651 -16592 -6059
05/10 27482 -17527 -9955
05/10 23750 -14558 -9192
05/10 21632 -12619 -9013
06/10 25677 -14724 -10953
06/10 20116 -11415 -8701
06/10 23460 -16476 -6984
06/10 17733 -10265 -7468
06/10 18682 -12848 -5834
07/10 5110 -7455 2345
07/10 -19318 14590 4728
07/10 -21006 15113 5893
07/10 -13390 6216 7174
08/10 -23275 16223 7052
08/10 -13973 10901 3072
08/10 -17292 11750 5542
08/10 -20435 13868 6567
08/10 -22992 14281 8711
09/10 -27447 16627 10820
09/10 -25200 14236 10964
09/10 -25657 14462 11195
09/10 -30228 19993 10235
10/10 -33169 22599 10570
10/10 -29852 19947 9905
10/10 -21233 11235 9998
10/10 -21551 12519 9032
11/10 -20540 12465 8075
11/10 -19908 12615 7293
11/10 -14221 7803 6418
11/10 -13401 8511 4890
11/10 -13396 7824 5572
12/10 -14875 8987 5888
12/10 -16351 10716 5635
12/10 -19908 12527 7381
12/10 -25021 14002 11019
01/11 -25772 13032 12740
01/11 -21512 10818 10694
01/11 -18072 6992 11080
01/11 -15882 6594 9288
02/11 -21719 10441 11278
02/11 -21517 8181 13336
02/11 -17059 10518 6541
02/11 -18403 12291 6112
03/11 -32915 18017 14898
03/11 -41347 23661 17686
03/11 -42387 27640 14747
03/11 -39194 21301 17893
03/11 -35582 18957 16625
04/11 -27940 10843 17097
04/11 -33223 14657 18566
04/11 -37034 17374 19660
04/11 -35743 17841 17902
05/11 -36286 18381 17905
05/11 -33273 16336 16937
05/11 -33992 15661 18331
05/11 -28263 14725 13538
05/11 -33121 21119 12002
06/11 -29746 16865 12881
06/11 -27980 13287 14693
06/11 -24958 11813 13145
06/11 -23279 9948 13331
07/11 -18077 5291 12786
07/11 -21944 8081 13863
07/11 -24831 11494 13337
07/11 -21607 7877 13730
08/11 -19431 12341 7090
08/11 -11573 4655 6918
08/11 -16906 9008 7898
08/11 -17594 9637 7957
08/11 -16752 9342 7410
09/11 -13918 7549 6369
09/11 -9529 5493 4036
09/11 -6332 4221 2111
09/11 -720 2424 -1704
10/11 3427 -1109 -2318
10/11 2403 13 -2416
10/11 5960 -2243 -3717
10/11 3807 -1203 -2604
11/11 467 -1746 1279
11/11 -1466 2162 -696
11/11 6095 -1904 -4191
11/11 10341 -5870 -4471
11/11 16563 -9327 -7236
12/11 20852 -11158 -9694
12/11 24245 -10481 -13764
12/11 12627 -3136 -9491
12/11 22117 -10798 -11319
01/12 22720 -12355 -10365
01/12 26491 -12097 -14394
01/12 24832 -12822 -12010
01/12 19470 -12514 -6956
01/12 14935 -11222 -3713
02/12 15653 -9795 -5858
02/12 21223 -15863 -5360
02/12 22801 -19846 -2955
02/12 18636 -19391 755
03/12 23441 -19478 -3963
03/12 23045 -14798 -8247
03/12 18059 -11191 -6868
03/12 16684 -15096 -1588
04/12 14900 -14676 -224
04/12 17206 -9919 -7287
04/12 21147 -13762 -7385
04/12 19285 -16641 -2644
05/12 14991 -14311 -680
05/12 26690 -16494 -10196
05/12 43667 -26694 -16973
05/12 54822 -34851 -19971
05/12 53342 -30596 -22746
06/12 54435 -33648 -20787
06/12 53148 -33301 -19847
06/12 22264 -7007 -15257
06/12 38283 -23836 -14447
07/12 32576 -19060 -13516
07/12 35035 -17584 -17451
07/12 39844 -23090 -16754
07/12 42187 -25945 -16242
07/12 34201 -18808 -15393
08/12 28407 -17915 -10492
08/12 29354 -18854 -10500
08/12 25092 -15662 -9430
08/12 15946 -11461 -4485
09/12 14869 -13112 -1757
09/12 8784 -8967 183
09/12 1932 -4527 2595
09/12 -4470 -904 5374
10/12 -5072 -984 6056
10/12 -1749 -306 2055
10/12 -5297 -1192 6489
10/12 -8001 2361 5640
10/12 -6855 2366 4489
11/12 3734 -303 -3431
11/12 14437 -8888 -5549
11/12 15768 -12488 -3280
11/12 -502 -3367 3869
12/12 -9954 636 9318
12/12 -10776 3209 7567
12/12 -19027 4280 14747
12/12 -28484 11435 17049
12/12 -28922 11631 17291
01/13 -25452 10261 15191
01/13 -21393 12770 8623
01/13 -11590 6384 5206
01/13 -7531 4148 3383
02/13 -19074 3876 15198
02/13 -19053 4552 14501
02/13 -9420 -675 10095
02/13 4443 -8191 3748
03/13 17902 -11450 -6452
03/13 26175 -13488 -12687
03/13 23194 -10996 -12198
03/13 24607 -12198 -12409
04/13 25663 -12015 -13648
04/13 17197 -10014 -7183
04/13 1028 -3253 2225
04/13 -1287 1179 108
04/13 10480 -8264 -2216
05/13 10937 -6235 -4702
05/13 27980 -15410 -12570
05/13 36161 -19930 -16231
05/13 44234 -28972 -15262
06/13 37856 -25803 -12053
06/13 24804 -20738 -4066
06/13 -4129 5791 -1662
06/13 -1894 2464 -570
07/13 2573 -116 -2457
07/13 9135 -1776 -7359
07/13 11862 -4969 -6893
07/13 8858 -5433 -3425
07/13 3781 -1261 -2520
08/13 681 -325 -356
08/13 -2612 2136 476
08/13 -3792 291 3501
08/13 -5029 402 4627
09/13 -2995 1059 1936
09/13 1940 420 -2360
09/13 92 616 -708
09/13 -15688 5745 9943
10/13 -19432 6636 12796
10/13 -26367 10415 15952
10/13 -23264 10767 12497
10/13 -24069 10931 13138
10/13 -25952 11451 14501
11/13 -19813 8095 11718
11/13 -7412 3189 4223
11/13 -6895 3669 3226
11/13 -8588 4652 3936
12/13 -12602 6547 6055
12/13 -20163 11998 8165
12/13 -20271 11955 8316
12/13 -19038 11920 7118
12/13 -17707 10889 6818
01/14 -8829 4727 4102
01/14 392 -2941 2549
01/14 4184 -1921 -2263
01/14 -1316 -441 1757
02/14 -769 2220 -1451
02/14 -1930 555 1375
02/14 -4257 -2828 7085
02/14 -6282 358 5924
03/14 -10843 2168 8675
03/14 -17946 8957 8989
03/14 -25550 15116 10434
03/14 -22982 14819 8163
04/14 -19982 14231 5751
04/14 -13220 11335 1885
04/14 -19450 14066 5384
04/14 -18889 14023 4866
04/14 -19479 13703 5776
05/14 -25061 13184 11877
05/14 -11429 6806 4623
05/14 -6487 5019 1468
05/14 4658 -3872 -786
06/14 6403 -2012 -4391
06/14 7995 -3030 -4965
06/14 2521 3520 -6041
06/14 8605 -5372 -3233
07/14 9835 -7260 -2575
07/14 9827 -6813 -3014
07/14 10754 -6262 -4492
07/14 15450 -7380 -8070
07/14 22874 -11764 -11110
08/14 35202 -18853 -16349
08/14 34731 -17359 -17372
08/14 31753 -15492 -16261
08/14 30176 -13039 -17137
09/14 32273 -13167 -19106
09/14 33035 -13825 -19210
09/14 31357 -11396 -19961
09/14 31297 -13375 -17922
09/14 31164 -12557 -18607
10/14 31322 -12419 -18903
10/14 36516 -17553 -18963
10/14 34978 -17862 -17116
10/14 36303 -20283 -16020
11/14 37939 -20221 -17718
11/14 38149 -22675 -15474
11/14 37287 -22116 -15171
11/14 37111 -23424 -13687
12/14 37170 -22922 -14248
12/14 35929 -22097 -13832
12/14 18171 -3655 -14516
12/14 32143 -16846 -15297
12/14 33812 -16545 -17267
01/15 42307 -24171 -18136
01/15 45791 -26444 -19347
01/15 17600 -9809 -7791
01/15 12242 -7373 -4869
02/15 9660 -5350 -4310
02/15 9031 -5486 -3545
02/15 10015 -6044 -3971
02/15 11981 -5085 -6896
03/15 15718 -6062 -9656
03/15 20412 -8380 -12032
03/15 8969 2235 -11204
03/15 12902 -3955 -8947
03/15 10156 706 -10862
04/15 8799 120 -8919
04/15 9895 170 -10065
04/15 7031 335 -7366
04/15 5846 1335 -7181
05/15 411 5331 -5742
05/15 -7405 10550 -3145
05/15 -8395 9405 -1010
05/15 -6281 8330 -2049
06/15 -4873 8359 -3486
06/15 -5885 10129 -4244
06/15 -1509 5358 -3849
06/15 -3348 7072 -3724
06/15 -3501 6855 -3354
07/15 169 6121 -6290
07/15 1305 3081 -4386
07/15 6050 3417 -9467
07/15 11037 124 -11161
08/15 14729 -1466 -13263
08/15 23788 -7012 -16776
08/15 26138 -9868 -16270
08/15 20795 -12597 -8198
09/15 17424 -8503 -8921
09/15 18400 -6896 -11504
09/15 7608 3782 -11390
09/15 11900 -1876 -10024
09/15 14175 -2715 -11460
10/15 15159 -3970 -11189
10/15 11951 -2352 -9599
10/15 6735 625 -7360
10/15 12412 1499 -13911
11/15 22448 -7035 -15413
11/15 27883 -9310 -18573
11/15 35012 -15329 -19683
11/15 42705 -22209 -20496
12/15 47747 -24789 -22958
12/15 43253 -25540 -17713
12/15 11784 1951 -13735
12/15 11803 2752 -14555
12/15 11937 3564 -15501
01/16 15078 3620 -18698
01/16 12883 3324 -16207
01/16 14803 906 -15709
01/16 22174 -4503 -17671
02/16 22956 -4695 -18261
02/16 17846 -7268 -10578
02/16 12058 -4366 -7692
02/16 13874 -2321 -11553
03/16 14501 -1507 -12994
03/16 13520 -129 -13391
03/16 6816 5262 -12078
03/16 5021 4186 -9207
03/16 3151 4647 -7798
04/16 -2077 5649 -3572
04/16 -8137 8238 -101
04/16 -10027 9410 617
04/16 -4664 9265 -4601
05/16 -4870 6829 -1959
05/16 -978 6917 -5939
05/16 4440 4147 -8587
05/16 11498 3954 -15452
05/16 13820 129 -13949
06/16 22145 -9645 -12500
06/16 2031 7130 -9161
06/16 783 6381 -7164
06/16 -1641 10867 -9226
07/16 628 8678 -9306
07/16 5030 6718 -11748
07/16 7731 4687 -12418
07/16 13888 946 -14834
08/16 10618 -1715 -8903
08/16 10945 107 -11052
08/16 8517 -1545 -6972
08/16 1051 1885 -2936
08/16 4722 8208 -12930
09/16 8779 1451 -10230
09/16 10364 1348 -11712
09/16 4379 8413 -12792
09/16 15604 -5956 -9648
10/16 18394 -2936 -15458
10/16 26098 -9408 -16690
10/16 33690 -16377 -17313
10/16 39010 -18700 -20310
11/16 37557 -19970 -17587
11/16 32903 -23291 -9612
11/16 36521 -22194 -14327
11/16 41907 -22900 -19007
11/16 44331 -24334 -19997
12/16 43988 -25397 -18591
12/16 43180 -25288 -17892
12/16 11363 7110 -18473
12/16 29265 -10091 -19174
01/17 29535 -13439 -16096
01/17 29108 -14246 -14862
01/17 26213 -13683 -12530
01/17 25920 -13644 -12276
01/17 23705 -17140 -6565
02/17 20263 -14621 -5642
02/17 19572 -11484 -8088
02/17 18338 -8936 -9402
02/17 20506 -11814 -8692
03/17 22755 -10016 -12739
03/17 21568 -8997 -12571
03/17 21357 -11979 -9378
03/17 19803 -16392 -3411
04/17 21617 -13825 -7792
04/17 22158 -10128 -12030
04/17 25224 -13802 -11422
04/17 25947 -17317 -8630
05/17 26213 -17708 -8505
05/17 26319 -15196 -11123
05/17 30309 -21162 -9147
05/17 19808 -19785 -23
05/17 18107 -18512 405
06/17 15813 -16555 742
06/17 14716 -14460 -256
06/17 2455 -2982 527
06/17 3219 -4669 1450
07/17 -2505 -113 2618
07/17 -450 208 242
07/17 1211 -3667 2456
07/17 -2283 -1550 3833
08/17 -1544 1440 104
08/17 3448 -1402 -2046
08/17 4372 -1181 -3191
08/17 4738 -1987 -2751
08/17 3703 -1778 -1925
09/17 5707 -2171 -3536
09/17 5208 -1314 -3894
09/17 4554 -1569 -2985
09/17 7664 -1862 -5802
10/17 11521 -3293 -8228
10/17 15331 -4262 -11069
10/17 17285 -4931 -12354
10/17 25257 -11597 -13660
10/17 37820 -20671 -17149
11/17 44572 -25110 -19462
11/17 47311 -27983 -19328
11/17 47867 -29740 -18127
11/17 47448 -30184 -17264
12/17 45759 -29567 -16192
12/17 46902 -28765 -18137
12/17 33310 -17395 -15915
12/17 29969 -13902 -16067
01/18 30127 -16232 -13895
01/18 35319 -21922 -13397
01/18 32494 -21106 -11388
01/18 28749 -22115 -6634
01/18 22287 -20327 -1960
02/18 18325 -20241 1916
02/18 18783 -19925 1142
02/18 15567 -15788 221
02/18 16133 -15999 -134
03/18 7296 -8477 1181
03/18 7221 -6572 -649
03/18 10877 -8246 -2631
03/18 12696 -9445 -3251
04/18 14746 -9911 -4835
04/18 18184 -10744 -7440
04/18 20086 -10521 -9565
04/18 27182 -10225 -16957
05/18 39740 -19456 -20284
05/18 55972 -32602 -23370
05/18 60299 -36393 -23906
05/18 60008 -37311 -22697
05/18 60914 -43431 -17483
06/18 62451 -39216 -23235
06/18 61344 -37245 -24099
06/18 55128 -31957 -23171
06/18 60529 -38031 -22498
07/18 61891 -40494 -21397
07/18 61688 -40121 -21567
07/18 65083 -42143 -22940
07/18 67092 -45808 -21284
07/18 64873 -44422 -20451
08/18 66108 -46108 -20000
08/18 65775 -45849 -19926
08/18 62178 -47218 -14960
08/18 58219 -44744 -13475
09/18 50092 -40394 -9698
09/18 45635 -35350 -10285
09/18 24124 -18438 -5686
09/18 21523 -16083 -5440
10/18 23096 -13402 -9694
10/18 27715 -12803 -14912
10/18 30951 -16524 -14427
10/18 35608 -17105 -18503
10/18 34852 -14522 -20330
11/18 40694 -19948 -20746
11/18 38493 -18602 -19891
11/18 37522 -19625 -17897
11/18 38976 -21068 -17908
12/18 37169 -19795 -17374
12/18 34208 -18267 -15941
12/18 37112 -22926 -14186
12/18 37360 -23329 -14031
12/18 38730 -25530 -13200
01/19 35201 -23186 -12015
01/19 25935 -15294 -10641
01/19 28412 -16402 -12010
01/19 29346 -18080 -11266
02/19 30805 -18114 -12691
02/19 35823 -20680 -15143
02/19 38454 -23350 -15104
02/19 40210 -25349 -14861
03/19 41777 -24104 -17673
03/19 41569 -23305 -18264
03/19 42683 -27189 -15494
03/19 41262 -27295 -13967
04/19 42797 -26266 -16531
04/19 45098 -28146 -16952
04/19 52178 -32584 -19594
04/19 59048 -37536 -21512
04/19 61328 -39746 -21582
05/19 59313 -39579 -19734
05/19 57331 -40010 -17321
05/19 55204 -37495 -17709
05/19 53620 -34675 -18945
06/19 50150 -36065 -14085
06/19 38355 -24788 -13567
06/19 28838 -15484 -13354
06/19 25407 -16481 -8926
07/19 20645 -10742 -9903
07/19 20173 -10428 -9745
07/19 22389 -11732 -10657
07/19 22456 -13193 -9263
07/19 24641 -14488 -10153
08/19 25464 -16431 -9033
08/19 20911 -12952 -7959
08/19 19885 -11117 -8768
08/19 14460 -3800 -10660
09/19 17359 -5839 -11520
09/19 15396 -2892 -12504
09/19 15785 -4556 -11229
09/19 21472 -10552 -10920
10/19 26799 -11535 -15264
10/19 25232 -11047 -14185
10/19 27332 -12766 -14566
10/19 22654 -11335 -11319
10/19 26244 -12484 -13760
11/19 28030 -14153 -13877
11/19 29844 -15120 -14724
11/19 30136 -16192 -13944
11/19 34228 -20975 -13253
12/19 35445 -22287 -13158
12/19 30872 -20865 -10007
12/19 20844 -11074 -9770
12/19 19859 -9679 -10180
12/19 14498 -5725 -8773
01/20 11227 -4469 -6758
01/20 5871 -192 -5679
01/20 1145 1536 -2681
01/20 3309 3497 -6806
02/20 -15 4919 -4904
02/20 3083 3767 -6850
02/20 9188 1541 -10729
02/20 10437 616 -11053
03/20 5069 -3242 -1827
03/20 -4048 595 3453
03/20 -6892 7374 -482
03/20 -3647 4891 -1244
03/20 -4753 4947 -194
04/20 -4438 5604 -1166
04/20 -3407 4657 -1250
04/20 -5750 4924 826
04/20 -5447 5576 -129
05/20 -5379 7791 -2412
05/20 -5645 6648 -1003
05/20 -6112 8728 -2616
05/20 -6846 8739 -1893
06/20 -7754 8989 -1235
06/20 -4280 1766 2514
06/20 -5657 1606 4051
06/20 -6672 1448 5224
06/20 -8910 4338 4572
07/20 -9782 3778 6004
07/20 -14107 7057 7050
07/20 -15009 7379 7630
07/20 -18123 8442 9681
08/20 -21849 11660 10189
08/20 -27268 17165 10103
08/20 -26977 14507 12470
08/20 -23946 11866 12080
09/20 -24140 11597 12543
09/20 -21603 11527 10076
09/20 -22007 12066 9941
09/20 -21892 15916 5976
09/20 -18608 12741 5867
10/20 -18753 13096 5657
10/20 -18029 12172 5857
10/20 -20656 14399 6257
10/20 -21808 15503 6305
11/20 -19604 14895 4709
11/20 -20800 15864 4936
11/20 -19240 14924 4316
11/20 -19479 14986 4493
12/20 -20295 14651 5644
12/20 -21210 10423 10787
12/20 -18843 9291 9552
12/20 -20672 11244 9428
12/20 -21770 11787 9983
01/21 -20140 9372 10768
01/21 -20830 11975 8855
01/21 -19393 9420 9973
01/21 -20506 10092 10414
02/21 -19433 14641 4792
02/21 -14737 11408 3329
02/21 -14091 8371 5720
02/21 -12535 11523 1012
03/21 -7076 12261 -5185
03/21 -5138 14393 -9255
03/21 9013 4671 -13684
03/21 9049 2872 -11921
03/21 9957 4269 -14226
04/21 10786 3245 -14031
04/21 10631 824 -11455
04/21 12276 -1642 -10634
04/21 10051 -686 -9365
05/21 7707 56 -7763
05/21 5078 -2851 -2227
05/21 5002 -4265 -737
05/21 3679 -1203 -2476
06/21 139 324 -463
06/21 -2171 1076 1095
06/21 -8396 9387 -991
06/21 -6085 13552 -7467
06/21 -3241 11065 -7824
07/21 -446 10162 -9716
07/21 2225 7137 -9362
07/21 3796 8042 -11838
07/21 1657 8489 -10146
08/21 -984 7543 -6559
08/21 1926 9678 -11604
08/21 3277 5547 -8824
08/21 3292 4094 -7386
08/21 2741 3975 -6716
09/21 8789 220 -9009
09/21 17574 -5878 -11696
09/21 24497 -9217 -15280
09/21 28058 -11587 -16471
10/21 29586 -15679 -13907
10/21 29963 -12972 -16991
10/21 33353 -17584 -15769
10/21 32362 -19379 -12983
11/21 25497 -20648 -4849
11/21 20534 -17043 -3491
11/21 18767 -8889 -9878
11/21 21522 -11376 -10146
11/21 21175 -14182 -6993
12/21 20346 -12053 -8293
12/21 14808 -8336 -6472
12/21 15945 -9227 -6718
12/21 15226 -10718 -4508
01/22 14628 -9529 -5099
01/22 15599 -7660 -7939
01/22 13799 -10810 -2989
01/22 13479 -8796 -4683
02/22 16541 -8239 -8302
02/22 16918 -9399 -7519
02/22 18888 -9715 -9173
02/22 19110 -10987 -8123
03/22 20862 -15248 -5614
03/22 21942 -9710 -12232
03/22 17460 -5229 -12231
03/22 20499 -8424 -12075
03/22 23228 -11579 -11649
04/22 20743 -12393 -8350
04/22 22299 -13942 -8357
04/22 23051 -11450 -11601
04/22 25713 -12869 -12844
05/22 30542 -13907 -16635
05/22 29819 -15763 -14056
05/22 31181 -16592 -14589
05/22 31694 -19673 -12021
05/22 29851 -20458 -9393
06/22 27216 -16132 -11084
06/22 18147 -6808 -11339
06/22 14958 -7157 -7801
06/22 17862 -8591 -9271
07/22 20075 -10135 -9940
07/22 19882 -8724 -11158
07/22 19205 -10912 -8293
07/22 20610 -11299 -9311
08/22 23279 -13308 -9971
08/22 19464 -9782 -9682
08/22 13616 -5096 -8520
08/22 14779 -2405 -12374
08/22 15471 -2262 -13209
09/22 16867 -4037 -12830
09/22 16512 -7305 -9207
09/22 12986 -6740 -6246
09/22 16898 -5730 -11168
10/22 16022 -6852 -9170
10/22 17983 -5890 -12093
10/22 19098 -7086 -12012
10/22 23161 -11300 -11861
11/22 27731 -14784 -12947
11/22 28276 -17154 -11122
11/22 21637 -16827 -4810
11/22 19203 -14476 -4727
11/22 19970 -14247 -5723
12/22 17859 -12230 -5629
12/22 15972 -11811 -4161
12/22 5172 -4064 -1108
12/22 4167 -4131 -36
01/23 6431 -2854 -3577
01/23 8206 -7370 -836
01/23 11357 -7941 -3416
01/23 11565 -9508 -2057
01/23 11816 -8314 -3502
02/23 10804 -6368 -4436
02/23 12082 -7468 -4614
02/23 12058 -6520 -5538
02/23 15439 -4917 -10522
03/23 14830 -3950 -10880
03/23 13318 -9965 -3353
03/23 12611 -7297 -5314
03/23 10733 -6074 -4659
04/23 10822 -8003 -2819
04/23 9736 -6734 -3002
04/23 3386 -4720 1334
04/23 2701 -3656 955
05/23 2567 -2999 432
05/23 4759 -4467 -292
05/23 2838 -1859 -979
05/23 1691 -903 -788
05/23 1533 -435 -1098
06/23 7048 -1314 -5734
06/23 7033 -5043 -1990
06/23 5236 -4851 -385
06/23 7018 -4946 -2072
07/23 7565 -3404 -4161
07/23 8165 -7907 -258
07/23 5927 -10211 4284
07/23 3421 -8431 5010
08/23 4208 -8747 4539
08/23 4092 -5452 1360
08/23 4200 -4007 -193
08/23 5608 -3866 -1742
08/23 6388 -4518 -1870
09/23 10687 -5325 -5362
09/23 12351 -9338 -3013
09/23 15844 -7935 -7909
09/23 20914 -9115 -11799
10/23 27368 -16742 -10626
10/23 28830 -16075 -12755
10/23 30333 -17078 -13255
10/23 27136 -15095 -12041
10/23 25967 -14910 -11057
11/23 27892 -17562 -10330
11/23 27543 -20151 -7392
11/23 28587 -18994 -9593
11/23 26691 -20289 -6402
12/23 23713 -17852 -5861
12/23 19313 -14474 -4839
12/23 9076 -6088 -2988
12/23 5525 -3445 -2080
01/24 4158 -5215 1057
01/24 2524 -4392 1868
01/24 273 -3738 3465
01/24 6199 -5171 -1028
01/24 7222 -3904 -3318
02/24 9266 -5567 -3699
02/24 15080 -6014 -9066
02/24 19476 -9923 -9553
02/24 23709 -11981 -11728
03/24 29177 -17551 -11626
03/24 28703 -17870 -10833
03/24 33392 -20500 -12892
03/24 37454 -21968 -15486
04/24 38683 -22370 -16313
04/24 48083 -31764 -16319
04/24 52956 -36212 -16744
04/24 56317 -42562 -13755
04/24 58283 -41786 -16497
05/24 53109 -41787 -11322
05/24 51769 -41107 -10662
05/24 51353 -40645 -10708
05/24 57936 -44366 -13570
06/24 56817 -45763 -11054
06/24 53865 -42863 -11002
06/24 44624 -37390 -7234
06/24 49331 -35057 -14274
07/24 56434 -43443 -12991
07/24 59298 -46088 -13210
07/24 61672 -49793 -11879
07/24 54568 -42237 -12331
07/24 45149 -34520 -10629
08/24 29131 -22073 -7058
08/24 26308 -21664 -4644
08/24 30096 -25714 -4382
08/24 27446 -24612 -2834
09/24 23439 -21882 -1557
09/24 20885 -21304 419
09/24 17728 -17108 -620
09/24 21396 -19290 -2106
10/24 21716 -22854 1138
10/24 27158 -22459 -4699
10/24 30369 -26161 -4208
01/24 4158 -5215 1057
01/24 2524 -4392 1868
01/24 273 -3738 3465
01/24 6199 -5171 -1028
01/24 7222 -3904 -3318
02/24 9266 -5567 -3699
02/24 15080 -6014 -9066
02/24 19476 -9923 -9553
02/24 23709 -11981 -11728
03/24 29177 -17551 -11626
03/24 28703 -17870 -10833
03/24 33392 -20500 -12892
03/24 37454 -21968 -15486
04/24 38683 -22370 -16313
04/24 48083 -31764 -16319
04/24 52956 -36212 -16744
04/24 56317 -42562 -13755
04/24 58283 -41786 -16497
05/24 53109 -41787 -11322
05/24 51769 -41107 -10662
05/24 51353 -40645 -10708
05/24 57936 -44366 -13570
06/24 56817 -45763 -11054
06/24 53865 -42863 -11002
06/24 44624 -37390 -7234
06/24 49331 -35057 -14274
07/24 56434 -43443 -12991
07/24 59298 -46088 -13210
07/24 61672 -49793 -11879
07/24 54568 -42237 -12331
07/24 45149 -34520 -10629
08/24 29131 -22073 -7058
08/24 26308 -21664 -4644
08/24 30096 -25714 -4382
08/24 27446 -24612 -2834
09/24 23439 -21882 -1557
09/24 20885 -21304 419
09/24 17728 -17108 -620
09/24 21396 -19290 -2106
10/24 21716 -22854 1138
10/24 27158 -22459 -4699
10/24 30369 -26161 -4208
10/24 36435 -32654 -3781
