01/86 20588 -13178 -7410
01/86 25297 -14758 -10539
02/86 -153 3274 -3121
02/86 -4128 12824 -8696
03/86 5673 -3193 -2480
03/86 -1907 8606 -6699
04/86 -17837 17896 -59
04/86 7052 -1116 -5936
05/86 10548 -4422 -6126
05/86 3745 -1516 -2229
06/86 7363 -8716 1353
06/86 -7725 4683 3042
07/86 -2950 7500 -4550
07/86 6640 -9703 3063
08/86 -8695 5355 3340
08/86 -18439 16354 2085
09/86 4894 -2911 -1983
09/86 12203 -13139 936
10/86 8476 -5349 -3127
10/86 9900 -5064 -4836
11/86 19300 8432 -27732
11/86 7307 -295 -7012
12/86 4503 -5429 926
12/86 23521 -15255 -8266
01/87 23273 -19448 -3825
01/87 59675 -42302 -17373
02/87 44895 -24785 -20110
02/87 27060 -10349 -16711
03/87 24280 -8556 -15724
03/87 34504 -10410 -24094
04/87 32458 -14536 -17922
04/87 26331 -9298 -17033
05/87 25808 -11506 -14302
05/87 34985 -11516 -23469
06/87 34271 -9203 -25068
06/87 56606 -26778 -29828
07/87 61840 -27834 -34006
07/87 72383 -46211 -26172
08/87 46410 -17038 -29372
08/87 41839 -20610 -21229
09/87 33634 -18482 -15152
09/87 28294 909 -29203
10/87 17695 -8448 -9247
10/87 50323 -20455 -29868
11/87 64921 -39337 -25584
11/87 51904 -31670 -20234
12/87 54320 -29469 -24851
12/87 40502 -18115 -22387
01/88 46417 -29910 -16507
01/88 45370 -24171 -21199
02/88 61453 -27854 -33599
02/88 52574 -20905 -31669
03/88 47874 -23140 -24734
03/88 50554 -26852 -23702
04/88 37990 -22239 -15751
04/88 38472 -13884 -24588
05/88 18892 -7223 -11669
05/88 38112 -20538 -17574
06/88 21554 -25266 3712
06/88 33909 -30985 -2924
07/88 46781 -22588 -24193
07/88 44668 -19102 -25566
08/88 47466 -24568 -22898
08/88 47178 -15378 -31800
09/88 50573 -33655 -16918
09/88 40543 -24990 -15553
10/88 34229 -30928 -3301
10/88 33673 -24212 -9461
11/88 65583 -38858 -26725
11/88 47281 -24182 -23099
12/88 44826 -25158 -19668
12/88 41833 -32808 -9025
01/89 12930 -14153 1223
01/89 17097 -24937 7840
02/89 28145 -17079 -11066
02/89 39998 -5398 -34600
03/89 43073 -16317 -26756
03/89 27420 -14750 -12670
04/89 13050 -14189 1139
04/89 15186 -20402 5216
05/89 1272 -8242 6970
05/89 -19496 10681 8815
06/89 -7377 790 6587
06/89 -9296 717 8579
07/89 9184 -8745 -439
07/89 -11897 8333 3564
08/89 14486 -1829 -12657
08/89 -10017 14361 -4344
09/89 -28580 23643 4937
09/89 -6124 13439 -7315
10/89 -34705 24412 10293
10/89 -19520 10697 8823
11/89 -38493 17509 20984
11/89 -30018 11363 18655
12/89 -49657 23209 26448
12/89 -6428 -1424 7852
01/90 9742 -12860 3118
01/90 4510 -3882 -628
02/90 8232 -10423 2191
02/90 21936 -14994 -6942
03/90 17590 -9591 -7999
03/90 8182 -6070 -2112
04/90 -2120 -895 3015
04/90 30147 -11503 -18644
05/90 -5984 7913 -1929
05/90 956 175 -1131
06/90 -18191 8631 9560
06/90 -29900 11190 18710
07/90 -17477 427 17050
07/90 -26206 8073 18133
08/90 9326 -12577 3251
08/90 24853 -14827 -10026
09/90 22614 -18870 -3744
09/90 13350 -14036 686
10/90 -396 -15278 15674
10/90 1384 -10875 9491
11/90 -31158 11282 19876
11/90 -24258 14392 9866
12/90 -23459 5527 17932
12/90 -11268 -2571 13839
01/91 -5756 6861 -1105
01/91 -27431 14638 12793
02/91 -16817 12052 4765
02/91 -7192 254 6938
03/91 -7896 2229 5667
03/91 -34097 17144 16953
04/91 -40989 19853 21136
04/91 -36503 14110 22393
05/91 -16793 2790 14003
05/91 -18780 -4432 23212
06/91 7749 -22856 15107
06/91 -8427 -5113 13540
07/91 -12039 -10020 22059
07/91 -28139 6369 21770
08/91 -35544 4769 30775
08/91 -39858 12922 26936
09/91 -31830 10899 20931
09/91 -48116 23095 25021
10/91 -52645 22027 30618
10/91 -45414 20754 24660
11/91 -51601 31120 20481
11/91 -35055 17111 17944
12/91 -40575 30110 10465
12/91 -22163 14040 8123
01/92 -34969 10743 24226
01/92 -29891 388 29503
02/92 -31690 -161 31851
02/92 -41654 12278 29376
03/92 -5264 -11383 16647
03/92 -22730 -902 23632
04/92 -43855 16000 27855
04/92 -10481 -4249 14730
05/92 -40064 34346 5718
05/92 -46765 18413 28352
06/92 -34658 -362 35020
06/92 -39527 4052 35475
07/92 -31649 -4812 36461
07/92 -19858 3370 16488
08/92 -32170 -1686 33856
08/92 -14263 7338 6925
09/92 10114 -21378 11264
09/92 -15386 -85 15471
10/92 -11696 -3101 14797
10/92 5573 -11773 6200
10/92 2 -831 829
10/92 1597 -2297 700
11/92 14546 -6725 -7821
11/92 5342 1655 -6997
11/92 -1529 4978 -3449
11/92 -19702 19643 59
12/92 -13182 16561 -3379
12/92 -38484 26045 12439
12/92 -30096 23906 6190
12/92 -41044 25013 16031
12/92 -43113 27693 15420
01/93 -45948 27838 18110
01/93 -12358 -3642 16000
01/93 -44689 36178 8511
01/93 -50928 39059 11869
02/93 -34102 22571 11531
02/93 -19935 8569 11366
02/93 -10707 4086 6621
02/93 8861 -2661 -6200
03/93 5708 7436 -13144
03/93 -3483 3646 -163
03/93 -5360 231 5129
03/93 -5734 3148 2586
03/93 27373 -17915 -9458
04/93 19547 -15801 -3746
04/93 -770 1112 -342
04/93 -8352 12054 -3702
04/93 -3098 12393 -9295
05/93 -3561 3091 470
05/93 -8603 7684 919
05/93 10933 6916 -17849
05/93 33680 -13876 -19804
06/93 10108 4499 -14607
06/93 14065 4373 -18438
06/93 15256 662 -15918
06/93 -7543 15628 -8085
06/93 -8740 10191 -1451
07/93 17276 -2978 -14298
07/93 -4412 19815 -15403
07/93 419 19519 -19938
07/93 4211 13373 -17584
08/93 -15143 22603 -7460
08/93 -19119 21266 -2147
08/93 -4897 1041 3856
08/93 -4968 15644 -10676
08/93 1177 15880 -17057
09/93 -177 27995 -27818
09/93 28109 812 -28921
09/93 19129 -7166 -11963
09/93 -6039 7472 -1433
10/93 -7917 11848 -3931
10/93 -7686 9908 -2222
10/93 -3094 7071 -3977
10/93 24157 -6871 -17286
11/93 28778 -16152 -12626
11/93 42018 -26718 -15300
11/93 39883 -21168 -18715
11/93 29628 -15486 -14142
11/93 36708 -18753 -17955
12/93 23384 -5534 -17850
12/93 31703 -12827 -18876
12/93 39209 -29314 -9895
12/93 21221 -15408 -5813
01/94 55451 -34429 -21022
01/94 23166 -3888 -19278
01/94 14850 -7286 -7564
01/94 13933 -568 -13365
02/94 3120 -200 -2920
02/94 14164 -9218 -4946
02/94 11928 6282 -18210
02/94 50773 -32674 -18099
03/94 61428 -37514 -23914
03/94 37142 -17214 -19928
03/94 15110 -10673 -4437
03/94 19641 1119 -20760
03/94 38999 -18627 -20372
04/94 13157 -6745 -6412
04/94 10018 3420 -13438
04/94 10034 3856 -13890
04/94 20166 700 -20866
05/94 23896 -14923 -8973
05/94 973 9892 -10865
05/94 2400 7945 -10345
05/94 2958 7197 -10155
05/94 16045 -5876 -10169
06/94 -6651 8536 -1885
06/94 -13375 20610 -7235
06/94 6660 3094 -9754
06/94 12593 -4315 -8278
07/94 7562 7733 -15295
07/94 18909 -623 -18286
07/94 1167 14886 -16053
07/94 5199 7573 -12772
08/94 5007 15089 -20096
08/94 -17703 25675 -7972
08/94 -26095 34060 -7965
08/94 -22807 29058 -6251
08/94 -23567 38922 -15355
09/94 -17362 37280 -19918
09/94 -1953 19753 -17800
09/94 50867 -20751 -30116
09/94 63330 -35552 -27778
10/94 44723 -26112 -18611
10/94 22470 -7019 -15451
10/94 27140 -13619 -13521
10/94 26374 -12866 -13508
11/94 42803 -32634 -10169
11/94 17245 -8366 -8879
11/94 25489 -23260 -2229
11/94 11169 -14857 3688
11/94 6437 -9051 2614
12/94 19464 -16446 -3018
12/94 21699 -17751 -3948
12/94 31927 -16151 -15776
12/94 22027 -9785 -12242
01/95 24641 -14131 -10510
01/95 30469 -17747 -12722
01/95 35263 -22425 -12838
01/95 46282 -38640 -7642
01/95 38827 -30374 -8453
02/95 36083 -25565 -10518
02/95 5921 -7470 1549
02/95 22533 -7077 -15456
02/95 37953 -19504 -18449
03/95 28863 -18562 -10301
03/95 30914 -4014 -26900
03/95 22877 -9282 -13595
03/95 36547 -23125 -13422
04/95 26765 -12855 -13910
04/95 33410 -27399 -6011
04/95 48902 -29530 -19372
04/95 40419 -9764 -30655
05/95 48373 -24389 -23984
05/95 32582 -2384 -30198
05/95 28773 -2966 -25807
05/95 -6139 8487 -2348
05/95 4700 6069 -10769
06/95 -1180 15632 -14452
06/95 -18297 32560 -14263
06/95 -4051 21104 -17053
06/95 -1974 14767 -12793
07/95 -3282 17621 -14339
07/95 -4202 13345 -9143
07/95 -7520 21205 -13685
07/95 -159 11293 -11134
08/95 13399 9027 -22426
08/95 15704 9944 -25648
08/95 2757 26953 -29710
08/95 7693 16019 -23712
08/95 9809 11544 -21353
09/95 -3897 18779 -14882
09/95 -17093 18113 -1020
09/95 -9348 12395 -3047
09/95 10679 448 -11127
10/95 -1943 12004 -10061
10/95 -9543 21596 -12053
10/95 -17599 18043 -444
10/95 -38374 36180 2194
10/95 -37897 34076 3821
11/95 -36425 38471 -2046
11/95 -23826 26391 -2565
11/95 -40403 37542 2861
11/95 -34213 32402 1811
12/95 -33171 33423 -252
12/95 -40256 40976 -720
12/95 -42654 35668 6986
12/95 -39887 34708 5179
01/96 -36463 38411 -1948
01/96 -31597 26533 5064
01/96 -30892 26080 4812
01/96 -44956 42989 1967
01/96 -47744 40828 6916
02/96 -13392 23253 -9861
02/96 -45798 40641 5157
02/96 -23532 32570 -9038
02/96 -5902 21281 -15379
03/96 -14682 28312 -13630
03/96 -17022 26628 -9606
03/96 -19173 29488 -10315
03/96 -9914 17517 -7603
04/96 -6484 24627 -18143
04/96 -10371 28090 -17719
04/96 -4240 25095 -20855
04/96 -6842 23308 -16466
04/96 10551 13929 -24480
05/96 455 5583 -6038
05/96 -11148 18517 -7369
05/96 1684 16718 -18402
05/96 1810 15982 -17792
06/96 -8863 16363 -7500
06/96 -4312 15401 -11089
06/96 1841 20102 -21943
06/96 -13066 27928 -14862
07/96 -2162 17297 -15135
07/96 -9393 15402 -6009
07/96 -4764 13980 -9216
07/96 -18440 21726 -3286
07/96 -17920 24323 -6403
08/96 -26745 23952 2793
08/96 -19252 11044 8208
08/96 -35244 19701 15543
08/96 -19925 7690 12235
09/96 -7904 16002 -8098
09/96 23625 -16004 -7621
09/96 18310 -11104 -7206
09/96 5935 2067 -8002
10/96 -15951 14769 1182
10/96 -45555 32561 12994
10/96 -34728 36400 -1672
10/96 -19460 26454 -6994
10/96 -22584 23109 -525
11/96 -23164 17729 5435
11/96 -16950 16014 936
11/96 -47721 46016 1705
11/96 -29619 35378 -5759
12/96 -32975 37883 -4908
12/96 -26607 27232 -625
12/96 -33865 33285 580
12/96 -34649 30774 3875
12/96 -23599 24836 -1237
01/97 -14397 20085 -5688
01/97 -19752 26020 -6268
01/97 -21063 19630 1433
01/97 -4899 12169 -7270
02/97 -12227 17403 -5176
02/97 -2008 -3527 5535
02/97 -22827 20630 2197
02/97 -27876 29782 -1906
03/97 -5514 20713 -15199
03/97 2493 16717 -19210
03/97 -6832 34986 -28154
03/97 6370 17654 -24024
04/97 3448 17059 -20507
04/97 27101 -6487 -20614
04/97 9464 12583 -22047
04/97 29595 -10427 -19168
04/97 23370 -8900 -14470
05/97 7247 -2592 -4655
05/97 1088 -3387 2299
05/97 -22465 13618 8847
05/97 7064 -8486 1422
06/97 -8193 3782 4411
06/97 -42347 25808 16539
06/97 -32294 14082 18212
06/97 -36114 19492 16622
07/97 -31737 13090 18647
07/97 -44687 24741 19946
07/97 -65715 39112 26603
07/97 -70724 44202 26522
07/97 -82852 51300 31552
08/97 -59274 29645 29629
08/97 -60717 29186 31531
08/97 -43847 31465 12382
08/97 -28064 24327 3737
09/97 1544 1320 -2864
09/97 13779 -10873 -2906
09/97 -17133 15350 1783
09/97 -62613 54257 8356
09/97 -68859 46978 21881
10/97 -96810 75342 21468
10/97 -42411 33708 8703
10/97 -28189 22062 6127
10/97 -18856 4530 14326
11/97 -42938 18693 24245
11/97 -39535 16381 23154
11/97 -61454 33236 28218
11/97 -86718 64989 21729
12/97 -93644 61434 32210
12/97 -66168 54102 12066
12/97 -114282 77192 37090
12/97 -108767 78143 30624
12/97 -92944 68974 23970
12/97 -76125 58935 17190
01/98 -103882 68372 35510
01/98 -114209 72504 41705
01/98 -127017 71368 55649
01/98 -81630 43420 38210
02/98 -98498 55473 43025
02/98 -74256 40114 34142
02/98 -107518 52037 55481
02/98 -35370 3556 31814
03/98 -10098 -11733 21831
03/98 -23647 3619 20028
03/98 -37126 8121 29005
03/98 -36049 -691 36740
03/98 -47581 12740 34841
04/98 -85138 30588 54550
04/98 -66355 23919 42436
04/98 -70592 32744 37848
04/98 -20448 5723 14725
05/98 -42120 21184 20936
05/98 -48187 19199 28988
05/98 -62904 22081 40823
05/98 -113448 77308 36140
06/98 -115777 61912 53865
06/98 -118482 65927 52555
06/98 -157824 99526 58298
06/98 -131218 87397 43821
06/98 -140123 90524 49599
07/98 -128177 75265 52912
07/98 -86267 51901 34366
07/98 -118843 75481 43362
07/98 -94232 49831 44401
08/98 -125265 72107 53158
08/98 -148521 84169 64352
08/98 -131863 71547 60316
08/98 -152457 92703 59754
09/98 -124298 91797 32501
09/98 -106455 105351 1104
09/98 -133676 98653 35023
09/98 -137790 105365 32425
09/98 -111692 86193 25499
10/98 -91835 78370 13465
10/98 -95034 71993 23041
10/98 -86605 59169 27436
10/98 -88444 60421 28023
11/98 -88334 70329 18005
11/98 -82108 51689 30419
11/98 -59876 38904 20972
11/98 -54374 36884 17490
12/98 -49352 25427 23925
12/98 -82435 42035 40400
12/98 -76884 44910 31974
12/98 -79001 44092 34909
12/98 -81820 55766 26054
01/99 -51265 35942 15323
01/99 -34738 18080 16658
01/99 -48115 40752 7363
01/99 -58599 42903 15696
02/99 -49718 42929 6789
02/99 -54153 45873 8280
02/99 -68470 52803 15667
02/99 3011 -10145 7134
03/99 8508 -5660 -2848
03/99 -27035 13269 13766
03/99 -30821 25995 4826
03/99 -31312 29475 1837
03/99 -34055 24849 9206
04/99 -24735 12405 12330
04/99 -40334 20992 19342
04/99 -49858 26790 23068
04/99 -11967 6951 5016
05/99 22047 -14359 -7688
05/99 29361 -25920 -3441
05/99 24603 -19071 -5532
05/99 -12815 11881 934
06/99 29011 -19085 -9926
06/99 20378 -25258 4880
06/99 17369 -30357 12988
06/99 26632 -29003 2371
06/99 8301 -23450 15149
07/99 39771 -31330 -8441
07/99 15904 -19737 3833
07/99 -6182 -3159 9341
07/99 9314 -15498 6184
08/99 17386 -25048 7662
08/99 19502 -24041 4539
08/99 31961 -46254 14293
08/99 27320 -36137 8817
08/99 18664 -32944 14280
09/99 32977 -40793 7816
09/99 71374 -55102 -16272
09/99 59686 -57438 -2248
09/99 20376 -31574 11198
10/99 59381 -57180 -2201
10/99 44215 -44411 196
10/99 58088 -58346 258
10/99 67810 -66525 -1285
11/99 36211 -32198 -4013
11/99 21889 -23291 1402
11/99 6135 -20825 14690
11/99 -16401 -5590 21991
11/99 -23020 8598 14422
12/99 -12055 3243 8812
12/99 12357 -15615 3258
12/99 33354 -36839 3485
12/99 27243 -32670 5427
01/00 35073 -37490 2417
01/00 61150 -49798 -11352
01/00 66999 -61020 -5979
01/00 68754 -71094 2340
02/00 43452 -38543 -4909
02/00 19165 -27881 8716
02/00 34500 -38801 4301
02/00 -12405 -1044 13449
02/00 -18249 8635 9614
03/00 -10228 -6406 16634
03/00 -10591 -5295 15886
03/00 -18435 -1907 20342
03/00 -27923 10198 17725
04/00 -51181 24672 26509
04/00 -57034 37365 19669
04/00 -59586 31998 27588
04/00 -48733 31474 17259
05/00 -49087 31923 17164
05/00 -37895 25254 12641
05/00 -13937 911 13026
05/00 -6316 -5172 11488
05/00 -5721 -9853 15574
06/00 -4611 -18756 23367
06/00 -2582 -26148 28730
06/00 -24810 -13042 37852
06/00 -21435 -4910 26345
07/00 -31492 1702 29790
07/00 -36194 3749 32445
07/00 -24172 -3135 27307
07/00 -37362 6184 31178
08/00 -25667 -7174 32841
08/00 -24371 -13643 38014
08/00 -30426 -11210 41636
08/00 -28186 -6977 35163
08/00 -5585 -16901 22486
09/00 -25416 -15496 40912
09/00 -15706 -14995 30701
09/00 16138 -32616 16478
09/00 22812 -26481 3669
10/00 28973 -28364 -609
10/00 9292 -19019 9727
10/00 6477 -25840 19363
10/00 -4281 -22308 26589
10/00 -16588 -18091 34679
11/00 -4879 -21573 26452
11/00 -2898 -15325 18223
11/00 -11298 -10226 21524
11/00 -38825 -1556 40381
12/00 -39045 -429 39474
12/00 -37563 -3442 41005
12/00 -39355 -1295 40650
12/00 -17212 -10282 27494
01/01 -50909 -3487 54396
01/01 -42007 -1602 43609
01/01 -50184 5361 44823
01/01 -36633 -770 37403
01/01 -39071 -2491 41562
02/01 -38561 101 38460
02/01 -49681 7014 42667
02/01 -30999 -5079 36078
02/01 -34439 2841 31598
03/01 -35891 -8399 44290
03/01 -34521 -2931 37452
03/01 -64490 10484 54006
03/01 -49956 4454 45502
04/01 -43537 3235 40302
04/01 -36249 2483 33766
04/01 -30150 10568 19582
04/01 8993 -22966 13973
05/01 21646 -18437 -3209
05/01 28705 -24793 -3912
05/01 10512 -21891 11379
05/01 8060 -16141 8081
05/01 -849 -18231 19080
06/01 15055 -27927 12872
06/01 1335 -12077 10742
06/01 -7844 -7011 14855
06/01 -16432 -10915 27347
07/01 -8173 -8375 16548
07/01 -11042 -10989 22031
07/01 -2400 -9623 12023
07/01 -26952 -748 27700
07/01 -50827 14596 36231
08/01 -35383 6845 28538
08/01 -51962 14634 37328
08/01 -55728 18800 36928
08/01 -47848 -1565 49413
09/01 -41604 5282 36322
09/01 -51284 10063 41221
09/01 -36552 4702 31850
09/01 -27075 -5393 32468
10/01 -14549 -8662 23211
10/01 -27939 4981 22958
10/01 -40326 8425 31901
10/01 -31149 950 30199
10/01 -34331 -4610 38941
11/01 -45969 -4537 50506
11/01 -49596 7630 41966
11/01 -41924 -658 42582
11/01 -27113 -10186 37299
12/01 10094 -31158 21064
12/01 15754 -40161 24407
12/01 12756 -26891 14135
12/01 12023 -23634 11611
12/01 2094 -16388 14294
01/02 -1788 -17419 19207
01/02 -17142 -4902 22044
01/02 -29589 2273 27316
01/02 -9313 -20646 29959
02/02 -2590 -20175 22765
02/02 1321 -19729 18408
02/02 -16122 -7918 24040
02/02 -934 -18349 19283
03/02 -4257 -13263 17520
03/02 13609 -16346 2737
03/02 30403 -23615 -6788
03/02 18931 -24115 5184
04/02 14520 -18564 4044
04/02 4772 -11184 6412
04/02 16072 -17731 1659
04/02 13740 -18451 4711
04/02 9261 -23273 14012
05/02 -1672 -12981 14653
05/02 8642 -12751 4109
05/02 6249 -17439 11190
05/02 -3905 -3015 6920
06/02 -1601 -3844 5445
06/02 -16389 4274 12115
06/02 -36177 15433 20744
06/02 -21201 2995 18206
07/02 -30469 5571 24898
07/02 -33724 10203 23521
07/02 -32784 14303 18481
07/02 -9448 -4512 13960
07/02 -30935 15008 15927
08/02 -21010 9755 11255
08/02 -21554 11513 10041
08/02 -32801 6182 26619
08/02 -10695 -3209 13904
09/02 -18860 -3809 22669
09/02 -24655 -5127 29782
09/02 -14174 -707 14881
09/02 -1646 -12244 13890
10/02 -358 -16261 16619
10/02 -8011 -13015 21026
10/02 1126 -20372 19246
10/02 5515 -24428 18913
10/02 -9840 -8115 17955
11/02 -9213 2004 7209
11/02 -12379 10419 1960
11/02 -17639 12191 5448
11/02 -1165 -1206 2371
12/02 13682 -12782 -900
12/02 22905 -10509 -12396
12/02 7047 -11766 4719
12/02 8830 -10629 1799
12/02 -11747 3155 8592
01/03 -13393 324 13069
01/03 -19045 -1264 20309
01/03 -9689 -5353 15042
01/03 -8476 -9610 18086
02/03 -27704 476 27228
02/03 -15809 -9554 25363
02/03 -6493 -15839 22332
02/03 -11645 -7572 19217
03/03 -9186 -475 9661
03/03 -24329 9888 14441
03/03 -17732 4303 13429
03/03 22050 -20895 -1155
04/03 22720 -17176 -5544
04/03 29038 -28165 -873
04/03 27383 -24714 -2669
04/03 21151 -13566 -7585
04/03 -756 -4953 5709
05/03 427 -11870 11443
05/03 -6051 -14422 20473
05/03 9417 -20429 11012
05/03 -730 -7659 8389
06/03 -16464 3356 13108
06/03 -14552 -3958 18510
06/03 -15304 -416 15720
06/03 -11185 -3518 14703
07/03 7590 -5559 -2031
07/03 -3634 -1727 5361
07/03 11782 -19162 7380
07/03 7652 -9548 1896
07/03 -6638 -11054 17692
08/03 16288 -24849 8561
08/03 19850 -29892 10042
08/03 36993 -46298 9305
08/03 46216 -48608 2392
09/03 53097 -45704 -7393
09/03 42035 -35250 -6785
09/03 39891 -34476 -5415
09/03 36222 -32133 -4089
09/03 28512 -25682 -2830
10/03 28744 -25677 -3067
10/03 37212 -29287 -7925
10/03 38846 -28060 -10786
10/03 44388 -31765 -12623
11/03 35607 -23058 -12549
11/03 46130 -23057 -23073
11/03 30179 -17338 -12841
11/03 18205 -13820 -4385
12/03 46084 -28709 -17375
12/03 46871 -39348 -7523
12/03 9742 -16621 6879
12/03 -3423 -854 4277
12/03 -13047 7271 5776
01/04 -9139 -3323 12462
01/04 -37969 28579 9390
01/04 -32430 25449 6981
01/04 -27984 21059 6925
02/04 -13509 13951 -442
02/04 -29989 17879 12110
02/04 -61429 49585 11844
02/04 -32999 24476 8523
03/04 -20780 21150 -370
03/04 -44381 45216 -835
03/04 -48502 45788 2714
03/04 -41985 39349 2636
03/04 -5354 6956 -1602
04/04 9715 95 -9810
04/04 25039 -7018 -18021
04/04 38976 -13748 -25228
04/04 35775 -3448 -32327
05/04 56959 -28181 -28778
05/04 73048 -44483 -28565
05/04 49191 -28181 -21010
05/04 50554 -21856 -28698
06/04 73235 -49030 -24205
06/04 76941 -57295 -19646
06/04 27208 -22142 -5066
06/04 43260 -50171 6911
06/04 82350 -72309 -10041
07/04 31809 -40014 8205
07/04 46482 -47380 898
07/04 24119 -38236 14117
07/04 26988 -28848 1860
08/04 13527 -8866 -4661
08/04 -27136 25840 1296
08/04 -70429 52215 18214
08/04 -42893 34923 7970
08/04 -48297 36230 12067
09/04 -42589 51007 -8418
09/04 -67673 65639 2034
09/04 -89380 75804 13576
09/04 -41710 44272 -2562
10/04 -18962 17029 1933
10/04 -43907 39828 4079
10/04 -47529 33651 13878
10/04 -32286 37314 -5028
11/04 -29525 25420 4105
11/04 -48691 54029 -5338
11/04 -58920 72071 -13151
11/04 -52365 78715 -26350
11/04 -13988 42908 -28920
12/04 -35658 73087 -37429
12/04 -93488 106002 -12514
12/04 -76758 85474 -8716
12/04 -47007 65037 -18030
01/05 -48787 66023 -17236
01/05 -61814 73728 -11914
01/05 -58486 67796 -9310
01/05 -4077 30293 -26216
02/05 21198 -17565 -3633
02/05 -42218 47913 -5695
02/05 -24621 38519 -13898
02/05 20752 7638 -28390
03/05 43694 -19371 -24323
03/05 55488 -12287 -43201
03/05 72464 -24004 -48460
03/05 86339 -36255 -50084
03/05 96159 -42340 -53819
04/05 92564 -46039 -46525
04/05 65533 -47351 -18182
04/05 67905 -49475 -18430
04/05 35005 -5022 -29983
05/05 17645 -8704 -8941
05/05 18117 -12440 -5677
05/05 12037 -11514 -523
05/05 -4140 19099 -14959
05/05 6345 29801 -36146
06/05 -16205 48869 -32664
06/05 -6443 43143 -36700
06/05 -13785 50603 -36818
06/05 -5257 48071 -42814
07/05 18410 13074 -31484
07/05 31696 5144 -36840
07/05 35429 16745 -52174
07/05 27126 15939 -43065
08/05 60109 -6504 -53605
08/05 60649 -7750 -52899
08/05 16194 17557 -33751
08/05 -3576 29551 -25975
08/05 -677 19587 -18910
09/05 15566 23034 -38600
09/05 13975 23109 -37084
09/05 18626 16592 -35218
09/05 28497 16497 -44994
10/05 55565 -1745 -53820
10/05 84766 -21030 -63736
10/05 93963 -27582 -66381
10/05 100690 -34475 -66215
11/05 104207 -57173 -47034
11/05 76471 -29189 -47282
11/05 63331 -18763 -44568
11/05 60028 -17361 -42667
11/05 103680 -38571 -65109
12/05 95409 -53693 -41716
12/05 113525 -59350 -54175
12/05 73043 -37939 -35104
12/05 44422 -16397 -28025
01/06 29693 -9342 -20351
01/06 70535 -37934 -32601
01/06 27058 -19520 -7538
01/06 25157 -11802 -13355
01/06 75032 -29151 -45881
02/06 54717 25733 -80450
02/06 55370 9422 -64792
02/06 35684 20708 -56392
02/06 36233 2986 -39219
03/06 116401 -44241 -72160
03/06 123101 -57766 -65335
03/06 148498 -59966 -88532
03/06 152164 -76688 -75476
04/06 151187 -88457 -62730
04/06 177511 -114385 -63126
04/06 205048 -128351 -76697
04/06 246650 -153969 -92681
05/06 265301 -178500 -86801
05/06 243700 -167881 -75819
05/06 254465 -165409 -89056
05/06 181908 -115814 -66094
05/06 188560 -124648 -63912
06/06 127286 -94036 -33250
06/06 99665 -63952 -35713
06/06 172052 -91640 -80412
06/06 189149 -117798 -71351
07/06 161415 -91108 -70307
07/06 134265 -90257 -44008
07/06 152293 -88911 -63382
07/06 83863 -36400 -47463
08/06 95047 -51215 -43832
08/06 102273 -74488 -27785
08/06 97342 -93009 -4333
08/06 103962 -80304 -23658
08/06 87395 -58631 -28764
09/06 75124 -55805 -19319
09/06 57898 -48790 -9108
09/06 49337 -48328 -1009
09/06 52418 -41153 -11265
10/06 37116 -42801 5685
10/06 43789 -39538 -4251
10/06 66069 -44331 -21738
10/06 99854 -67883 -31971
10/06 87599 -59783 -27816
11/06 76753 -76722 -31
11/06 59074 -69565 10491
11/06 96916 -87819 -9097
11/06 28987 -50097 21110
12/06 38127 -48821 10694
12/06 40945 -42482 1537
12/06 78173 -68580 -9593
12/06 82626 -68800 -13826
01/07 104662 -70062 -34600
01/07 90689 -52667 -38022
01/07 117896 -66995 -50901
01/07 129501 -69283 -60218
01/07 123929 -67219 -56710
02/07 132046 -73257 -58789
02/07 125529 -71284 -54245
02/07 91648 -59603 -32045
02/07 117309 -87499 -29810
03/07 123888 -111303 -12585
03/07 102970 -94950 -8020
03/07 108019 -99299 -8720
03/07 147039 -107098 -39941
04/07 132987 -88650 -44337
04/07 126228 -53294 -72934
04/07 178867 -111556 -67311
04/07 109320 -68585 -40735
05/07 148775 -101289 -47486
05/07 110634 -72051 -38583
05/07 140605 -93523 -47082
05/07 168105 -103973 -64132
05/07 199627 -118088 -81539
06/07 197893 -139823 -58070
06/07 166228 -116879 -49349
06/07 167819 -116816 -51003
06/07 178363 -120186 -58177
07/07 193364 -108562 -84802
07/07 181852 -124172 -57680
07/07 182633 -123798 -58835
07/07 157842 -120174 -37668
07/07 137395 -97907 -39488
08/07 136304 -98775 -37529
08/07 144850 -134146 -10704
08/07 102803 -88334 -14469
08/07 52116 -24761 -27355
09/07 65485 -43433 -22052
09/07 51067 -29551 -21516
09/07 53068 -46765 -6303
09/07 83933 -54435 -29498
10/07 86864 -66736 -20128
10/07 91358 -60359 -30999
10/07 73528 -49323 -24205
10/07 27836 -21622 -6214
10/07 11572 -1673 -9899
11/07 -21680 29318 -7638
11/07 3678 3888 -7566
11/07 -9981 44306 -34325
11/07 -48608 60714 -12106
12/07 -39081 58058 -18977
12/07 3016 -4575 1559
12/07 31527 -20298 -11229
12/07 23211 -14380 -8831
12/07 42324 -27394 -14930
01/08 39867 -2737 -37130
01/08 16607 11983 -28590
01/08 8362 30310 -38672
01/08 14955 16435 -31390
02/08 43379 -15062 -28317
02/08 22115 19540 -41655
02/08 19353 21229 -40582
02/08 40078 -4709 -35369
03/08 67920 -17333 -50587
03/08 39561 2767 -42328
03/08 54659 -20275 -34384
03/08 26528 27280 -53808
04/08 45556 830 -46386
04/08 39220 1932 -41152
04/08 79775 -26092 -53683
04/08 80373 -19971 -60402
04/08 91323 -29512 -61811
05/08 90822 -27065 -63757
05/08 62693 6614 -69307
05/08 53715 4088 -57803
05/08 99432 -17157 -82275
06/08 104924 -21436 -83488
06/08 146341 -63883 -82458
06/08 159171 -76839 -82332
06/08 146371 -82854 -63517
07/08 116464 -47605 -68859
07/08 83674 -29167 -54507
07/08 86307 -39505 -46802
07/08 102132 -43226 -58906
07/08 120642 -68423 -52219
08/08 98720 -50325 -48395
08/08 100839 -56033 -44806
08/08 109557 -65401 -44156
08/08 91183 -56278 -34905
09/08 82074 -51842 -30232
09/08 92659 -41388 -51271
09/08 115116 -69163 -45953
09/08 126103 -97723 -28380
09/08 135614 -103691 -31923
10/08 158457 -111004 -47453
10/08 161609 -132623 -28986
10/08 142708 -105706 -37002
10/08 142979 -107191 -35788
11/08 147144 -113251 -33893
11/08 153153 -106573 -46580
11/08 142259 -90966 -51293
11/08 155832 -87172 -68660
12/08 148237 -111791 -36446
12/08 132988 -104188 -28800
12/08 163627 -119706 -43921
12/08 151273 -119108 -32165
12/08 146627 -121849 -24778
01/09 118842 -96656 -22186
01/09 113901 -76481 -37420
01/09 133291 -90931 -42360
01/09 116317 -77628 -38689
02/09 132071 -88749 -43322
02/09 133120 -85193 -47927
02/09 129028 -86532 -42496
02/09 136258 -92750 -43508
03/09 149214 -102829 -46385
03/09 151338 -102915 -48423
03/09 144268 -105042 -39226
03/09 110347 -92066 -18281
03/09 100836 -77193 -23643
04/09 118461 -85351 -33110
04/09 97619 -75264 -22355
04/09 105872 -74342 -31530
04/09 104648 -70442 -34206
05/09 109723 -74030 -35693
05/09 130438 -96086 -34352
05/09 146249 -113373 -32876
05/09 146284 -118273 -28011
06/09 120620 -82200 -38420
06/09 98633 -80966 -17667
06/09 106206 -85780 -20426
06/09 104268 -85539 -18729
06/09 111940 -84227 -27713
07/09 91499 -60393 -31106
07/09 91749 -71790 -19959
07/09 96895 -75961 -20934
07/09 110032 -78120 -31912
08/09 106863 -108098 1235
08/09 105647 -114613 8966
08/09 107486 -129933 22447
08/09 100892 -123562 22670
09/09 65700 -66159 459
09/09 62728 -64853 2125
09/09 38327 -52981 14654
09/09 67603 -77481 9878
09/09 61704 -68725 7021
10/09 52573 -61948 9375
10/09 65818 -76287 10469
10/09 83343 -76172 -7171
10/09 108468 -96443 -12025
11/09 114004 -94592 -19412
11/09 138196 -114073 -24123
11/09 119986 -119218 -768
11/09 102886 -106481 3595
12/09 65325 -77494 12169
12/09 73448 -85578 12130
12/09 91258 -100345 9087
12/09 110652 -91641 -19011
12/09 115151 -103690 -11461
03/10 5151 -10440 5289
03/10 -258 -13925 14183
03/10 3763 -11222 7459
03/10 931 -12678 11747
03/10 5605 -17121 11516
04/10 12249 -25849 13600
04/10 12854 -25187 12333
04/10 6607 -23098 16491
04/10 5689 -25230 19541
05/10 6101 -29153 23052
05/10 938 -20573 19635
05/10 5605 -20835 15230
05/10 -8426 -11976 20402
06/10 1269 -13788 12519
06/10 -4999 -12137 17136
06/10 -7105 -12045 19150
06/10 -7852 -11896 19748
06/10 -6073 -15799 21872
07/10 -9152 -11415 20567
07/10 -3885 -17050 20935
07/10 -7370 -15779 23149
07/10 -9872 -14932 24804
08/10 -7712 -17440 25152
08/10 -13877 -9741 23618
08/10 -6283 -8657 14940
08/10 -9113 -2623 11736
08/10 -12432 2026 10406
09/10 -8949 -1439 10388
09/10 -14092 1773 12319
09/10 -25353 12531 12822
09/10 -34424 17204 17220
10/10 -26974 12667 14307
10/10 -22431 11730 10701
10/10 -19290 10376 8914
10/10 -16097 7528 8569
11/10 -14582 -1555 16137
11/10 -7212 -6358 13570
11/10 -6678 -12840 19518
11/10 -5665 -15162 20827
11/10 -1172 -10329 11501
12/10 -7536 -9848 17384
12/10 -3758 -9971 13729
12/10 -5127 -9824 14951
12/10 -10039 -8892 18931
01/10 123354 -101533 -21821
01/10 139429 -101081 -38348
01/10 143302 -106004 -37298
01/10 132494 -94422 -38072
02/10 123498 -99742 -23756
02/10 121990 -107196 -14794
02/10 130732 -107828 -22904
02/10 158206 -101515 -56691
03/10 130925 -101488 -29437
03/10 136553 -106634 -29919
03/10 123195 -110085 -13110
03/10 107301 -97478 -9823
03/10 144136 -117858 -26278
04/10 151936 -114017 -37919
04/10 139186 -115274 -23912
04/10 129217 -105393 -23824
04/10 86954 -85891 -1063
05/10 86300 -82813 -3487
05/10 74114 -99116 25002
05/10 70123 -97477 27354
05/10 77985 -82557 4572
06/10 31002 -60868 29866
06/10 41764 -65070 23306
06/10 24192 -49015 24823
06/10 22503 -47018 24515
06/10 44176 -56884 12708
07/10 33726 -55515 21789
07/10 15149 -39362 24213
07/10 31690 -47709 16019
07/10 24561 -50523 25962
08/10 5483 -41723 36240
08/10 -32155 -8526 40681
08/10 -31611 -11599 43210
08/10 -22011 -5771 27782
08/10 -7275 -14308 21583
09/10 -10946 -9008 19954
09/10 -26134 -416 26550
09/10 -43324 6655 36669
09/10 -28755 -1435 30190
10/10 -16717 -13002 29719
10/10 -22570 -7202 29772
10/10 -20126 1873 18253
10/10 14981 -23185 8204
11/10 8080 -18057 9977
11/10 6873 -3012 -3861
11/10 -12335 14712 -2377
11/10 22188 -12697 -9491
11/10 16188 -12071 -4117
12/10 5302 19508 -24810
12/10 13333 6457 -19790
12/10 56294 -26518 -29776
12/10 43365 -26999 -16366
01/11 -7307 -7100 14407
01/11 -5265 -8744 14009
01/11 -4983 -14164 19147
01/11 -1974 -13236 15210
02/11 1940 -16098 14158
02/11 -2405 -15755 18160
02/11 -677 -17480 18157
02/11 4190 -19952 15762
03/11 8018 -18125 10107
03/11 4112 -16617 12505
03/11 -5495 -19980 25475
03/11 -8120 -15154 23274
03/11 -6741 -13180 19921
04/11 -6736 -17626 24362
04/11 -13073 -13237 26310
04/11 -2138 -17077 19215
04/11 -8896 -14394 23290
05/11 -9908 -6603 16511
05/11 -6032 -7264 13296
05/11 -3167 -17740 20907
05/11 -22675 -9998 32673
05/11 -12641 -6014 18655
06/11 -9012 -6046 15058
06/11 -9907 -11674 21581
06/11 -5900 -10529 16429
06/11 -11792 -8818 20610
07/11 -12326 -3542 15868
07/11 -6098 -7000 13098
07/11 -13839 -8235 22074
07/11 -7464 -8080 15544
08/11 -10935 -4970 15905
08/11 -14902 -7580 22482
08/11 -25514 -5690 31204
08/11 -26792 -5516 32308
08/11 -37447 4169 33278
09/11 -36794 10383 26411
09/11 -31407 9412 21995
09/11 -29600 6256 23344
09/11 -33007 11137 21870
10/11 -37377 18717 18660
10/11 -41044 23917 17127
10/11 -45158 26327 18831
10/11 -46209 22928 23281
11/11 -42392 23288 19104
11/11 -46027 23948 22079
11/11 -53971 25784 28187
11/11 -47192 24913 22279
11/11 -45645 22409 23236
12/11 -37837 15061 22776
12/11 -41213 21892 19321
12/11 -44944 24204 20740
12/11 -45570 23564 22006
01/11 36969 -5672 -31297
01/11 42216 -18416 -23800
01/11 35170 -11025 -24145
01/11 19198 -9798 -9400
02/11 38261 -18441 -19820
02/11 49027 -23153 -25874
02/11 72278 -38927 -33351
02/11 55190 -47928 -7262
03/11 50037 -32238 -17799
03/11 47252 -23446 -23806
03/11 45524 -33088 -12436
03/11 31727 -17323 -14404
03/11 43968 -19184 -24784
04/11 80224 -46663 -33561
04/11 88803 -73911 -14892
04/11 68062 -44545 -23517
04/11 38506 -36546 -1960
05/11 15343 -22556 7213
05/11 -2658 -12398 15056
05/11 -6810 -13892 20702
05/11 11415 -33423 22008
05/11 10601 -36001 25400
06/11 6676 -33144 26468
06/11 47879 -60452 12573
06/11 32930 -64858 31928
06/11 49545 -64422 14877
07/11 77935 -81906 3971
07/11 86206 -85451 -755
07/11 50029 -67150 17121
07/11 40433 -72348 31915
08/11 37429 -60402 22973
08/11 49460 -57583 8123
08/11 14160 -43201 29041
08/11 27621 -45799 18178
08/11 14158 -31040 16882
09/11 21470 -41422 19952
09/11 15417 -37417 22000
09/11 1220 -24835 23615
09/11 17552 -23357 5805
10/11 27621 -25967 -1654
10/11 20198 -23725 3527
10/11 2971 -8284 5313
10/11 -20389 1096 19293
11/11 13664 -29276 15612
11/11 17998 -34089 16091
11/11 14499 -34089 19590
11/11 12885 -37657 24772
11/11 15730 -32124 16394
12/11 24544 -30111 5567
12/11 18197 -26970 8773
12/11 15703 -33275 17572
12/11 17155 -32472 15317
01/12 -45121 27120 18001
01/12 -36410 25551 10859
01/12 -40807 25310 15497
01/12 -37523 24752 12771
01/12 -24815 14489 10326
02/12 -17832 10721 7111
02/12 -20002 14351 5651
02/12 -22496 15356 7140
02/12 -24723 10264 14459
03/12 -17430 12749 4681
03/12 -18182 10969 7213
03/12 -23139 16255 6884
03/12 -26651 15114 11537
04/12 -20178 11845 8333
04/12 -13317 9082 4235
04/12 -19251 16454 2797
04/12 -24350 19845 4505
05/12 -27693 21606 6087
05/12 -25622 17356 8266
05/12 -26109 17036 9073
05/12 -26198 17954 8244
05/12 -35100 21930 13170
06/12 -38389 28763 9626
06/12 -44538 27179 17359
06/12 -33031 23521 9510
06/12 -38958 21720 17238
07/12 -41985 24558 17427
07/12 -43286 26121 17165
07/12 -36420 20186 16234
07/12 -42098 21371 20727
07/12 -34424 26452 7972
08/12 -27011 21564 5447
08/12 -32949 19702 13247
08/12 -32816 20710 12106
08/12 -27749 18305 9444
09/12 -18952 10560 8392
09/12 -14621 5381 9240
09/12 -14926 7523 7403
09/12 -15169 11074 4095
10/12 -19646 12381 7265
10/12 -22172 6880 15292
10/12 -22961 6023 16938
10/12 -19485 6456 13029
10/12 -8210 -8061 16271
11/12 2964 -19802 16838
11/12 12611 -28160 15549
11/12 14448 -28228 13780
11/12 10866 -31217 20351
12/12 13294 -29281 15987
12/12 14595 -24283 9688
12/12 24110 -28747 4637
12/12 14353 -24871 10518
12/12 10532 -22942 12410
01/12 16444 -33547 17103
01/12 19453 -39750 20297
01/12 -7958 -17352 25310
01/12 37189 -41581 4392
01/12 16517 -17181 664
02/12 18104 -11817 -6287
02/12 18505 -14770 -3735
02/12 32055 -17905 -14150
02/12 9100 -17605 8505
03/12 15280 -9064 -6216
03/12 44071 -29079 -14992
03/12 66071 -54224 -11847
03/12 58017 -39626 -18391
04/12 28161 -21752 -6409
04/12 6653 -17440 10787
04/12 -5489 -3671 9160
04/12 4435 -5287 852
05/12 10394 -14976 4582
05/12 -27711 12442 15269
05/12 -24025 7992 16033
05/12 -70154 48844 21310
05/12 -85598 51006 34592
06/12 -59401 40956 18445
06/12 -74044 52876 21168
06/12 -69181 44410 24771
06/12 -74395 40776 33619
07/12 -76195 39927 36268
07/12 -84711 40557 44154
07/12 -68276 28944 39332
07/12 -60621 30487 30134
07/12 -57070 29707 27363
08/12 -55171 26931 28240
08/12 -47538 20808 26730
08/12 -36184 20657 15527
08/12 -10939 -4129 15068
09/12 -26597 14631 11966
09/12 -39441 20088 19353
09/12 7413 -72 -7341
09/12 20170 -16874 -3296
10/12 -112 -6620 6732
10/12 -4033 -828 4861
10/12 -3189 3219 -30
10/12 21020 -23835 2815
10/12 11881 -15320 3439
11/12 26381 -22654 -3727
11/12 -23128 16912 6216
11/12 -38337 29771 8566
11/12 -38379 25824 12555
12/12 -58774 57904 870
12/12 -38614 32430 6184
12/12 -2028 12165 -10137
12/12 16401 4705 -21106
12/12 13731 435 -14166
01/13 12298 -24671 12373
01/13 14095 -24808 10713
01/13 13989 -26934 12945
01/13 23295 -25722 2427
02/13 20531 -29534 9003
02/13 20407 -25703 5296
02/13 18299 -25989 7690
02/13 24097 -26461 2364
03/13 22379 -25371 2992
03/13 16694 -25807 9113
03/13 11837 -28068 16231
03/13 14586 -25466 10880
04/13 9778 -22569 12791
04/13 -302 -14879 15181
04/13 -5193 -17285 22478
04/13 -4889 -17335 22224
04/13 -7914 -13216 21130
05/13 -5508 -17035 22543
05/13 4272 -23583 19311
05/13 9303 -26107 16804
05/13 29716 -31471 1755
06/13 21669 -30584 8915
06/13 13802 -25745 11943
06/13 17629 -27995 10366
06/13 9076 -12951 3875
07/13 17057 -12278 -4779
07/13 12653 -11381 -1272
07/13 15292 -12946 -2346
07/13 23029 -15407 -7622
07/13 17833 -13551 -4282
08/13 19270 -10747 -8523
08/13 -1835 5026 -3191
08/13 -6347 6822 -475
08/13 1929 -1194 -735
09/13 7777 -2175 -5602
09/13 11142 -7261 -3881
09/13 2861 -6115 3254
09/13 -6263 -1232 7495
10/13 -7196 2399 4797
10/13 -6070 1942 4128
10/13 -10651 4469 6182
10/13 -8413 8279 134
10/13 -10678 7967 2711
11/13 -2205 9227 -7022
11/13 23071 -3108 -19963
11/13 13799 1421 -15220
11/13 19942 -6211 -13731
12/13 13483 -6643 -6840
12/13 22168 -8381 -13787
12/13 25989 -13170 -12819
12/13 25688 -15997 -9691
12/13 32511 -15613 -16898
01/13 24030 -7449 -16581
01/13 27273 -5373 -21900
01/13 27761 -4121 -23640
01/13 49524 -21115 -28409
02/13 73260 -28905 -44355
02/13 70632 -23679 -46953
02/13 63087 -17695 -45392
02/13 33432 -17668 -15764
03/13 26747 -2952 -23795
03/13 56584 -9402 -47182
03/13 54821 -20622 -34199
03/13 41456 -11238 -30218
04/13 18313 -8416 -9897
04/13 8011 -12091 4080
04/13 5443 -8968 3525
04/13 -9152 1337 7815
04/13 -33381 29053 4328
05/13 -5724 7489 -1765
05/13 9805 14638 -24443
05/13 32606 -9583 -23023
05/13 38415 -27251 -11164
06/13 38661 2369 -41030
06/13 72291 -17718 -54573
06/13 60269 -276 -59993
06/13 61029 -29604 -31425
07/13 55964 -20309 -35655
07/13 45058 -5569 -39489
07/13 55347 -8190 -47157
07/13 60395 -14949 -45446
07/13 54028 -11782 -42246
08/13 59212 -5767 -53445
08/13 60587 -1788 -58799
08/13 53875 15934 -69809
08/13 57636 -2485 -55151
09/13 64974 -8963 -56011
09/13 38381 17063 -55444
09/13 7896 37195 -45091
09/13 29381 6700 -36081
10/13 36941 10106 -47047
10/13 47282 -1345 -45937
10/13 32923 11429 -44352
10/13 28068 -10727 -17341
10/13 3039 14027 -17066
11/13 6213 24466 -30679
11/13 38708 7420 -46128
11/13 49027 -308 -48719
11/13 58771 8937 -67708
12/13 46983 21650 -68633
12/13 66958 549 -67507
12/13 40678 9164 -49842
12/13 34196 17640 -51836
12/13 23226 39213 -62439
01/14 38101 -20698 -17403
01/14 31314 -17276 -14038
01/14 26636 -15217 -11419
01/14 17460 -10001 -7459
02/14 26145 -10827 -15318
02/14 24518 -13065 -11453
02/14 28814 -14396 -14418
02/14 27997 -12999 -14998
03/14 11019 -4042 -6977
03/14 16222 -3872 -12350
03/14 12035 -6303 -5732
03/14 6039 -12339 6300
04/14 -3959 -5366 9325
04/14 8284 -9025 741
04/14 -4819 96 4723
04/14 -9370 -3392 12762
04/14 -12124 3353 8771
05/14 -13875 8238 5637
05/14 -17213 5044 12169
05/14 -21339 4020 17319
05/14 -10762 10178 584
06/14 -22277 16588 5689
06/14 -11316 7080 4236
06/14 -21277 13245 8032
06/14 -22781 11518 11263
07/14 -28489 19419 9070
07/14 -26291 16909 9382
07/14 -28687 15880 12807
07/14 -31570 18572 12998
07/14 -24092 13651 10441
08/14 -20238 18862 1376
08/14 -19033 20236 -1203
08/14 -30737 18598 12139
08/14 -35648 19345 16303
09/14 -21955 15569 6386
09/14 -28369 20050 8319
09/14 -29845 19456 10389
09/14 -28677 20549 8128
09/14 -36613 24681 11932
10/14 -46362 27571 18791
10/14 -44845 25626 19219
10/14 -34851 21696 13155
10/14 -35386 16886 18500
11/14 -37315 19130 18185
11/14 -38320 21806 16514
11/14 -48815 25096 23719
11/14 -49698 13820 35878
12/14 -39065 13201 25864
12/14 -39518 8888 30630
12/14 -23838 3224 20614
12/14 -23720 -983 24703
12/14 -24061 -3185 27246
01/14 1227 45325 -46552
01/14 -27939 58910 -30971
01/14 -26704 57059 -30355
01/14 -45700 68533 -22833
02/14 -29306 44959 -15653
02/14 -24919 46114 -21195
02/14 -33703 49078 -15375
02/14 -17929 47283 -29354
03/14 7955 16858 -24813
03/14 4177 16131 -20308
03/14 -17657 28947 -11290
03/14 -3075 10550 -7475
04/14 1500 3758 -5258
04/14 -20886 12787 8099
04/14 -21573 23602 -2029
04/14 -8161 16385 -8224
04/14 -22546 32209 -9663
05/14 -22892 35677 -12785
05/14 -58273 62677 -4404
05/14 -44637 54751 -10114
05/14 -23124 48990 -25866
06/14 -23591 23817 -226
06/14 -1929 5897 -3968
06/14 -1441 5560 -4119
06/14 -2884 9822 -6938
07/14 -2347 17737 -15390
07/14 19704 -4357 -15347
07/14 -20119 25732 -5613
07/14 -14610 14246 364
07/14 -14893 10187 4706
08/14 2307 3953 -6260
08/14 -10113 17208 -7095
08/14 -8462 26446 -17984
08/14 -10918 32015 -21097
09/14 -3841 12797 -8956
09/14 -11825 16615 -4790
09/14 -9692 24958 -15266
09/14 -5336 13355 -8019
09/14 -2242 12586 -10344
10/14 -15278 19737 -4459
10/14 -5053 6822 -1769
10/14 -15605 14314 1291
10/14 1411 -29 -1382
11/14 5531 1193 -6724
11/14 9753 -10852 1099
11/14 -17800 15017 2783
11/14 -46141 36866 9275
12/14 -30391 24136 6255
12/14 -19314 18916 398
12/14 13720 -23951 10231
12/14 26118 -31952 5834
12/14 16459 -30321 13862
01/15 -21186 -9848 31034
01/15 -5430 -21582 27012
01/15 -11976 -14687 26663
01/15 -9407 -14977 24384
02/15 4468 -29428 24960
02/15 1580 -32848 31268
02/15 -2351 -30612 32963
02/15 9320 -42170 32850
03/15 13340 -35412 22072
03/15 16327 -39615 23288
03/15 7917 -41992 34075
03/15 13414 -48812 35398
03/15 12502 -47202 34700
04/15 4004 -32290 28286
04/15 5134 -35352 30218
04/15 11787 -36647 24860
04/15 15066 -37532 22466
05/15 13373 -32819 19446
05/15 22018 -33035 11017
05/15 33878 -36875 2997
05/15 28921 -47959 19038
06/15 29602 -39561 9959
06/15 13559 -32392 18833
06/15 8513 -26034 17521
06/15 11066 -24759 13693
06/15 31428 -40620 9192
07/15 27930 -39047 11117
07/15 31733 -43961 12228
07/15 29483 -45663 16180
07/15 31114 -46549 15435
08/15 33289 -49769 16480
08/15 8043 -35356 27313
08/15 10530 -39294 28764
08/15 17597 -44618 27021
09/15 29024 -43000 13976
09/15 35547 -50988 15441
09/15 33622 -53343 19721
09/15 36810 -56533 19723
09/15 40787 -67842 27055
10/15 61794 -85257 23463
10/15 60857 -91065 30208
10/15 57178 -87526 30348
10/15 44851 -77500 32649
11/15 56492 -79832 23340
11/15 62226 -83428 21202
11/15 61223 -90250 29027
11/15 50253 -84226 33973
12/15 51101 -74292 23191
12/15 59949 -82184 22235
12/15 46045 -78330 32285
12/15 48033 -87153 39120
12/15 62082 -94080 31998
01/15 20970 -35365 14395
01/15 7005 -19331 12326
01/15 1912 -5432 3520
01/15 -832 -10105 10937
02/15 11177 -15337 4160
02/15 9922 -18626 8704
02/15 -10149 8490 1659
02/15 -3650 8695 -5045
03/15 5664 -1659 -4005
03/15 4930 6570 -11500
03/15 -22994 29010 -6016
03/15 -19802 12372 7430
03/15 -25558 17242 8316
04/15 -25291 13760 11531
04/15 -43964 26449 17515
04/15 -13982 4774 9208
04/15 -2864 3450 -586
05/15 1872 10973 -12845
05/15 -148 26859 -26711
05/15 -3111 24835 -21724
05/15 757 8469 -9226
06/15 29561 6225 -35786
06/15 11879 23473 -35352
06/15 6247 18124 -24371
06/15 17964 14565 -32529
06/15 31209 -4105 -27104
07/15 21185 10857 -32042
07/15 23548 -4943 -18605
07/15 24037 -5271 -18766
07/15 20658 1158 -21816
08/15 8235 14222 -22457
08/15 12986 11612 -24598
08/15 -1062 11775 -10713
08/15 8492 -7191 -1301
09/15 2848 -6651 3803
09/15 -1260 -8308 9568
09/15 -15174 9489 5685
09/15 -19142 7672 11470
09/15 -4092 -9074 13166
10/15 -2088 -7145 9233
10/15 -4547 6706 -2159
10/15 8511 -3153 -5358
10/15 -1285 -20165 21450
11/15 17591 -21886 4295
11/15 23190 -16684 -6506
11/15 35123 -20752 -14371
11/15 30195 -21936 -8259
12/15 19126 -25530 6404
12/15 28236 -20922 -7314
12/15 4767 -5803 1036
12/15 -344 -7453 7797
12/15 -764 -11 775
01/16 60524 -97768 37244
01/16 58024 -92752 34728
01/16 50056 -90022 39966
01/16 46917 -88403 41486
02/16 30452 -86446 55994
02/16 33276 -84015 50739
02/16 20424 -86762 66338
02/16 14241 -84852 70611
03/16 35904 -92854 56950
03/16 34406 -96335 61929
03/16 39589 -99604 60015
03/16 46387 -102154 55767
03/16 45713 -102138 56425
04/16 46060 -103826 57766
04/16 36952 -101488 64536
04/16 38241 -108717 70476
04/16 49648 -108793 59145
05/16 55074 -111223 56149
05/16 45289 -106537 61248
05/16 38000 -102455 64455
05/16 25009 -90842 65833
05/16 26254 -91222 64968
06/16 27703 -90575 62872
06/16 19606 -86581 66975
06/16 12450 -85627 73177
06/16 24638 -93081 68443
07/16 22006 -78965 56959
07/16 16661 -77561 60900
07/16 18684 -70036 51352
07/16 29661 -78191 48530
08/16 41391 -98828 57437
08/16 45881 -104956 59075
08/16 68915 -116156 47241
08/16 74338 -116721 42383
08/16 75198 -114652 39454
09/16 90748 -122500 31752
09/16 79830 -114599 34769
09/16 73739 -112227 38488
09/16 81473 -116592 35119
10/16 81097 -116611 35514
10/16 80915 -111498 30583
10/16 76071 -107615 31544
10/16 73911 -102092 28181
11/16 77990 -96833 18843
11/16 77023 -105578 28555
11/16 77877 -109281 31404
11/16 58560 -89186 30626
11/16 59662 -77555 17893
12/16 63426 -67167 3741
12/16 64927 -64493 -434
12/16 58545 -66524 7979
12/16 61768 -65297 3529
01/16 -3074 -8187 11261
01/16 -5114 -1794 6908
01/16 -5734 -5790 11524
01/16 -15413 4374 11039
02/16 -19593 11291 8302
02/16 -11419 -1885 13304
02/16 -24328 13486 10842
02/16 -38430 23004 15426
03/16 -32198 24090 8108
03/16 -58590 36851 21739
03/16 -60280 42302 17978
03/16 -64516 50001 14515
03/16 -80743 59904 20839
04/16 -66832 53737 13095
04/16 -65960 55868 10092
04/16 -65606 52975 12631
04/16 -61518 48175 13343
05/16 -58103 45000 13103
05/16 -69968 50731 19237
05/16 -72854 57120 15734
05/16 -84749 72316 12433
05/16 -86547 64302 22245
06/16 -117505 90748 26757
06/16 -109005 77277 31728
06/16 -124426 103471 20955
06/16 -86879 66003 20876
07/16 -103815 90063 13752
07/16 -98813 103854 -5041
07/16 -106655 91797 14858
07/16 -110458 97439 13019
08/16 -69047 70875 -1828
08/16 -69338 58492 10846
08/16 -68262 53953 14309
08/16 -73219 57747 15472
08/16 -41149 28427 12722
09/16 -33972 24134 9838
09/16 -15925 7823 8102
09/16 -20871 -1581 22452
09/16 -12656 -13748 26404
10/16 -30565 10349 20216
10/16 -16930 -985 17915
10/16 -6292 3370 2922
10/16 -5403 4461 942
11/16 22024 -4155 -17869
11/16 16554 -2672 -13882
11/16 27236 -3850 -23386
11/16 35476 234 -35710
11/16 55133 -24315 -30818
12/16 72706 -43591 -29115
12/16 51662 -15534 -36128
12/16 39166 -11323 -27843
12/16 60589 -21510 -39079
01/17 70581 -76999 6418
01/17 68738 -74253 5515
01/17 66378 -73657 7279
01/17 67501 -75780 8279
01/17 69415 -66061 -3354
02/17 68395 -68890 495
02/17 69612 -69355 -257
02/17 62296 -68975 6679
02/17 69171 -67403 -1768
03/17 72883 -64750 -8133
03/17 81308 -77365 -3943
03/17 68001 -74776 6775
03/17 74092 -84745 10653
04/17 66125 -80675 14550
04/17 69381 -84469 15088
04/17 63242 -79054 15812
04/17 54005 -74285 20280
05/17 73377 -88762 15385
05/17 96649 -107664 11015
05/17 91255 -106360 15105
05/17 73443 -108662 35219
05/17 84412 -112439 28027
06/17 67866 -99049 31183
06/17 65352 -97955 32603
06/17 66813 -103545 36732
06/17 43228 -74956 31728
07/17 40607 -64185 23578
07/17 42318 -55940 13622
07/17 42321 -63676 21355
07/17 46751 -58234 11483
08/17 35280 -54529 19249
08/17 54933 -66822 11889
08/17 52922 -69223 16301
08/17 46913 -79196 32283
08/17 67896 -89174 21278
09/17 67244 -98446 31202
09/17 60909 -88060 27151
09/17 67553 -87839 20286
09/17 74229 -98728 24499
10/17 71675 -83838 12163
10/17 82414 -92429 10015
10/17 72563 -92177 19614
10/17 86735 -100611 13876
10/17 98930 -104107 5177
11/17 87435 -110875 23440
11/17 80563 -102330 21767
11/17 75273 -101680 26407
11/17 51053 -96953 45900
12/17 66028 -101592 35564
12/17 60484 -106526 46042
12/17 74882 -106373 31491
12/17 78062 -111310 33248
01/17 69794 -32159 -37635
01/17 89656 -43764 -45892
01/17 66108 -22735 -43373
01/17 71362 -33718 -37644
01/17 80845 -36322 -44523
02/17 76916 -36949 -39967
02/17 81580 -26245 -55335
02/17 54594 -23724 -30870
02/17 48904 -21864 -27040
03/17 72235 -42826 -29409
03/17 99537 -62248 -37289
03/17 86069 -54012 -32057
03/17 50330 -20405 -29925
04/17 43529 -23058 -20471
04/17 47178 -12899 -34279
04/17 18294 -2366 -15928
04/17 -7773 20617 -12844
05/17 10378 9184 -19562
05/17 9277 5178 -14455
05/17 19757 -6848 -12909
05/17 -32725 47292 -14567
05/17 -25374 21020 4354
06/17 -22407 22910 -503
06/17 -69888 58809 11079
06/17 -85475 61631 23844
06/17 -72662 54582 18080
07/17 -63797 67021 -3224
07/17 -34353 50432 -16079
07/17 -28319 51450 -23131
07/17 -43474 56368 -12894
08/17 -32317 48810 -16493
08/17 -53029 76617 -23588
08/17 -69815 73549 -3734
08/17 -80140 76691 3449
08/17 -58301 56504 1797
09/17 -46330 52281 -5951
09/17 -61245 50496 10749
09/17 -61411 58123 3288
09/17 -53148 52910 238
10/17 -2405 14771 -12366
10/17 -14730 27573 -12843
10/17 -40188 50975 -10787
10/17 -13694 38698 -25004
10/17 4495 12673 -17168
11/17 -31516 39365 -7849
11/17 -31358 45151 -13793
11/17 -66574 59705 6869
11/17 -71202 63968 7234
12/17 -76297 74542 1755
12/17 -96674 100910 -4236
12/17 -90448 104347 -13899
12/17 -71535 84751 -13216
01/18 81398 -106207 24809
01/18 81178 -106787 25609
01/18 98969 -123915 24946
01/18 108536 -139247 30711
01/18 121375 -138051 16676
02/18 135638 -145544 9906
02/18 159976 -164519 4543
02/18 157743 -161038 3295
02/18 126357 -158552 32195
03/18 146631 -170410 23779
03/18 132490 -148420 15930
03/18 145715 -147388 1673
03/18 139035 -152612 13577
04/18 136467 -149956 13489
04/18 141164 -153666 12502
04/18 131324 -156681 25357
04/18 147931 -159975 12044
05/18 158740 -171600 12860
05/18 159687 -177437 17750
05/18 178333 -187904 9571
05/18 197442 -194423 -3019
05/18 172350 -189766 17416
06/18 162852 -184425 21573
06/18 164585 -192631 28046
06/18 163244 -189281 26037
06/18 154320 -185717 31397
07/18 158627 -194199 35572
07/18 149882 -190794 40912
07/18 157717 -209909 52192
07/18 174328 -212674 38346
07/18 183830 -222536 38706
08/18 186204 -220107 33903
08/18 199594 -240483 40889
08/18 183193 -224395 41202
08/18 153224 -211531 58307
09/18 179015 -221816 42801
09/18 186673 -223679 37006
09/18 199061 -229975 30914
09/18 204489 -234334 29845
10/18 220526 -240737 20211
10/18 216990 -226155 9165
10/18 233187 -244975 11788
10/18 218870 -239485 20615
10/18 226645 -250125 23480
11/18 232224 -259949 27725
11/18 242087 -280858 38771
11/18 240758 -274782 34024
11/18 242382 -280779 38397
12/18 254484 -294701 40217
12/18 235218 -283133 47915
12/18 228132 -275376 47244
12/18 219888 -270871 50983
12/18 196832 -260371 63539
01/18 -84194 83760 434
01/18 -58219 66737 -8518
01/18 -54654 67101 -12447
01/18 -32194 55731 -23537
01/18 -48296 53399 -5103
02/18 14299 23148 -37447
02/18 57204 3849 -61053
02/18 43420 17391 -60811
02/18 23840 27484 -51324
03/18 38377 14286 -52663
03/18 -14491 83557 -69066
03/18 -2514 52426 -49912
03/18 -1255 44752 -43497
04/18 31928 9677 -41605
04/18 13534 34850 -48384
04/18 -11212 45297 -34085
04/18 31234 18321 -49555
05/18 74237 -6709 -67528
05/18 50050 6235 -56285
05/18 51940 11854 -63794
05/18 76159 -5291 -70868
05/18 85158 -33714 -51444
06/18 53288 -18169 -35119
06/18 46117 4187 -50304
06/18 55856 -8735 -47121
06/18 49390 -9977 -39413
07/18 48544 -15776 -32768
07/18 21526 8375 -29901
07/18 11798 16978 -28776
07/18 34582 2405 -36987
07/18 61599 -20623 -40976
08/18 69313 -31943 -37370
08/18 52708 -26495 -26213
08/18 23533 -8501 -15032
08/18 19428 -5686 -13742
09/18 70824 -40377 -30447
09/18 83628 -47090 -36538
09/18 102647 -66925 -35722
09/18 142667 -102974 -39693
10/18 146105 -119808 -26297
10/18 187940 -138382 -49558
10/18 156249 -103937 -52312
10/18 138021 -87815 -50206
10/18 126960 -82011 -44949
11/18 125520 -71231 -54289
11/18 128305 -73265 -55040
11/18 142537 -84963 -57574
11/18 150789 -92797 -57992
12/18 126005 -72585 -53420
12/18 92696 -62194 -30502
12/18 71353 -52286 -19067
12/18 46844 -25660 -21184
12/18 38845 -26513 -12332
01/19 204617 -262705 58088
01/19 214559 -281932 67373
01/19 244827 -313532 68705
01/19 244242 -312093 67851
02/19 233991 -291770 57779
02/19 245413 -315331 69918
02/19 230533 -309722 79189
02/19 228709 -319137 90428
03/19 237463 -302833 65370
03/19 216671 -281523 64852
03/19 212830 -277042 64212
03/19 237616 -300062 62446
04/19 228632 -300193 71561
04/19 221481 -304433 82952
04/19 236624 -313415 76791
04/19 247731 -322831 75100
04/19 255885 -323880 67995
05/19 245250 -314147 68897
05/19 245439 -333509 88070
05/19 237664 -327346 89682
05/19 243190 -325223 82033
06/19 229925 -319594 89669
06/19 214298 -300126 85828
06/19 217723 -304330 86607
06/19 214333 -302257 87924
07/19 208611 -298174 89563
07/19 213724 -295562 81838
07/19 213648 -294242 80594
07/19 203012 -288972 85960
07/19 198289 -287072 88783
08/19 190502 -280624 90122
08/19 204608 -296930 92322
08/19 215455 -306100 90645
08/19 217744 -303626 85882
09/19 221216 -305602 84386
09/19 208451 -301276 92825
09/19 195949 -293709 97760
09/19 174078 -272541 98463
10/19 190931 -272242 81311
10/19 183927 -278324 94397
10/19 187131 -280908 93777
10/19 174889 -274758 99869
10/19 204090 -283206 79116
11/19 230810 -299828 69018
11/19 262183 -326477 64294
11/19 274688 -340142 65454
11/19 268842 -346996 78154
12/19 296133 -362546 66413
12/19 309962 -384666 74704
12/19 329046 -405043 75997
12/19 339107 -409502 70395
12/19 353219 -420514 67295
01/19 22644 -30652 8008
01/19 21524 -25473 3949
01/19 9417 -21036 11619
01/19 3371 -16830 13459
02/19 43232 -33779 -9453
02/19 31780 -26678 -5102
02/19 1377 1368 -2745
02/19 10792 -34702 23910
03/19 22464 -30237 7773
03/19 -9940 -22600 32540
03/19 4132 -30218 26086
03/19 -9760 -17955 27715
04/19 2465 -18958 16493
04/19 8632 -25332 16700
04/19 3903 -24589 20686
04/19 16762 -40045 23283
04/19 16992 -38071 21079
05/19 12481 -35025 22544
05/19 3593 -45943 42350
05/19 -3623 -44010 47633
05/19 -50221 -9331 59552
06/19 -32456 -9512 41968
06/19 -58100 18189 39911
06/19 -63181 18290 44891
06/19 -54631 16190 38441
07/19 -38701 635 38066
07/19 -30439 -11188 41627
07/19 -15802 -21747 37549
07/19 3847 -41646 37799
07/19 2125 -32525 30400
08/19 22034 -56273 34239
08/19 27117 -67301 40184
08/19 39757 -65076 25319
08/19 24718 -51131 26413
09/19 38270 -67243 28973
09/19 13953 -51743 37790
09/19 11102 -46240 35138
09/19 31141 -58314 27173
10/19 39948 -72037 32089
10/19 32939 -76699 43760
10/19 18480 -56614 38134
10/19 8719 -46269 37550
10/19 -15624 -23123 38747
11/19 31915 -54567 22652
11/19 19865 -45397 25532
11/19 24102 -47732 23630
11/19 38792 -71388 32596
12/19 56274 -90445 34171
12/19 65880 -107054 41174
12/19 51731 -100119 48388
12/19 70124 -110123 39999
12/19 59369 -97086 37717
01/20 368294 -437432 69138
01/20 377105 -444310 67205
01/20 377925 -453959 76034
01/20 375883 -438004 62121
02/20 337041 -420291 83250
02/20 345477 -421597 76120
02/20 345630 -425680 80050
02/20 312197 -389550 77353
03/20 324004 -397153 73149
03/20 249992 -326017 76025
03/20 237089 -289928 52839
03/20 221735 -256662 34927
03/20 236265 -272768 36503
04/20 226320 -265840 39520
04/20 216248 -260022 43774
04/20 219302 -262241 42939
04/20 214477 -253719 39242
05/20 201648 -247497 45849
05/20 188734 -238614 49880
05/20 200391 -243981 43590
05/20 202903 -251955 49052
06/20 223551 -262498 38947
06/20 256232 -290676 34444
06/20 250668 -297433 46765
06/20 247664 -296549 48885
06/20 288900 -349087 60187
07/20 293108 -347324 54216
07/20 295142 -350687 55545
07/20 295710 -347554 51844
07/20 283743 -334667 50924
08/20 288092 -334927 46835
08/20 279476 -320445 40969
08/20 278807 -321330 42523
08/20 241391 -286139 44748
09/20 309763 -321977 12214
09/20 291309 -296861 5552
09/20 277998 -297044 19046
09/20 247593 -282226 34633
09/20 249838 -289171 39333
10/20 245713 -266341 20628
10/20 235186 -262250 27064
10/20 231711 -255746 24035
10/20 223624 -247677 24053
11/20 222523 -241338 18815
11/20 238567 -245810 7243
11/20 220623 -237214 16591
11/20 206345 -236043 29698
12/20 240882 -241635 753
12/20 239892 -240848 956
12/20 240595 -245996 5401
12/20 251834 -249799 -2035
12/20 248482 -249474 992
01/20 47169 -98688 51519
01/20 22219 -57177 34958
01/20 34034 -60412 26378
01/20 12287 -54973 42686
02/20 14302 -63795 49493
02/20 -16084 -34262 50346
02/20 -9490 -50262 59752
02/20 36163 -70673 34510
03/20 10431 -42597 32166
03/20 41790 -62630 20840
03/20 41253 -78073 36820
03/20 50337 -68882 18545
03/20 86855 -105709 18854
04/20 108038 -117493 9455
04/20 93730 -116716 22986
04/20 85065 -112423 27358
04/20 86148 -95565 9417
05/20 100379 -108833 8454
05/20 101503 -118122 16619
05/20 84125 -92857 8732
05/20 57655 -94481 36826
06/20 55122 -74804 19682
06/20 93917 -79556 -14361
06/20 57009 -72255 15246
06/20 56685 -73369 16684
06/20 71350 -108927 37577
07/20 80134 -105124 24990
07/20 73970 -108298 34328
07/20 65141 -95128 29987
07/20 83928 -122337 38409
08/20 106084 -149619 43535
08/20 120551 -152429 31878
08/20 115418 -144715 29297
08/20 124653 -136773 12120
09/20 141576 -164772 23196
09/20 139933 -160377 20444
09/20 124327 -147667 23340
09/20 131281 -157082 25801
09/20 171439 -208763 37324
10/20 231098 -230312 -786
10/20 201874 -221140 19266
10/20 226455 -236636 10181
10/20 242944 -259953 17009
11/20 250696 -256342 5646
11/20 232506 -236627 4121
11/20 233219 -234409 1190
11/20 211145 -201917 -9228
12/20 248203 -235079 -13124
12/20 235743 -230436 -5307
12/20 209892 -216385 6493
12/20 169119 -170362 1243
12/20 176333 -174958 -1375
01/21 249553 -234216 -15337
01/21 238670 -231424 -7246
01/21 228083 -220018 -8065
01/21 215504 -208925 -6579
02/21 226042 -211872 -14170
02/21 231753 -220463 -11290
02/21 237111 -229297 -7814
02/21 228517 -215036 -13481
03/21 272678 -255460 -17218
03/21 260600 -250679 -9921
03/21 260207 -258663 -1544
03/21 278094 -265717 -12377
03/21 275130 -259124 -16006
04/21 285070 -261819 -23251
04/21 287986 -267848 -20138
04/21 287068 -267847 -19221
04/21 272787 -250828 -21959
05/21 279812 -251517 -28295
05/21 263753 -224410 -39343
05/21 272698 -239792 -32906
05/21 287734 -249634 -38100
06/21 295258 -258231 -37027
06/21 270317 -233264 -37053
06/21 254315 -242409 -11906
06/21 232264 -228949 -3315
06/21 219440 -216389 -3051
07/21 237915 -235067 -2848
07/21 226115 -235633 9518
07/21 214235 -226637 12402
07/21 223412 -236239 12827
08/21 231709 -235055 3346
08/21 243227 -247927 4700
08/21 247849 -247347 -502
08/21 240631 -253970 13339
08/21 281684 -282375 691
09/21 280674 -288599 7925
09/21 276818 -301788 24970
09/21 276897 -294765 17868
09/21 294678 -299793 5115
10/21 324157 -313634 -10523
10/21 317409 -313414 -3995
10/21 313784 -311777 -2007
10/21 325324 -331213 5889
11/21 283250 -292611 9361
11/21 291663 -300782 9119
11/21 287988 -298879 10891
11/21 280496 -291720 11224
11/21 296670 -310496 13826
12/21 274032 -290354 16322
12/21 259703 -292473 32770
12/21 265003 -297561 32558
12/21 264412 -300717 36305
01/21 195778 -187553 -8225
01/21 225857 -196445 -29412
01/21 213574 -199023 -14551
01/21 214315 -197451 -16864
02/21 238737 -214369 -24368
02/21 230308 -203153 -27155
02/21 215916 -191002 -24914
02/21 188155 -156309 -31846
03/21 232454 -190334 -42120
03/21 218869 -178806 -40063
03/21 188582 -143237 -45345
03/21 175142 -127751 -47391
03/21 160173 -114439 -45734
04/21 168164 -118494 -49670
04/21 164665 -118009 -46656
04/21 161324 -107584 -53740
04/21 179036 -116617 -62419
05/21 184813 -131786 -53027
05/21 162891 -96625 -66266
05/21 146393 -82980 -63413
05/21 176497 -119353 -57144
06/21 149914 -93767 -56147
06/21 121146 -70588 -50558
06/21 94046 -56687 -37359
06/21 78959 -60354 -18605
06/21 114721 -95979 -18742
07/21 116135 -107911 -8224
07/21 79595 -91910 12315
07/21 90135 -100608 10473
07/21 66824 -82915 16091
08/21 84277 -95235 10958
08/21 86080 -95637 9557
08/21 73365 -80205 6840
08/21 78597 -99332 20735
08/21 106744 -104210 -2534
09/21 86594 -83571 -3023
09/21 46509 -60600 14091
09/21 76453 -88271 11818
09/21 97332 -106940 9608
10/21 109987 -98649 -11338
10/21 86248 -66551 -19697
10/21 83737 -57571 -26166
10/21 87013 -66994 -20019
11/21 48443 -32547 -15896
11/21 10259 -28072 17813
11/21 8293 -16368 8075
11/21 2535 -11025 8490
11/21 29588 -49640 20052
12/21 25038 -46522 21484
12/21 -4833 -37318 42151
12/21 12074 -36084 24010
12/21 -10654 -19955 30609
01/22 268878 -289601 20723
01/22 294877 -309531 14654
01/22 302042 -338350 36308
01/22 312275 -343245 30970
02/22 308562 -333593 25031
01/22 27261 -49550 22289
01/22 69672 -65038 -4634
01/22 60037 -47496 -12541
01/22 74281 -64095 -10186
02/22 57497 -36548 -20949
