12/13 80426 -60619 -19807
12/13 78266 -58377 -19889
12/13 78684 -61992 -16692
01/14 78276 -60369 -17907
01/14 68732 -50158 -18574
01/14 69295 -50976 -18319
01/14 72084 -57742 -14342
02/14 59971 -48953 -11018
02/14 52308 -40483 -11825
02/14 36413 -26974 -9439
02/14 31058 -18690 -12368
03/14 18361 -6987 -11374
03/14 -225 6724 -6499
03/14 -4077 11827 -7750
03/14 -12175 21575 -9400
04/14 -15447 26657 -11210
04/14 -17128 23881 -6753
04/14 -13713 20951 -7238
04/14 -5403 17491 -12088
04/14 -25301 36167 -10866
05/14 -29814 36798 -6984
05/14 -27796 38352 -10556
05/14 -10897 23476 -12579
05/14 -9089 24165 -15076
06/14 1834 14479 -16313
06/14 14266 -729 -13537
06/14 18261 -4786 -13475
06/14 43225 -33536 -9689
07/14 43664 -33418 -10246
07/14 48657 -39650 -9007
07/14 51661 -42704 -8957
07/14 57448 -48393 -9055
07/14 71012 -62690 -8322
08/14 64026 -55690 -8336
08/14 55829 -48326 -7503
08/14 52064 -43103 -8961
08/14 52494 -39252 -13242
09/14 52373 -40771 -11602
09/14 61758 -45397 -16361
09/14 65455 -47946 -17509
09/14 77073 -59649 -17424
09/14 73180 -56180 -17000
10/14 71026 -58555 -12471
10/14 67344 -51973 -15371
10/14 59944 -46741 -13203
10/14 48964 -34919 -14045
11/14 42457 -27506 -14951
11/14 42073 -29247 -12826
11/14 30697 -20362 -10335
11/14 22171 -8373 -13798
12/14 15572 -5138 -10434
12/14 2116 7001 -9117
12/14 -12717 22153 -9436
12/14 -14083 21896 -7813
12/14 -6027 13534 -7507
01/15 -383 6978 -6595
01/15 4089 6434 -10523
01/15 10255 1368 -11623
01/15 12320 -78 -12242
02/15 31369 -19366 -12003
02/15 27505 -17136 -10369
02/15 25203 -18170 -7033
02/15 32457 -23268 -9189
03/15 37204 -29107 -8097
03/15 47342 -36788 -10554
03/15 39151 -32331 -6820
03/15 44864 -39870 -4994
03/15 53766 -48777 -4989
04/15 44577 -43211 -1366
04/15 62506 -58739 -3767
04/15 66269 -59831 -6438
04/15 76686 -69920 -6766
05/15 85056 -77413 -7643
05/15 77020 -72527 -4493
05/15 60153 -52802 -7351
05/15 68630 -62993 -5637
06/15 61987 -57754 -4233
06/15 25744 -21273 -4471
06/15 42484 -37810 -4674
06/15 46547 -43555 -2992
06/15 1299 1907 -3206
07/15 -14593 19678 -5085
07/15 -16062 15727 335
07/15 -14287 13293 994
07/15 -237 4353 -4116
08/15 15193 -9730 -5463
08/15 17459 -11397 -6062
08/15 16755 -7633 -9122
08/15 24419 -14592 -9827
09/15 42756 -37444 -5312
09/15 62065 -55151 -6914
09/15 57348 -51371 -5977
09/15 51568 -45153 -6415
09/15 42004 -37006 -4998
10/15 32788 -25574 -7214
10/15 37716 -31506 -6210
10/15 74188 -66927 -7261
10/15 49311 -44471 -4840
11/15 39974 -31039 -8935
11/15 41959 -33083 -8876
11/15 56290 -46180 -10110
11/15 54254 -47301 -6953
12/15 74464 -67807 -6657
12/15 75148 -68345 -6803
12/15 55136 -48916 -6220
12/15 68913 -62774 -6139
12/15 77962 -75365 -2597
01/16 94404 -88670 -5734
01/16 73093 -66758 -6335
01/16 72159 -67327 -4832
01/16 58155 -55743 -2412
02/16 57350 -56007 -1343
02/16 83091 -81473 -1618
02/16 80792 -78984 -1808
02/16 92481 -93606 1125
03/16 103893 -102349 -1544
03/16 89328 -89747 419
03/16 70452 -70723 271
03/16 83834 -84889 1055
03/16 73931 -77912 3981
04/16 72325 -71518 -807
04/16 100779 -105685 4906
04/16 75431 -82031 6600
04/16 63480 -62183 -1297
05/16 62918 -60812 -2106
05/16 66082 -70500 4418
05/16 60525 -66121 5596
05/16 73853 -78881 5028
05/16 74004 -78594 4590
06/16 40275 -48894 8619
06/16 40842 -44704 3862
06/16 47268 -51206 3938
06/16 65439 -69828 4389
07/16 81805 -83644 1839
07/16 84317 -90634 6317
07/16 85271 -92121 6850
07/16 95671 -103009 7338
08/16 91028 -98776 7748
08/16 78328 -88221 9893
08/16 68343 -74962 6619
08/16 65003 -74184 9181
08/16 86132 -92187 6055
09/16 92870 -100118 7248
09/16 84922 -92573 7651
09/16 87544 -94675 7131
09/16 86323 -93911 7588
10/16 102260 -113320 11060
10/16 81264 -92537 11273
10/16 55826 -63104 7278
10/16 78311 -86712 8401
11/16 65320 -75379 10059
11/16 70427 -78877 8450
11/16 83812 -93262 9450
11/16 64593 -72660 8067
11/16 89993 -91844 1851
12/16 86441 -91362 4921
12/16 65572 -70271 4699
12/16 79299 -83618 4319
12/16 75542 -83796 8254
01/17 62295 -72444 10149
01/17 43397 -47186 3789
01/17 46889 -51709 4820
01/17 54946 -58258 3312
01/17 60500 -64074 3574
02/17 47607 -51899 4292
02/17 21553 -23043 1490
02/17 6291 -8327 2036
02/17 20330 -23516 3186
03/17 25816 -26482 666
03/17 53759 -57742 3983
03/17 68471 -72815 4344
03/17 84424 -88705 4281
04/17 81155 -86931 5776
04/17 82577 -85285 2708
04/17 96882 -102882 6000
04/17 122534 -130036 7502
05/17 78192 -84985 6793
05/17 72432 -76293 3861
05/17 83170 -89400 6230
05/17 69042 -76689 7647
05/17 79756 -83735 3979
06/17 69804 -76590 6786
06/17 58560 -60516 1956
06/17 11743 -11083 -660
06/17 9926 -9179 -747
07/17 -4348 14757 -10409
07/17 -26841 27438 -597
07/17 -25071 22182 2889
07/17 -16519 20766 -4247
08/17 -9525 15513 -5988
08/17 8504 -3953 -4551
08/17 18834 -12828 -6006
08/17 32158 -27600 -4558
08/17 36210 -33233 -2977
09/17 39611 -36031 -3580
09/17 33995 -31142 -2853
09/17 34341 -30379 -3962
09/17 29706 -23377 -6329
10/17 27314 -19142 -8172
10/17 31857 -24055 -7802
10/17 37707 -31614 -6093
10/17 39074 -32903 -6171
10/17 70200 -71243 1043
11/17 81604 -79046 -2558
11/17 69612 -66771 -2841
11/17 69296 -66825 -2471
11/17 83012 -82289 -723
12/17 77044 -74071 -2973
12/17 100376 -99863 -513
12/17 99085 -98684 -401
12/17 96335 -94767 -1568
01/18 84887 -83238 -1649
01/18 80285 -78378 -1907
01/18 96221 -95164 -1057
01/18 97584 -95971 -1613
01/18 49548 -47294 -2254
02/18 48300 -48708 408
02/18 22564 -16435 -6129
02/18 35415 -27458 -7957
02/18 23386 -15940 -7446
03/18 -3869 8807 -4938
03/18 4356 1628 -5984
03/18 12687 -4401 -8286
03/18 26227 -15216 -11011
04/18 24859 -16590 -8269
04/18 5331 5359 -10690
04/18 9959 1911 -11870
04/18 14769 -3591 -11178
05/18 -11643 23316 -11673
05/18 -20089 31503 -11414
05/18 -11528 22644 -11116
05/18 -31619 41849 -10230
05/18 -31875 45129 -13254
06/18 -27977 40196 -12219
06/18 -35949 49716 -13767
06/18 -991 18401 -17410
06/18 2263 15625 -17888
07/18 -12258 30788 -18530
07/18 -12206 31079 -18873
07/18 -22505 38559 -16054
07/18 -33873 49477 -15604
07/18 -59929 75028 -15099
08/18 -77177 86528 -9351
08/18 -76275 82811 -6536
08/18 -74863 79361 -4498
08/18 -56255 63900 -7645
09/18 -50758 60599 -9841
09/18 -35280 45523 -10243
09/18 -27308 36629 -9321
09/18 -25562 36560 -10998
10/18 -27645 35145 -7500
10/18 -24611 32929 -8318
10/18 -26287 32885 -6598
10/18 -14004 20328 -6324
10/18 1393 7769 -9162
11/18 -2264 9859 -7595
11/18 -11563 21381 -9818
11/18 -2111 9839 -7728
11/18 25854 -15569 -10285
12/18 12812 -2092 -10720
12/18 11649 1660 -13309
12/18 -7219 17594 -10375
12/18 1893 10068 -11961
12/18 9118 -1154 -7964
01/19 -1222 11015 -9793
01/19 -5978 17047 -11069
01/19 -9801 19242 -9441
01/19 3123 5763 -8886
02/19 -8958 18441 -9483
02/19 1403 8848 -10251
02/19 29182 -19177 -10005
02/19 51286 -43663 -7623
03/19 54296 -51607 -2689
03/19 43978 -43650 -328
03/19 44531 -42961 -1570
03/19 41628 -36076 -5552
04/19 34752 -27404 -7348
04/19 33805 -26266 -7539
04/19 48611 -41550 -7061
04/19 54727 -47073 -7654
04/19 60765 -55178 -5587
05/19 53593 -48697 -4896
05/19 49499 -43405 -6094
05/19 24926 -16131 -8795
05/19 13659 -5371 -8288
06/19 11983 -3685 -8298
06/19 893 9710 -10603
06/19 -20087 29303 -9216
06/19 -19231 30204 -10973
07/19 -29887 42059 -12172
07/19 -20075 34080 -14005
07/19 -16419 27969 -11550
07/19 -6630 19284 -12654
07/19 -16224 29858 -13634
08/19 -7353 21460 -14107
08/19 -2515 16315 -13800
08/19 7522 7757 -15279
08/19 -1030 16754 -15724
09/19 13839 -64 -13775
09/19 4879 9329 -14208
09/19 996 13003 -13999
09/19 4176 8811 -12987
10/19 9694 3724 -13418
10/19 16026 -3399 -12627
10/19 12423 -505 -11918
10/19 -10126 21831 -11705
10/19 -4239 16857 -12618
11/19 1062 11118 -12180
11/19 2694 11379 -14073
11/19 3578 13379 -16957
11/19 -5996 20438 -14442
12/19 -15782 27740 -11958
12/19 -11656 24237 -12581
12/19 -24652 40119 -15467
12/19 -14529 28076 -13547
12/19 -19206 34051 -14845
01/20 -18707 34326 -15619
01/20 -22481 38205 -15724
01/20 -30023 47725 -17702
01/20 -23938 41141 -17203
02/20 -29494 48368 -18874
02/20 -20494 41239 -20745
02/20 -41954 62203 -20249
02/20 -22963 42867 -19904
03/20 -8114 26739 -18625
03/20 -15100 32035 -16935
03/20 2149 14501 -16650
03/20 -19839 34816 -14977
03/20 -30304 44862 -14558
04/20 -21612 35740 -14128
04/20 -19753 33777 -14024
04/20 -19735 33713 -13978
04/20 -6940 20173 -13233
05/20 3112 10703 -13815
05/20 9356 4786 -14142
05/20 23809 -9922 -13887
05/20 14396 548 -14944
06/20 8018 4557 -12575
06/20 11037 1161 -12198
06/20 14261 1976 -16237
06/20 28073 -14643 -13430
06/20 28361 -14624 -13737
07/20 26227 -14269 -11958
07/20 638 16724 -17362
07/20 1661 18806 -20467
07/20 2530 16658 -19188
08/20 7238 13379 -20617
08/20 17716 3555 -21271
08/20 14063 5075 -19138
08/20 -629 18436 -17807
09/20 -22429 42945 -20516
09/20 -18808 35812 -17004
09/20 -10673 28208 -17535
09/20 -11955 26221 -14266
09/20 -10653 26358 -15705
10/20 -21227 37271 -16044
10/20 -24932 42798 -17866
10/20 -28747 46537 -17790
10/20 -29324 43942 -14618
11/20 -25331 41236 -15905
11/20 -19915 33458 -13543
11/20 -6713 18421 -11708
11/20 -17307 31392 -14085
12/20 4389 11931 -16320
12/20 1351 13766 -15117
12/20 -9230 24812 -15582
12/20 -7234 20406 -13172
12/20 -13191 27453 -14262
01/21 -22266 35347 -13081
01/21 -19076 30824 -11748
01/21 -29157 39047 -9890
01/21 -24514 36181 -11667
02/21 -20558 32825 -12267
02/21 -17912 27772 -9860
02/21 -21048 31822 -10774
02/21 -15455 27398 -11943
03/21 -16808 29931 -13123
03/21 -13162 26086 -12924
03/21 -7681 17056 -9375
03/21 -5180 15256 -10076
03/21 8423 3084 -11507
04/21 828 11204 -12032
04/21 6007 5516 -11523
04/21 -9092 21025 -11933
04/21 -19855 29704 -9849
05/21 -20432 28040 -7608
05/21 -16632 24323 -7691
05/21 -16158 25748 -9590
05/21 -6359 18411 -12052
06/21 -8556 18795 -10239
06/21 -12690 18617 -5927
06/21 -6244 13948 -7704
06/21 -15106 25806 -10700
06/21 -14345 26446 -12101
07/21 -1367 16597 -15230
07/21 5707 9120 -14827
07/21 -12300 26769 -14469
07/21 -16959 30188 -13229
08/21 -28203 40977 -12774
08/21 -31461 43632 -12171
08/21 -36088 46794 -10706
08/21 -25214 35048 -9834
08/21 -12943 22805 -9862
09/21 -7819 17540 -9721
09/21 8069 4574 -12643
09/21 9654 1842 -11496
09/21 11488 -3645 -7843
10/21 3695 7312 -11007
10/21 12969 -4534 -8435
10/21 18180 -8566 -9614
10/21 8753 763 -9516
11/21 -11141 17896 -6755
11/21 -13409 19203 -5794
11/21 -27999 36761 -8762
11/21 -32939 41489 -8550
11/21 -10430 18294 -7864
12/21 -8386 15667 -7281
12/21 -5152 11965 -6813
12/21 -1601 9132 -7531
12/21 1568 5935 -7503
01/22 6236 4080 -10316
01/22 12111 -1466 -10645
01/22 5160 4840 -10000
01/22 -3525 11661 -8136
02/22 5100 350 -5450
02/22 7972 -3578 -4394
02/22 10013 -5846 -4167
02/22 10629 -3902 -6727
03/22 303 6443 -6746
03/22 -5496 12625 -7129
03/22 -5252 10930 -5678
03/22 -7030 9490 -2460
03/22 -9435 13559 -4124
04/22 -15332 19951 -4619
04/22 -21258 23886 -2628
04/22 -20425 23245 -2820
04/22 -17392 21650 -4258
05/22 -14225 20012 -5787
05/22 -17779 21686 -3907
05/22 -26020 28806 -2786
05/22 -24339 26344 -2005
05/22 -18647 22309 -3662
06/22 -19863 23881 -4018
06/22 -18089 20435 -2346
06/22 -15407 19067 -3660
06/22 -1871 7679 -5808
07/22 623 8384 -9007
07/22 5041 4639 -9680
07/22 3173 6522 -9695
07/22 8068 25 -8093
08/22 10888 -725 -10163
08/22 9939 -3426 -6513
08/22 7448 -1908 -5540
08/22 12343 -8256 -4087
08/22 14914 -11499 -3415
09/22 13677 -9759 -3918
09/22 12977 -8128 -4849
09/22 9982 -4029 -5953
09/22 4675 2735 -7410
10/22 1901 5624 -7525
10/22 8705 -1990 -6715
10/22 10534 -3541 -6993
10/22 19896 -12913 -6983
11/22 22493 -15766 -6727
11/22 23686 -17214 -6472
11/22 29310 -22481 -6829
11/22 30582 -27518 -3064
11/22 37024 -33305 -3719
12/22 42820 -39897 -2923
12/22 42894 -39918 -2976
12/22 41099 -36984 -4115
12/22 40655 -36289 -4366
01/23 37636 -32291 -5345
01/23 43529 -39716 -3813
01/23 45261 -42014 -3247
01/23 50423 -48320 -2103
01/23 41564 -40060 -1504
02/23 48915 -46299 -2616
02/23 38087 -34124 -3963
02/23 47552 -47488 -64
02/23 66129 -66762 633
03/23 71083 -73265 2182
03/23 65054 -65314 260
03/23 59325 -59203 -122
03/23 60324 -60545 221
04/23 54864 -60799 5935
04/23 62318 -66682 4364
04/23 65243 -70536 5293
04/23 75369 -83188 7819
05/23 83370 -90203 6833
05/23 80623 -84775 4152
05/23 75798 -81412 5614
05/23 80586 -86319 5733
05/23 88847 -93996 5149
06/23 85364 -90684 5320
06/23 80576 -86827 6251
06/23 63862 -66364 2502
06/23 51292 -47177 -4115
07/23 51053 -45464 -5589
07/23 45506 -40411 -5095
07/23 43035 -38703 -4332
07/23 27401 -20555 -6846
08/23 31880 -26077 -5803
08/23 25578 -22794 -2784
08/23 33913 -31875 -2038
08/23 33778 -34791 1013
08/23 50202 -50257 55
09/23 44160 -46410 2250
09/23 46521 -49619 3098
09/23 50466 -56937 6471
09/23 55001 -60014 5013
10/23 58242 -61347 3105
10/23 63817 -67694 3877
10/23 65541 -69243 3702
10/23 56978 -59947 2969
10/23 68593 -69567 974
11/23 60554 -59611 -943
11/23 58799 -59038 239
11/23 76155 -77531 1376
11/23 98645 -97204 -1441
12/23 72571 -67067 -5504
12/23 48543 -40021 -8522
12/23 43239 -36993 -6246
12/23 38524 -31411 -7113
01/24 40776 -33617 -7159
01/24 42432 -33390 -9042
01/24 54064 -46611 -7453
01/24 49329 -42782 -6547
01/24 43840 -36455 -7385
02/24 43174 -38284 -4890
02/24 33760 -29007 -4753
02/24 49606 -44639 -4967
02/24 40756 -36981 -3775
03/24 47172 -44788 -2384
03/24 55780 -53769 -2011
03/24 57895 -56060 -1835
03/24 61684 -61722 38
04/24 59755 -60257 502
04/24 53124 -52397 -727
04/24 61586 -62897 1311
04/24 45239 -43391 -1848
04/24 32562 -24456 -8106
05/24 27005 -17785 -9220
05/24 14159 -5415 -8744
05/24 19733 -12522 -7211
05/24 21208 -14393 -6815
06/24 25545 -18121 -7424
06/24 28673 -25026 -3647
06/24 32123 -26570 -5553
06/24 46557 -44532 -2025
07/24 43932 -38690 -5242
07/24 39865 -34786 -5079
07/24 42315 -36067 -6248
07/24 40836 -34615 -6221
07/24 48593 -43258 -5335
08/24 46947 -40385 -6562
08/24 43517 -38905 -4612
08/24 31360 -25706 -5654
08/24 35914 -32681 -3233
09/24 33399 -27742 -5657
09/24 24280 -16303 -7977
09/24 20379 -14189 -6190
09/24 17154 -12090 -5064
10/24 11914 -6132 -5782
10/24 19744 -13498 -6246
10/24 18433 -13714 -4719
01/24 40776 -33617 -7159
01/24 42432 -33390 -9042
01/24 54064 -46611 -7453
01/24 49329 -42782 -6547
01/24 43840 -36455 -7385
02/24 43174 -38284 -4890
02/24 33760 -29007 -4753
02/24 49606 -44639 -4967
02/24 40756 -36981 -3775
03/24 47172 -44788 -2384
03/24 55780 -53769 -2011
03/24 57895 -56060 -1835
03/24 61684 -61722 38
04/24 59755 -60257 502
04/24 53124 -52397 -727
04/24 61586 -62897 1311
04/24 45239 -43391 -1848
04/24 32562 -24456 -8106
05/24 27005 -17785 -9220
05/24 14159 -5415 -8744
05/24 19733 -12522 -7211
05/24 21208 -14393 -6815
06/24 25545 -18121 -7424
06/24 28673 -25026 -3647
06/24 32123 -26570 -5553
06/24 46557 -44532 -2025
07/24 43932 -38690 -5242
07/24 39865 -34786 -5079
07/24 42315 -36067 -6248
07/24 40836 -34615 -6221
07/24 48593 -43258 -5335
08/24 46947 -40385 -6562
08/24 43517 -38905 -4612
08/24 31360 -25706 -5654
08/24 35914 -32681 -3233
09/24 33399 -27742 -5657
09/24 24280 -16303 -7977
09/24 20379 -14189 -6190
09/24 17154 -12090 -5064
10/24 11914 -6132 -5782
10/24 19744 -13498 -6246
10/24 18433 -13714 -4719
10/24 22463 -17082 -5381
