02/00 -27451 29606 -2155
02/00 -50103 45518 4585
02/00 -51111 47171 3940
02/00 -45316 44492 824
03/00 -38131 39027 -896
03/00 -27705 29126 -1421
03/00 -18963 25571 -6608
03/00 -22059 19008 3051
04/00 -15021 15239 -218
04/00 6398 422 -6820
04/00 14522 -9328 -5194
04/00 11965 -11115 -850
05/00 -7794 4231 3563
05/00 -30527 21479 9048
05/00 -32879 38088 -5209
05/00 -35273 35504 -231
05/00 -40384 41221 -837
06/00 -29813 30982 -1169
06/00 -32757 29999 2758
06/00 -32589 31274 1315
06/00 -30770 31083 -313
07/00 -25657 29189 -3532
07/00 -14852 22540 -7688
07/00 -11328 19472 -8144
07/00 -5661 8697 -3036
08/00 8334 -2556 -5778
08/00 8381 -4346 -4035
08/00 -7572 6801 771
08/00 -11236 11441 -205
08/00 -22882 14917 7965
09/00 -10239 5453 4786
09/00 -2544 -1549 4093
09/00 276 83 -359
09/00 -8488 4334 4154
10/00 9358 -10492 1134
10/00 13898 -12593 -1305
10/00 -9156 -146 9302
10/00 -9122 -3889 13011
10/00 -3736 -893 4629
11/00 -3920 -1784 5704
11/00 -10132 8443 1689
11/00 -24246 13791 10455
11/00 -17535 11869 5666
12/00 -10164 11599 -1435
12/00 17333 -7024 -10309
12/00 10778 -3456 -7322
12/00 10416 -4901 -5515
01/01 17055 -11528 -5527
01/01 17738 -10614 -7124
01/01 20927 -17692 -3235
01/01 11314 -12844 1530
01/01 14869 -17044 2175
02/01 20164 -24932 4768
02/01 2444 -8222 5778
02/01 17933 -18142 209
02/01 35353 -24379 -10974
03/01 35215 -23656 -11559
03/01 22338 -17794 -4544
03/01 37710 -30311 -7399
03/01 30077 -23185 -6892
04/01 48256 -39377 -8879
04/01 17045 -13643 -3402
04/01 -3933 3489 444
04/01 -1865 3263 -1398
05/01 -11877 6059 5818
05/01 -1310 -455 1765
05/01 -4881 5994 -1113
05/01 -19923 18512 1411
05/01 996 2077 -3073
06/01 17669 -8878 -8791
06/01 11038 -2934 -8104
06/01 28781 -17040 -11741
06/01 61896 -38943 -22953
07/01 68838 -48541 -20297
07/01 68289 -53486 -14803
07/01 66725 -46038 -20687
07/01 70082 -49758 -20324
07/01 69972 -50363 -19609
08/01 48097 -30121 -17976
08/01 39344 -29271 -10073
08/01 47743 -31176 -16567
08/01 37782 -24832 -12950
09/01 36833 -28478 -8355
09/01 -10209 4189 6020
09/01 28210 -18996 -9214
10/01 56856 -44689 -12167
10/01 58252 -45594 -12658
10/01 59174 -48728 -10446
10/01 49783 -37364 -12419
10/01 54124 -44676 -9448
11/01 71900 -64315 -7585
11/01 66343 -62343 -4000
11/01 61069 -49691 -11378
11/01 55531 -46160 -9371
12/01 66074 -57454 -8620
12/01 77661 -69279 -8382
12/01 79998 -71928 -8070
12/01 78280 -71731 -6549
12/01 65249 -63489 -1760
01/02 42667 -44373 1706
01/02 52627 -47867 -4760
01/02 47521 -41188 -6333
01/02 56079 -46164 -9915
02/02 49946 -42008 -7938
02/02 24521 -20944 -3577
02/02 7646 -3044 -4602
02/02 9498 -2304 -7194
03/02 -18268 17342 926
03/02 -35245 22972 12273
03/02 -65232 52224 13008
03/02 -73121 59025 14096
04/02 -78990 59955 19035
04/02 -63731 51427 12304
04/02 -51547 45978 5569
04/02 -42800 36155 6645
04/02 -38702 31750 6952
05/02 -30991 27780 3211
05/02 -47060 41796 5264
05/02 -27597 19845 7752
05/02 -24918 18185 6733
06/02 -16678 12742 3936
06/02 1518 214 -1732
06/02 -10182 7299 2883
06/02 -25347 18889 6458
07/02 -33411 22141 11270
07/02 -29244 24177 5067
07/02 -49991 35072 14919
07/02 -28968 22469 6499
07/02 -35865 25591 10274
08/02 -17706 10990 6716
08/02 -16746 7065 9681
08/02 -26362 10225 16137
08/02 -51198 25904 25294
09/02 -43864 23037 20827
09/02 -53643 27841 25802
09/02 -52672 33628 19044
09/02 -63838 35746 28092
10/02 -76353 43727 32626
10/02 -51378 25360 26018
10/02 -44617 18246 26371
10/02 -12793 -736 13529
10/02 15073 -19918 4845
11/02 19326 -18654 -672
11/02 24341 -22542 -1799
11/02 22587 -22091 -496
11/02 10409 -13716 3307
12/02 1487 -13565 12078
12/02 -10360 -5130 15490
12/02 -36296 12235 24061
12/02 -60245 27994 32251
12/02 -48984 17794 31190
01/03 -21754 -5033 26787
01/03 -36255 11628 24627
01/03 -42659 13724 28935
01/03 -34986 2054 32932
02/03 -22842 4153 18689
02/03 -13624 -2533 16157
02/03 -5779 -7816 13595
02/03 -9443 -2297 11740
03/03 828 -16092 15264
03/03 25704 -42343 16639
03/03 22084 -32718 10634
03/03 45202 -45542 340
04/03 59359 -57057 -2302
04/03 60106 -50245 -9861
04/03 60140 -48920 -11220
04/03 43511 -35194 -8317
04/03 58729 -38781 -19948
05/03 65117 -45183 -19934
05/03 39373 -25412 -13961
05/03 32280 -18311 -13969
05/03 31952 -16343 -15609
06/03 7756 2056 -9812
06/03 -4288 16921 -12633
06/03 -2609 6077 -3468
06/03 -3541 17960 -14419
07/03 -19207 27283 -8076
07/03 -21336 30475 -9139
07/03 -25673 37874 -12201
07/03 -8811 23372 -14561
07/03 -20946 35106 -14160
08/03 -46844 60025 -13181
08/03 -38642 50611 -11969
08/03 -15150 28418 -13268
08/03 -38168 42008 -3840
09/03 -3310 17490 -14180
09/03 18342 869 -19211
09/03 59895 -30187 -29708
09/03 79350 -50995 -28355
09/03 56184 -38786 -17398
10/03 26484 -19150 -7334
10/03 -19339 19442 -103
10/03 -21151 21027 124
10/03 -20322 27900 -7578
11/03 18103 -2988 -15115
11/03 -10680 16570 -5890
11/03 -54639 56469 -1830
11/03 -30892 31737 -845
12/03 -36780 32451 4329
12/03 -39004 33221 5783
12/03 -57570 56437 1133
12/03 -53154 47942 5212
12/03 -56364 50587 5777
01/04 -71559 61356 10203
01/04 -71596 59388 12208
01/04 -64721 51516 13205
01/04 -61228 51042 10186
02/04 -62369 53508 8861
02/04 -55861 46979 8882
02/04 -74500 67673 6827
02/04 -92487 76444 16043
03/04 -95211 82451 12760
03/04 -86388 75749 10639
03/04 -87255 68789 18466
03/04 -96490 80040 16450
03/04 -70781 59448 11333
04/04 -31933 24242 7691
04/04 -56902 47726 9176
04/04 -67642 57191 10451
04/04 -72730 59542 13188
05/04 -73299 65548 7751
05/04 -76905 66434 10471
05/04 -64687 65837 -1150
05/04 -78305 77375 930
06/04 -59176 65287 -6111
06/04 -38041 35871 2170
06/04 -22064 26762 -4698
06/04 -22196 26854 -4658
06/04 -8213 14646 -6433
07/04 -16373 25056 -8683
07/04 -21704 31146 -9442
07/04 -29272 36142 -6870
07/04 -27387 33701 -6314
08/04 -30026 40299 -10273
08/04 -21811 36303 -14492
08/04 -29381 47949 -18568
08/04 -25415 31434 -6019
08/04 -25359 27962 -2603
09/04 -14965 21210 -6245
09/04 -7992 13198 -5206
09/04 -14589 26742 -12153
09/04 -10994 33262 -22268
10/04 -21334 37179 -15845
10/04 -4963 24765 -19802
10/04 944 22344 -23288
10/04 -4122 20963 -16841
11/04 10251 5236 -15487
11/04 7963 3686 -11649
11/04 9252 662 -9914
11/04 6366 5753 -12119
11/04 12680 5815 -18495
12/04 29556 -17440 -12116
12/04 25390 -9072 -16318
12/04 13395 1638 -15033
12/04 13779 5019 -18798
01/05 13600 7547 -21147
01/05 10057 8614 -18671
01/05 4153 15925 -20078
01/05 -18689 33850 -15161
02/05 -15321 30952 -15631
02/05 -8768 27557 -18789
02/05 -12398 31628 -19230
02/05 -39850 54176 -14326
03/05 -50593 60173 -9580
03/05 -70443 76663 -6220
03/05 -53590 67685 -14095
03/05 -49606 69509 -19903
03/05 -53597 73792 -20195
04/05 -77766 88712 -10946
04/05 -54937 59650 -4713
04/05 -22411 32651 -10240
04/05 -11847 26008 -14161
05/05 8970 8403 -17373
05/05 15872 85 -15957
05/05 20733 -2308 -18425
05/05 28829 -14319 -14510
05/05 39100 -17401 -21699
06/05 11286 1375 -12661
06/05 7268 12563 -19831
06/05 -4146 19847 -15701
06/05 -6494 22008 -15514
07/05 -17694 32758 -15064
07/05 -25669 34029 -8360
07/05 -12223 18899 -6676
07/05 -1948 11929 -9981
08/05 -17877 26070 -8193
08/05 -24390 34988 -10598
08/05 -25712 40395 -14683
08/05 -8356 15720 -7364
08/05 -4580 19360 -14780
09/05 -15558 24094 -8536
09/05 7838 -8248 410
09/05 20741 -13103 -7638
09/05 38875 -26329 -12546
10/05 38958 -27251 -11707
10/05 59959 -40570 -19389
10/05 46772 -26118 -20654
10/05 58129 -38084 -20045
11/05 59864 -42040 -17824
11/05 65416 -47816 -17600
11/05 70654 -56168 -14486
11/05 61224 -43064 -18160
11/05 65300 -43773 -21527
12/05 43729 -29527 -14202
12/05 42982 -29941 -13041
12/05 30097 -16991 -13106
12/05 45313 -24254 -21059
03/06 -495 4024 -3529
04/06 -213 3489 -3276
04/06 -1687 4813 -3126
04/06 -389 359 30
05/06 -585 -941 1526
05/06 -244 -4588 4832
05/06 775 -3380 2605
05/06 0 -976 976
06/06 -1032 652 380
06/06 0 -599 599
06/06 -362 2583 -2221
07/06 -728 5701 -4973
07/06 -770 -114 884
07/06 -370 3064 -2694
07/06 0 -2691 2691
08/06 -772 -1284 2056
08/06 -880 784 96
08/06 981 -1550 569
08/06 330 -1653 1323
08/06 -1262 -2486 3748
09/06 62 -2588 2526
09/06 0 -7573 7573
09/06 -323 3297 -2974
09/06 736 -5965 5229
10/06 -2818 -3337 6155
10/06 -2155 -2003 4158
10/06 -1175 -5483 6658
10/06 331 -1738 1407
10/06 -700 -5449 6149
11/06 -1601 -6440 8041
11/06 585 -7974 7389
01/06 28718 -14403 -14315
01/06 3081 -722 -2359
01/06 2487 -1676 -811
01/06 -6685 5541 1144
01/06 -24774 19970 4804
02/06 -5545 -539 6084
02/06 13239 -18501 5262
02/06 33358 -30128 -3230
02/06 34934 -25651 -9283
03/06 24699 -19126 -5573
03/06 19175 -15258 -3917
03/06 22890 -6337 -16553
03/06 2810 7218 -10028
04/06 -11688 30025 -18337
04/06 -23036 28249 -5213
04/06 -59180 66749 -7569
04/06 -65955 74023 -8068
05/06 -88086 94094 -6008
05/06 -82276 86342 -4066
05/06 -73722 78207 -4485
05/06 -43568 54600 -11032
05/06 -42889 48457 -5568
06/06 -37401 43880 -6479
06/06 -24654 37552 -12898
06/06 -13104 26746 -13642
06/06 -24116 36814 -12698
07/06 -33485 45278 -11793
07/06 -46947 57766 -10819
07/06 -56457 56769 -312
07/06 -54289 60285 -5996
08/06 -63593 66095 -2502
08/06 -68427 70530 -2103
08/06 -74841 83794 -8953
08/06 -63991 68915 -4924
08/06 -49513 60861 -11348
09/06 -35493 47317 -11824
09/06 -21826 37020 -15194
09/06 -1917 22498 -20581
09/06 2756 13685 -16441
10/06 13487 131 -13618
10/06 17687 301 -17988
10/06 17043 -2696 -14347
10/06 17157 -5025 -12132
10/06 18354 -11311 -7043
11/06 13233 -4794 -8439
11/06 715 17353 -18068
11/06 -10702 12437 -1735
11/06 -2614 11814 -9200
12/06 1729 19011 -20740
12/06 -6757 12458 -5701
12/06 -1662 18847 -17185
12/06 -3755 19848 -16093
01/07 1085 -12377 11292
01/07 9765 2194 -11959
01/07 24626 -22358 -2268
01/07 2310 -2032 -278
01/07 9151 -8499 -652
01/07 20224 -14342 -5882
02/07 38716 -21324 -17392
02/07 21447 -7213 -14234
02/07 8130 7862 -15992
02/07 -10198 26039 -15841
03/07 -19552 36323 -16771
03/07 -21316 37114 -15798
03/07 -31984 44366 -12382
03/07 -26979 40179 -13200
04/07 -56585 66675 -10090
04/07 -72011 75184 -3173
04/07 -76100 80815 -4715
04/07 -60808 63829 -3021
05/07 -59887 66123 -6236
05/07 -49854 55998 -6144
05/07 -14334 44572 -30238
05/07 -44379 53461 -9082
05/07 -32700 35244 -2544
06/07 -50122 54915 -4793
06/07 -47899 64471 -16572
06/07 -66204 67421 -1217
06/07 -72424 67164 5260
07/07 -94528 97373 -2845
07/07 -113069 113313 -244
07/07 -106387 111547 -5160
07/07 -113935 110906 3029
07/07 -121812 129615 -7803
08/07 -120199 108922 11277
08/07 -70571 66107 4464
08/07 -24712 22807 1905
08/07 -7159 7430 -271
09/07 -16448 32857 -16409
09/07 -18039 26609 -8570
09/07 -29448 39069 -9621
09/07 -29829 28081 1748
10/07 -44526 41462 3064
10/07 -49974 53370 -3396
10/07 -58443 68600 -10157
10/07 -42117 42442 -325
10/07 -59991 65712 -5721
11/07 -66973 88601 -21628
11/07 -6392 10822 -4430
11/07 -13310 34566 -21256
11/07 -39461 44561 -5100
12/07 -32365 34154 -1789
12/07 -29210 38026 -8816
12/07 -23195 29053 -5858
12/07 -46220 48362 -2142
12/07 -85696 87655 -1959
01/08 -102674 97091 5583
01/08 -95921 88858 7063
01/08 -33695 32387 1308
01/08 -22575 21345 1230
02/08 -18361 20834 -2473
02/08 -28534 31574 -3040
02/08 -48503 55198 -6695
02/08 -79798 85670 -5872
03/08 -105357 102061 3296
03/08 -99069 115145 -16076
03/08 -66978 83122 -16144
03/08 -43228 44963 -1735
04/08 -30793 37704 -6911
04/08 -42041 57168 -15127
04/08 -44610 63532 -18922
04/08 -49752 79853 -30101
04/08 -54315 70297 -15982
05/08 -32934 72043 -39109
05/08 -43715 76110 -32395
05/08 -23364 54151 -30787
05/08 -24327 39025 -14698
06/08 -22250 30870 -8620
06/08 -10966 22277 -11311
06/08 8889 5725 -14614
06/08 8255 20597 -28852
07/08 -22968 26512 -3544
07/08 -7383 14146 -6763
07/08 -16612 22382 -5770
07/08 14737 -3640 -11097
07/08 12839 -660 -12179
08/08 14892 -5550 -9342
08/08 18978 -9130 -9848
08/08 -2265 11659 -9394
08/08 -11390 20166 -8776
09/08 -2506 14331 -11825
09/08 2522 6336 -8858
09/08 -20223 19379 844
09/08 -27051 41728 -14677
09/08 -22412 40093 -17681
10/08 13164 3690 -16854
10/08 17559 -1899 -15660
10/08 10222 483 -10705
10/08 23137 -8406 -14731
11/08 34289 -10543 -23746
11/08 47478 -52984 5506
11/08 -3054 10985 -7931
11/08 -3002 2790 212
12/08 2222 2249 -4471
12/08 -12989 10807 2182
12/08 -60767 64120 -3353
12/08 -70689 72570 -1881
12/08 -64831 64548 283
01/09 -66536 76658 -10122
01/09 -52505 53294 -789
01/09 -38416 46134 -7718
01/09 -40774 51652 -10878
02/09 -26655 29276 -2621
02/09 -17025 16578 447
02/09 -35691 45016 -9325
02/09 -30544 28749 1795
03/09 3801 -532 -3269
03/09 -6904 -6015 12919
03/09 -16390 13507 2883
03/09 -22721 17637 5084
03/09 -11451 6546 4905
04/09 -19244 12493 6751
04/09 -14108 4962 9146
04/09 2585 -14605 12020
04/09 7089 308 -7397
05/09 4364 -11285 6921
05/09 -17128 3066 14062
05/09 -47973 35237 12736
05/09 -55645 40122 15523
06/09 -56721 39687 17034
06/09 -66322 47883 18439
06/09 -46341 26430 19911
06/09 -51357 39370 11987
06/09 -53431 40777 12654
07/09 -27880 15357 12523
07/09 -28470 16157 12313
07/09 -11509 2218 9291
07/09 -14208 4576 9632
08/09 -46743 34145 12598
08/09 -39778 27077 12701
08/09 -21946 22698 -752
08/09 -46309 39532 6777
09/09 -37615 28594 9021
09/09 -37720 33112 4608
09/09 -46707 45557 1150
09/09 -69806 62216 7590
09/09 -50069 42142 7927
10/09 -44287 50006 -5719
10/09 -62792 68836 -6044
10/09 -79159 74383 4776
10/09 -98743 109619 -10876
11/09 -116119 103817 12302
11/09 -111071 88045 23026
11/09 -112612 86348 26264
11/09 -105336 75493 29843
12/09 -96123 76393 19730
12/09 -87205 67817 19388
12/09 -71972 53192 18780
12/09 -84126 75262 8864
12/09 -106295 94078 12217
01/10 -126485 108835 17650
01/10 -150636 135669 14967
01/10 -152994 134381 18613
01/10 -122297 99620 22677
02/10 -95294 86027 9267
02/10 -48035 42060 5975
02/10 -66965 68436 -1471
02/10 -92868 85352 7516
03/10 -102760 91417 11343
03/10 -124030 109314 14716
03/10 -136136 124143 11993
03/10 -126316 111919 14397
03/10 -133232 117154 16078
04/10 -146015 128138 17877
04/10 -146027 113364 32663
04/10 -148126 121475 26651
04/10 -138169 109264 28905
05/10 -130846 109870 20976
05/10 -118679 92895 25784
05/10 -86629 67361 19268
05/10 -53090 40443 12647
06/10 -29634 24875 4759
06/10 -23057 17457 5600
06/10 -27938 32930 -4992
06/10 -41239 39635 1604
06/10 -41144 37120 4024
07/10 -35069 26215 8854
07/10 -28042 34645 -6603
07/10 -28747 36145 -7398
07/10 -42887 44313 -1426
08/10 -51380 55678 -4298
08/10 -64635 60336 4299
08/10 -73846 62056 11790
08/10 -49128 27323 21805
08/10 -26178 13120 13058
09/10 -25439 10489 14950
09/10 -52837 48337 4500
09/10 -59672 43900 15772
09/10 -72356 61496 10860
10/10 -122931 116026 6905
10/10 -143237 129326 13911
10/10 -118275 100830 17445
10/10 -134958 125271 9687
11/10 -144563 130108 14455
11/10 -166581 144107 22474
11/10 -198943 171991 26952
11/10 -165622 141446 24176
11/10 -172595 146894 25701
12/10 -200484 176557 23927
12/10 -191683 162785 28898
12/10 -191281 160414 30867
12/10 -198611 162550 36061
01/11 -188223 149466 38757
01/11 -203641 169085 34556
01/11 -209503 166551 42952
01/11 -186754 143317 43437
02/11 -196780 152709 44071
02/11 -221010 165508 55502
02/11 -216556 165514 51042
02/11 -258897 219022 39875
03/11 -319669 271887 47782
03/11 -317064 275582 41482
03/11 -310203 254568 55635
03/11 -303980 253728 50252
03/11 -297493 254894 42599
04/11 -289021 252151 36870
04/11 -287470 243261 44209
04/11 -295164 254031 41133
04/11 -291450 258068 33382
05/11 -283704 244326 39378
05/11 -243171 211514 31657
05/11 -231527 203079 28448
05/11 -225640 199192 26448
05/11 -219619 191137 28482
06/11 -207579 176124 31455
06/11 -197975 166371 31604
06/11 -177978 149067 28911
06/11 -156419 134554 21865
07/11 -156799 138390 18409
07/11 -171813 150895 20918
07/11 -185103 154947 30156
07/11 -191553 158767 32786
08/11 -181231 147376 33855
08/11 -165473 135718 29755
08/11 -141685 131234 10451
08/11 -150456 136340 14116
08/11 -161774 152688 9086
09/11 -174801 165142 9659
09/11 -169016 165395 3621
09/11 -166400 159965 6435
09/11 -139051 137686 1365
10/11 -114385 108164 6221
10/11 -120565 121061 -496
10/11 -132269 144371 -12102
10/11 -157391 159718 -2327
11/11 -166279 161612 4667
11/11 -172508 167042 5466
11/11 -178019 173407 4612
11/11 -177463 157346 20117
11/11 -177830 156479 21351
12/11 -183841 155804 28037
12/11 -176088 149303 26785
12/11 -156128 138042 18086
12/11 -163369 144588 18781
01/12 -172152 144468 27684
01/12 -195395 159348 36047
01/12 -203116 171226 31890
01/12 -205267 177845 27422
01/12 -201460 170699 30761
02/12 -201157 168885 32272
02/12 -231813 204752 27061
02/12 -261678 228180 33498
02/12 -291550 254559 36991
03/12 -273620 236952 36668
03/12 -278617 243174 35443
03/12 -269549 234592 34957
03/12 -263949 229452 34497
04/12 -245382 215557 29825
04/12 -225118 197582 27536
04/12 -231621 213555 18066
04/12 -232482 212386 20096
05/12 -251463 226643 24820
05/12 -204021 183960 20061
05/12 -199182 184463 14719
05/12 -189437 184071 5366
05/12 -183417 178885 4532
06/12 -153662 146837 6825
06/12 -137290 130858 6432
06/12 -127834 123908 3926
06/12 -121874 112833 9041
07/12 -133961 131583 2378
07/12 -142500 138572 3928
07/12 -166176 172779 -6603
07/12 -189865 190693 -828
07/12 -178374 174397 3977
08/12 -204212 204499 -287
08/12 -197616 193382 4234
08/12 -231708 230415 1293
08/12 -253179 249262 3917
09/12 -249252 238592 10660
09/12 -259688 248665 11023
09/12 -278613 267151 11462
09/12 -244731 231297 13434
10/12 -223785 215880 7905
10/12 -217022 213598 3424
10/12 -209383 206472 2911
10/12 -195243 186381 8862
10/12 -174849 169575 5274
11/12 -163893 165844 -1951
11/12 -182614 177767 4847
11/12 -183978 177879 6099
11/12 -185759 180034 5725
12/12 -196693 193833 2860
12/12 -176249 166339 9910
12/12 -183952 182911 1041
12/12 -192305 194707 -2402
12/12 -199693 198078 1615
01/13 -218386 214778 3608
01/13 -239616 226751 12865
01/13 -252409 246103 6306
01/13 -275731 267989 7742
02/13 -280988 266804 14184
02/13 -285663 272875 12788
02/13 -269948 257918 12030
02/13 -248280 236098 12182
03/13 -230314 235740 -5426
03/13 -225287 228195 -2908
03/13 -221853 223721 -1868
03/13 -243899 244607 -708
04/13 -256474 248850 7624
04/13 -231272 223398 7874
04/13 -206652 210703 -4051
04/13 -199187 211575 -12388
04/13 -200424 209941 -9517
05/13 -216551 220626 -4075
05/13 -234435 232590 1845
05/13 -267810 268944 -1134
05/13 -258567 257139 1428
06/13 -247418 255834 -8416
06/13 -267866 269831 -1965
06/13 -294429 298735 -4306
06/13 -274586 274474 112
07/13 -291790 289595 2195
07/13 -316184 305392 10792
07/13 -340161 329449 10712
07/13 -372415 361066 11349
07/13 -371921 362941 8980
08/13 -362824 357526 5298
08/13 -353811 350475 3336
08/13 -356272 345377 10895
08/13 -365991 345130 20861
09/13 -362382 339348 23034
09/13 -354876 334825 20051
09/13 -343977 326831 17146
09/13 -340143 320758 19385
10/13 -333673 315438 18235
10/13 -331117 315594 15523
10/13 -317385 302932 14453
10/13 -316727 299196 17531
10/13 -306482 302216 4266
11/13 -311244 299514 11730
11/13 -309918 305566 4352
11/13 -315689 313160 2529
11/13 -310298 307539 2759
12/13 -324744 320848 3896
12/13 -349723 349003 720
12/13 -349975 346700 3275
12/13 -364548 352765 11783
12/13 -369868 355289 14579
01/14 -345323 331011 14312
01/14 -337308 327351 9957
01/14 -339453 340049 -596
01/14 -353962 351146 2816
02/14 -364047 360217 3830
02/14 -389764 382334 7430
02/14 -423952 416441 7511
02/14 -433221 416438 16783
03/14 -445795 425818 19977
03/14 -430771 406832 23939
03/14 -401999 384285 17714
03/14 -409690 391174 18516
04/14 -410293 391783 18510
04/14 -422540 399787 22753
04/14 -429137 409551 19586
04/14 -432099 410125 21974
04/14 -425565 402327 23238
05/14 -404927 383093 21834
05/14 -407365 387739 19626
05/14 -429183 410208 18975
05/14 -445492 423136 22356
06/14 -441574 416585 24989
06/14 -446782 418011 28771
06/14 -487776 457156 30620
06/14 -492580 458969 33611
07/14 -481382 445840 35542
07/14 -462630 424887 37743
07/14 -426935 399603 27332
07/14 -404265 371444 32821
07/14 -402389 364739 37650
08/14 -380696 347204 33492
08/14 -354019 324066 29953
08/14 -351723 323473 28250
08/14 -340577 317727 22850
09/14 -324637 302564 22073
09/14 -318630 299982 18648
09/14 -309883 297281 12602
09/14 -314000 296052 17948
09/14 -314211 295946 18265
10/14 -313904 293683 20221
10/14 -293400 278780 14620
10/14 -287254 280101 7153
10/14 -278207 267304 10903
11/14 -279453 268532 10921
11/14 -289401 276832 12569
11/14 -274783 255363 19420
11/14 -270058 253001 17057
12/14 -269946 264996 4950
12/14 -267832 261776 6056
12/14 -298439 284079 14360
12/14 -289407 281649 7758
12/14 -280577 272484 8093
01/15 -279878 268800 11078
01/15 -283787 275480 8307
01/15 -286251 281269 4982
01/15 -286635 274271 12364
02/15 -273592 272196 1396
02/15 -274019 271527 2492
02/15 -296632 299390 -2758
02/15 -280334 269837 10497
03/15 -270400 262289 8111
03/15 -263480 260659 2821
03/15 -251134 243488 7646
03/15 -201705 206887 -5182
03/15 -226346 226695 -349
04/15 -243828 252043 -8215
04/15 -279495 282160 -2665
04/15 -324844 323092 1752
04/15 -320617 314844 5773
05/15 -328510 325706 2804
05/15 -322106 320212 1894
05/15 -350540 343431 7109
05/15 -346218 347991 -1773
06/15 -339955 339518 437
06/15 -325134 325855 -721
06/15 -330886 327133 3753
06/15 -334959 327433 7526
06/15 -331671 328179 3492
07/15 -290876 296160 -5284
07/15 -256902 264387 -7485
07/15 -257138 253683 3455
07/15 -243608 243419 189
08/15 -242288 247093 -4805
08/15 -232425 225843 6582
08/15 -213829 210564 3265
08/15 -216849 215563 1286
09/15 -219070 220342 -1272
09/15 -226406 231430 -5024
09/15 -238958 239386 -428
09/15 -249771 259429 -9658
09/15 -249749 251728 -1979
10/15 -253213 258261 -5048
10/15 -274867 264992 9875
10/15 -263366 251151 12215
10/15 -241583 236575 5008
11/15 -244372 246191 -1819
11/15 -246072 238322 7750
11/15 -236821 228555 8266
11/15 -213473 212025 1448
12/15 -212872 208478 4394
12/15 -204823 197874 6949
12/15 -208139 210511 -2372
12/15 -196681 192912 3769
12/15 -192616 196351 -3735
01/16 -188565 184177 4388
01/16 -178240 163504 14736
01/16 -191047 179372 11675
01/16 -209050 205710 3340
02/16 -205786 196873 8913
02/16 -200886 187877 13009
02/16 -168995 158987 10008
02/16 -213229 205856 7373
03/16 -212878 212518 360
03/16 -241089 244252 -3163
03/16 -267737 269856 -2119
03/16 -296929 307977 -11048
03/16 -305050 305511 -461
04/16 -287827 290130 -2303
04/16 -279234 289161 -9927
04/16 -325778 334175 -8397
04/16 -325075 334265 -9190
05/16 -315207 318544 -3337
05/16 -291621 291960 -339
05/16 -351429 368769 -17340
05/16 -341742 348142 -6400
05/16 -339362 347002 -7640
06/16 -320162 325182 -5020
06/16 -317532 312585 4947
06/16 -317581 318595 -1014
06/16 -307784 304239 3545
07/16 -305037 299672 5365
07/16 -293352 294795 -1443
07/16 -296002 289581 6421
07/16 -284341 273299 11042
08/16 -279702 267192 12510
08/16 -258207 258250 -43
08/16 -292429 307500 -15071
08/16 -343548 353744 -10196
08/16 -336564 341288 -4724
09/16 -288667 285795 2872
09/16 -308955 313302 -4347
09/16 -285831 278873 6958
09/16 -296867 291646 5221
10/16 -356221 362976 -6755
10/16 -409331 413650 -4319
10/16 -408739 407995 744
10/16 -414501 403586 10915
11/16 -375009 354399 20610
11/16 -299568 277539 22029
11/16 -277574 276326 1248
11/16 -281929 276320 5609
11/16 -304685 287881 16804
12/16 -399361 377626 21735
12/16 -447841 422767 25074
12/16 -454097 436661 17436
12/16 -459370 444932 14438
01/17 -466764 440074 26690
01/17 -465400 433562 31838
01/17 -482371 464678 17693
01/17 -497940 482523 15417
01/17 -509138 492692 16446
02/17 -504483 476990 27493
02/17 -526417 508456 17961
02/17 -571785 556607 15178
02/17 -546016 525254 20762
03/17 -535499 508525 26974
03/17 -447406 433800 13606
03/17 -433437 418517 14920
03/17 -410089 398080 12009
04/17 -405772 408382 -2610
04/17 -429398 437043 -7645
04/17 -445250 443883 1367
04/17 -433625 411822 21803
05/17 -409860 373144 36716
05/17 -339794 328751 11043
05/17 -333507 328952 4555
05/17 -368551 372989 -4438
05/17 -377765 373755 4010
06/17 -390819 382469 8350
06/17 -376005 358999 17006
06/17 -359714 328764 30950
06/17 -346338 327188 19150
07/17 -338146 341047 -2901
07/17 -361371 358025 3346
07/17 -398320 396459 1861
07/17 -422066 423338 -1272
08/17 -485135 486765 -1630
08/17 -476742 480629 -3887
08/17 -473499 463473 10026
08/17 -455866 445448 10418
08/17 -381180 365865 15315
09/17 -388729 382113 6616
09/17 -379315 374480 4835
09/17 -419937 418074 1863
09/17 -459325 454108 5217
10/17 -452216 444316 7900
10/17 -420170 417061 3109
10/17 -431518 429525 1993
10/17 -449589 446827 2762
10/17 -502874 502949 -75
11/17 -551407 545206 6201
11/17 -614084 596466 17618
11/17 -583798 577078 6720
11/17 -621796 609833 11963
12/17 -623260 611128 12132
12/17 -629330 614497 14833
12/17 -619991 601839 18152
12/17 -644269 632161 12108
01/18 -648114 624213 23901
01/18 -674098 657590 16508
01/18 -731714 707787 23927
01/18 -738974 716695 22279
01/18 -764797 734558 30239
02/18 -761424 739097 22327
02/18 -735913 712261 23652
02/18 -716088 689366 26722
02/18 -729989 704104 25885
03/18 -714548 686507 28041
03/18 -697364 668533 28831
03/18 -723876 703708 20168
03/18 -738031 715770 22261
04/18 -724564 699545 25019
04/18 -727676 707080 20596
04/18 -743993 728131 15862
04/18 -738343 712423 25920
05/18 -719906 690727 29179
05/18 -698340 679928 18412
05/18 -674375 644444 29931
05/18 -665502 633386 32116
05/18 -652629 607828 44801
06/18 -633286 583576 49710
06/18 -640748 595293 45455
06/18 -620073 580947 39126
06/18 -655458 625091 30367
07/18 -683926 656720 27206
07/18 -687081 654465 32616
07/18 -671223 631294 39929
07/18 -651656 610471 41185
07/18 -651597 613400 38197
08/18 -652348 608927 43421
08/18 -618747 573428 45319
08/18 -578844 538785 40059
08/18 -585826 550313 35513
09/18 -599527 565730 33797
09/18 -575809 543845 31964
09/18 -567938 530366 37572
09/18 -596190 560085 36105
10/18 -583629 548909 34720
10/18 -568656 528051 40605
10/18 -537187 493229 43958
10/18 -502815 455278 47537
10/18 -467071 432638 34433
11/18 -446611 403783 42828
11/18 -419527 381198 38329
11/18 -396390 367187 29203
11/18 -373215 348121 25094
12/18 -348524 330146 18378
12/18 -330952 309506 21446
12/18 -334285 309608 24677
12/18 -321997 306312 15685
12/18 -309531 298713 10818
01/19 -275275 277211 -1936
01/19 -309424 306925 2499
01/19 -334993 334859 134
01/19 -342855 340911 1944
02/19 -332122 321609 10513
02/19 -298928 288214 10714
02/19 -322423 313967 8456
02/19 -337620 327671 9949
03/19 -357575 348801 8774
03/19 -369503 362265 7238
03/19 -426847 414746 12101
03/19 -455418 448619 6799
04/19 -487273 481361 5912
04/19 -535482 516662 18820
04/19 -529990 515258 14732
04/19 -570469 547359 23110
04/19 -549163 524103 25060
05/19 -521579 494336 27243
05/19 -508879 487808 21071
05/19 -501886 478398 23488
05/19 -449077 438938 10139
06/19 -411548 400168 11380
06/19 -358619 351655 6964
06/19 -362669 363087 -418
06/19 -374908 378803 -3895
07/19 -398231 392810 5421
07/19 -392967 390149 2818
07/19 -431546 423762 7784
07/19 -397488 397851 -363
07/19 -387067 387291 -224
08/19 -374089 375641 -1552
08/19 -371534 382144 -10610
08/19 -405813 414635 -8822
08/19 -382445 391650 -9205
09/19 -382119 384157 -2038
09/19 -424188 428205 -4017
09/19 -440283 427105 13178
09/19 -440254 424162 16092
10/19 -401977 389319 12658
10/19 -363509 355085 8424
10/19 -364457 356884 7573
10/19 -366970 366172 798
10/19 -384177 383347 830
11/19 -405946 406140 -194
11/19 -424751 424597 154
11/19 -441144 429975 11169
11/19 -474776 470936 3840
12/19 -437710 428035 9675
12/19 -501989 495539 6450
12/19 -541963 536377 5586
12/19 -558869 550077 8792
12/19 -567635 554857 12778
01/20 -597925 567272 30653
01/20 -564332 530312 34020
01/20 -549476 520568 28908
01/20 -486135 461762 24373
02/20 -425126 397374 27752
02/20 -412607 396769 15838
02/20 -420210 411764 8446
02/20 -439803 431466 8337
03/20 -390170 388369 1801
03/20 -396382 387397 8985
03/20 -456598 440237 16361
03/20 -466893 436013 30880
03/20 -479394 435108 44286
04/20 -525047 484895 40152
04/20 -554829 510669 44160
04/20 -592582 587180 5402
04/20 -590285 589388 897
05/20 -536898 530612 6286
05/20 -557971 541019 16952
05/20 -574955 543603 31352
05/20 -571140 542574 28566
06/20 -600014 568330 31684
06/20 -608563 567909 40654
06/20 -580309 546272 34037
06/20 -595878 560883 34995
06/20 -570385 543826 26559
07/20 -562326 535317 27009
07/20 -560793 539751 21042
07/20 -578656 548876 29780
07/20 -564457 532569 31888
08/20 -567061 536266 30795
08/20 -556797 520935 35862
08/20 -547747 510695 37052
08/20 -536969 500699 36270
09/20 -527236 490915 36321
09/20 -480182 449366 30816
09/20 -474847 449744 25103
09/20 -492699 472769 19930
09/20 -481202 461911 19291
10/20 -488364 471536 16828
10/20 -496915 472797 24118
10/20 -511117 490348 20769
10/20 -498804 472090 26714
11/20 -467558 442460 25098
11/20 -485493 463538 21955
11/20 -504036 480811 23225
11/20 -555786 522639 33147
12/20 -559995 517165 42830
12/20 -556475 514629 41846
12/20 -551938 513804 38134
12/20 -570577 525702 44875
12/20 -551950 511731 40219
01/21 -561851 518649 43202
01/21 -576924 527717 49207
01/21 -557701 508584 49117
01/21 -551051 504612 46439
02/21 -548207 499174 49033
02/21 -571032 514258 56774
02/21 -574784 514713 60071
02/21 -569824 511840 57984
03/21 -577836 519019 58817
03/21 -594631 537438 57193
03/21 -579200 525442 53758
03/21 -577756 523055 54701
03/21 -579193 531310 47883
04/21 -563474 511725 51749
04/21 -544688 492678 52010
04/21 -548874 499983 48891
04/21 -542141 489711 52430
05/21 -556470 500013 56457
05/21 -556851 496561 60290
05/21 -532529 475947 56582
05/21 -524540 475490 49050
06/21 -546592 491297 55295
06/21 -560953 510499 50454
06/21 -571900 523956 47944
06/21 -574438 526161 48277
06/21 -576084 522490 53594
07/21 -551362 497351 54011
07/21 -547555 499096 48459
07/21 -500536 448740 51796
07/21 -487889 449764 38125
08/21 -474358 430527 43831
08/21 -446519 400413 46106
08/21 -447254 404323 42931
08/21 -408022 374312 33710
08/21 -394313 356528 37785
09/21 -391251 349158 42093
09/21 -397188 355064 42124
09/21 -396180 355978 40202
09/21 -418880 373814 45066
10/21 -443259 398307 44952
10/21 -453684 404776 48908
10/21 -473181 429594 43587
10/21 -472412 423718 48694
11/21 -461516 419293 42223
11/21 -461964 421312 40652
11/21 -470324 415785 54539
11/21 -454965 407657 47308
11/21 -432885 387234 45651
12/21 -400431 367232 33199
12/21 -385527 347137 38390
12/21 -375816 340255 35561
12/21 -373092 338429 34663
01/22 -369956 332825 37131
01/22 -396940 360505 36435
01/22 -427052 385781 41271
01/22 -420646 373415 47231
02/22 -414658 368904 45754
